0 0 1.61036e-09
0 0 6.35312e-08
0 0 3.09627e-07
0 0 7.73344e-07
0 0 1.42081e-06
0 0 2.28308e-06
0 0 3.42544e-06
0 0 4.94479e-06
0 0 6.97751e-06
0 0 9.71417e-06
0 0 1.34215e-05
0 0 1.84735e-05
0 0 2.53963e-05
0 0 3.49301e-05
0 0 4.81179e-05
0 0 6.64296e-05
0 0 9.19362e-05
0 0 0.000127552
0 0 0.00017737
0 0 0.000247127
0 0 0.000344835
0 0 0.000481646
0 0 0.000672984
0 0 0.00094005
0 0 0.00129859
0 0 0.0017624
0 0 0.00234261
0 0 0.00301728
0 0 0.00380175
0 0 0.00469909
0 0 0.00570822
0 0 0.00679735
0 0 0.00801313
0 0 0.00930522
0 0 0.0106562
0 0 0.0120613
0 0 0.0135164
0 0 0.0150184
0 0 0.0165645
0 0 0.0181527
0 0 0.0197816
0 0 0.02145
0 0 0.0223901
0 0 0.0235084
0 0 0.0248097
0 0 0.0263049
0 0 0.0268189
0 0 0.0274396
0 0 0.02819
0 0 0.0290983
0 0 0.0301977
0 0 0.0314908
0 0 0.0329576
0 0 0.0341122
0 0 0.0352162
0 0 0.0364554
0 0 0.0378564
0 0 0.038291
0 0 0.0388142
0 0 0.0394445
0 0 0.0402002
0 0 0.0411023
0 0 0.0421518
0 0 0.0433411
0 0 0.0445701
0 0 0.0458367
0 0 0.0470423
0 0 0.0483966
0 0 0.0497128
0 0 0.0510893
0 0 0.0525085
0 0 0.0529384
0 0 0.0534179
0 0 0.0539523
0 0 0.0545679
0 0 0.0553074
0 0 0.0561959
0 0 0.0572635
0 0 0.0585156
0 0 0.0599568
0 0 0.0615872
0 0 0.0634037
0 0 0.0652494
0 0 0.0656094
0 0 0.066034
0 0 0.0665246
0 0 0.067113
0 0 0.0678188
0 0 0.0686657
0 0 0.0696614
0 0 0.070804
0 0 0.0720944
0 0 0.0735339
0 0 0.0743252
0 0 0.0750937
0 0 0.0758882
0 0 0.0767582
0 0 0.0777298
0 0 0.0782418
0 0 0.078818
0 0 0.0794872
0 0 0.0802452
0 0 0.0810975
0 0 0.0820597
0 0 0.0825599
0 0 0.08316
0 0 0.0838789
0 0 0.0847138
0 0 0.0856611
0 0 0.0862634
0 0 0.086976
0 0 0.0877977
0 0 0.0887278
0 0 0.0890922
0 0 0.0895211
0 0 0.0900278
0 0 0.0906282
0 0 0.0913197
0 0 0.0920936
0 0 0.0929361
0 0 0.0938337
0 0 0.0947027
0 0 0.0955413
0 0 0.0963502
0 0 0.0971247
0 0 0.0978696
0 0 0.0985928
0 0 0.0993024
0 0 0.100002
0 0 0.100696
0 0 0.101168
0 0 0.101646
0 0 0.101899
0 0 0.102189
0 0 0.102504
0 0 0.102848
0 0 0.103227
0 0 0.103644
0 0 0.104104
0 0 0.104613
0 0 0.105175
0 0 0.105749
0 0 0.106331
0 0 0.106924
0 0 0.107531
0 0 0.108159
0 0 0.108811
0 0 0.10949
0 0 0.1102
0 0 0.110945
0 0 0.111725
0 0 0.112539
0 0 0.113377
0 0 0.114229
0 0 0.115071
0 0 0.115884
0 0 0.116671
0 0 0.117446
0 0 0.118209
0 0 0.118966
0 0 0.11971
0 0 0.120447
0 0 0.121176
0 0 0.121898
0 0 0.12262
0 0 0.123345
0 0 0.124074
0 0 0.124808
0 0 0.125548
0 0 0.126294
0 0 0.127049
0 0 0.127815
0 0 0.128592
0 0 0.12938
0 0 0.130177
0 0 0.130982
0 0 0.131789
0 0 0.132596
0 0 0.133398
0 0 0.134194
0 0 0.134987
0 0 0.13578
0 0 0.136572
0 0 0.137354
0 0 0.138125
0 0 0.138891
0 0 0.139647
0 0 0.140387
0 0 0.141108
0 0 0.141812
0 0 0.142503
0 0 0.143181
0 0 0.143845
0 0 0.144499
0 0 0.145143
0 0 0.145779
0 0 0.146405
0 0 0.147022
0 0 0.147629
0 0 0.148224
0 0 0.148807
0 0 0.149374
0 0 0.149925
0 0 0.15046
0 0 0.150981
0 0 0.151489
0 0 0.151986
0 0 0.152473
0 0 0.152952
0 0 0.153422
0 0 0.153885
0 0 0.154342
0 0 0.154794
0 0 0.15524
0 0 0.155681
0 0 0.156117
0 0 0.156546
0 0 0.156969
0 0 0.157385
0 0 0.157795
0 0 0.158197
0 0 0.158592
0 0 0.158979
0 0 0.159359
0 0 0.15973
0 0 0.160089
0 0 0.160428
0 0 0.160749
0 0 0.161054
0 0 0.161344
0 0 0.161622
0 0 0.16189
0 0 0.162147
0 0 0.162397
0 0 0.162638
0 0 0.162872
0 0 0.163099
0 0 0.16332
0 0 0.163535
0 0 0.163745
0 0 0.163949
0 0 0.164147
0 0 0.16434
0 0 0.164528
0 0 0.164712
0 0 0.164891
0 0 0.165065
0 0 0.165236
0 0 0.165402
0 0 0.165565
0 0 0.165724
0 0 0.165879
0 0 0.166032
0 0 0.166181
0 0 0.166327
0 0 0.166469
0 0 0.16661
0 0 0.166747
0 0 0.166882
0 0 0.167014
0 0 0.167144
0 0 0.167272
0 0 0.167397
0 0 0.16752
0 0 0.167642
0 0 0.167761
0 0 0.167878
0 0 0.167994
0 0 0.168108
0 0 0.16822
0 0 0.168331
0 0 0.168441
0 0 0.168548
0 0 0.168655
0 0 0.16876
0 0 0.168864
0 0 0.168966
0 0 0.169068
0 0 0.169168
0 0 0.169267
0 0 0.169365
0 0 0.169462
0 0 0.169558
0 0 0.169654
0 0 0.169748
0 0 0.169841
0 0 0.169934
0 0 0.170025
0 0 0.170116
0 0 0.170206
0 0 0.170295
0 0 0.170383
0 0 0.17047
0 0 0.170556
0 0 0.170641
0 0 0.170726
0 0 0.17081
0 0 0.170893
0 0 0.170976
0 0 0.171058
0 0 0.171139
0 0 0.171219
0 0 0.171296
0 0 0.171368
0 0 0.171435
0 0 0.171496
0 0 0.171552
0 0 0.171604
0 0 0.171653
0 0 0.1717
0 0 0.171745
0 0 0.17179
0 0 0.171834
0 0 0.171878
0 0 0.171921
0 0 0.171965
0 0 0.172008
0 0 0.172052
0 0 0.172096
0 0 0.17214
0 0 0.172184
0 0 0.172229
0 0 0.172275
0 0 0.172323
0 0 0.172372
0 0 0.172421
0 0 0.172471
0 0 0.17252
0 0 0.172567
0 0 0.172612
0 0 0.172657
0 0 0.1727
0 0 0.172743
0 0 0.172785
0 0 0.172827
0 0 0.172868
0 0 0.172909
0 0 0.17295
0 0 0.17299
0 0 0.17303
0 0 0.173068
0 0 0.173106
0 0 0.173142
0 0 0.173178
0 0 0.173213
0 0 0.173247
0 0 0.173279
0 0 0.17331
0 0 0.173339
0 0 0.173367
0 0 0.173394
0 0 0.173419
0 0 0.173443
0 0 0.173467
0 0 0.17349
0 0 0.173512
0 0 0.173535
0 0 0.173556
0 0 0.173578
0 0 0.173599
0 0 0.173619
0 0 0.17364
0 0 0.17366
0 0 0.173681
0 0 0.1737
0 0 0.17372
0 0 0.173739
0 0 0.173758
0 0 0.173776
0 0 0.173793
0 0 0.17381
0 0 0.173826
0 0 0.173842
0 0 0.173857
0 0 0.173871
0 0 0.173885
0 0 0.173898
0 0 0.17391
0 0 0.173922
0 0 0.173934
0 0 0.173944
0 0 0.173954
0 0 0.173964
0 0 0.173973
0 0 0.173981
0 0 0.173989
0 0 0.173996
0 0 0.174002
0 0 0.174008
0 0 0.174013
0 0 0.174018
0 0 0.174021
0 0 0.174025
0 0 0.174027
0 0 0.174029
0 0 0.174031
0 0 0.174032
0 0 0.174032
0 0 0.174032
0 0 0.174031
0 0 0.17403
0 0 0.174028
0 0 0.174026
0 0 0.174024
0 0 0.174021
0 0 0.174018
0 0 0.174015
0 0 0.174011
0 0 0.174007
0 0 0.174003
0 0 0.173999
0 0 0.173994
0 0 0.17399
0 0 0.173985
0 0 0.173981
0 0 0.173977
0 0 0.173974
0 0 0.17397
0 0 0.173967
0 0 0.173963
0 0 0.17396
0 0 0.173957
0 0 0.173954
0 0 0.173952
0 0 0.17395
0 0 0.173948
0 0 0.173947
0 0 0.173947
0 0 0.173948
0 0 0.173949
0 0 0.173951
0 0 0.173955
0 0 0.173959
0 0 0.173964
0 0 0.173971
0 0 0.173979
0 0 0.173988
0 0 0.173998
0 0 0.174011
0 0 0.174025
0 0 0.174041
0 0 0.174058
0 0 0.174078
0 0 0.1741
0 0 0.174124
0 0 0.17415
0 0 0.174179
0 0 0.17421
0 0 0.174245
0 0 0.174282
0 0 0.174321
0 0 0.174365
0 0 0.174411
0 0 0.17446
0 0 0.174512
0 0 0.174567
0 0 0.174625
0 0 0.174685
0 0 0.174748
0 0 0.174813
0 0 0.174882
0 0 0.174953
0 0 0.175027
0 0 0.175104
0 0 0.175183
0 0 0.175266
0 0 0.175351
0 0 0.175439
0 0 0.175529
0 0 0.175623
0 0 0.175719
0 0 0.175818
0 0 0.17592
0 0 0.176025
0 0 0.176132
0 0 0.176243
0 0 0.176356
0 0 0.176472
0 0 0.176591
0 0 0.176713
0 0 0.176838
0 0 0.176966
0 0 0.177097
0 0 0.177231
0 0 0.177369
0 0 0.177509
0 0 0.177653
0 0 0.1778
0 0 0.17795
0 0 0.178104
0 0 0.178261
0 0 0.178422
0 0 0.178586
0 0 0.178754
0 0 0.178925
0 0 0.179101
0 0 0.179279
0 0 0.179462
0 0 0.179648
0 0 0.179837
0 0 0.18003
0 0 0.180226
0 0 0.180425
0 0 0.180628
0 0 0.180833
0 0 0.181042
0 0 0.181253
0 0 0.181468
0 0 0.181685
0 0 0.181905
0 0 0.182127
0 0 0.182351
0 0 0.182578
0 0 0.182806
0 0 0.183037
0 0 0.18327
0 0 0.183505
0 0 0.183742
0 0 0.183981
0 0 0.184219
0 0 0.184452
0 0 0.184684
0 0 0.184914
0 0 0.185143
0 0 0.185372
0 0 0.185602
0 0 0.185835
0 0 0.186073
0 0 0.186318
0 0 0.186573
0 0 0.186837
0 0 0.187108
0 0 0.187379
0 0 0.18765
0 0 0.18792
0 0 0.18819
0 0 0.18846
0 0 0.18873
0 0 0.189001
0 0 0.189271
0 0 0.189541
0 0 0.189812
0 0 0.190083
0 0 0.190354
0 0 0.190624
0 0 0.190895
0 0 0.191166
0 0 0.191437
0 0 0.191708
0 0 0.191979
0 0 0.192249
0 0 0.19252
0 0 0.192791
0 0 0.193061
0 0 0.193331
0 0 0.193601
0 0 0.19387
0 0 0.194139
0 0 0.194407
0 0 0.194675
0 0 0.194942
0 0 0.195209
0 0 0.195476
0 0 0.195742
0 0 0.196008
0 0 0.196274
0 0 0.19654
0 0 0.196806
0 0 0.197072
0 0 0.197338
0 0 0.197604
0 0 0.197871
0 0 0.198138
0 0 0.198405
0 0 0.198674
0 0 0.198942
0 0 0.199212
0 0 0.199482
0 0 0.199753
0 0 0.200024
0 0 0.200296
0 0 0.200569
0 0 0.200843
0 0 0.201118
0 0 0.201393
0 0 0.201668
0 0 0.201945
0 0 0.202221
0 0 0.202499
0 0 0.202777
0 0 0.203055
0 0 0.203334
0 0 0.203613
0 0 0.203893
0 0 0.204173
0 0 0.204453
0 0 0.204733
0 0 0.205014
0 0 0.205295
0 0 0.205576
0 0 0.205857
0 0 0.206138
0 0 0.206419
0 0 0.2067
0 0 0.206981
0 0 0.207262
0 0 0.207542
0 0 0.207822
0 0 0.208102
0 0 0.208381
0 0 0.20866
0 0 0.208938
0 0 0.209215
0 0 0.209492
0 0 0.209768
0 0 0.210044
0 0 0.21032
0 0 0.210595
0 0 0.210871
0 0 0.211145
0 0 0.21142
0 0 0.211695
0 0 0.21197
0 0 0.212245
0 0 0.21252
0 0 0.212795
0 0 0.213071
0 0 0.213346
0 0 0.213622
0 0 0.213898
0 0 0.214174
0 0 0.21445
0 0 0.214727
0 0 0.215003
0 0 0.215279
0 0 0.215555
0 0 0.21583
0 0 0.216106
0 0 0.21638
0 0 0.216655
0 0 0.216928
0 0 0.217201
0 0 0.217472
0 0 0.217743
0 0 0.218013
0 0 0.218281
0 0 0.218548
0 0 0.218815
0 0 0.21908
0 0 0.219345
0 0 0.219609
0 0 0.219872
0 0 0.220135
0 0 0.220397
0 0 0.220659
0 0 0.22092
0 0 0.221181
0 0 0.221441
0 0 0.2217
0 0 0.221959
0 0 0.222217
0 0 0.222475
0 0 0.222732
0 0 0.222988
0 0 0.223244
0 0 0.223499
0 0 0.223753
0 0 0.224007
0 0 0.22426
0 0 0.224511
0 0 0.224763
0 0 0.225013
0 0 0.225262
0 0 0.225511
0 0 0.225759
0 0 0.226007
0 0 0.226253
0 0 0.226499
0 0 0.226744
0 0 0.226989
0 0 0.227233
0 0 0.227476
0 0 0.227718
0 0 0.22796
0 0 0.2282
0 0 0.22844
0 0 0.228679
0 0 0.228916
0 0 0.229152
0 0 0.229388
0 0 0.229622
0 0 0.229855
0 0 0.230086
0 0 0.230316
0 0 0.230545
0 0 0.230773
0 0 0.231
0 0 0.231225
0 0 0.231449
0 0 0.231672
0 0 0.231894
0 0 0.232115
0 0 0.232334
0 0 0.232552
0 0 0.232769
0 0 0.232984
0 0 0.233198
0 0 0.23341
0 0 0.233621
0 0 0.233831
0 0 0.23404
0 0 0.234247
0 0 0.234453
0 0 0.234658
0 0 0.234862
0 0 0.235064
0 0 0.235265
0 0 0.235465
0 0 0.235663
0 0 0.235861
0 0 0.236057
0 0 0.236252
0 0 0.236447
0 0 0.23664
0 0 0.236833
0 0 0.237025
0 0 0.237216
0 0 0.237406
0 0 0.237595
0 0 0.237784
0 0 0.237971
0 0 0.238158
0 0 0.238345
0 0 0.23853
0 0 0.238715
0 0 0.238899
0 0 0.239082
0 0 0.239265
0 0 0.239447
0 0 0.239629
0 0 0.239809
0 0 0.23999
0 0 0.240169
0 0 0.240348
0 0 0.240527
0 0 0.240705
0 0 0.240882
0 0 0.241058
0 0 0.241234
0 0 0.241409
0 0 0.241583
0 0 0.241757
0 0 0.24193
0 0 0.242101
0 0 0.242272
0 0 0.242443
0 0 0.242612
0 0 0.24278
0 0 0.242947
0 0 0.243114
0 0 0.24328
0 0 0.243445
0 0 0.243609
0 0 0.243773
0 0 0.243936
0 0 0.244098
0 0 0.24426
0 0 0.244421
0 0 0.244581
0 0 0.244741
0 0 0.2449
0 0 0.245059
0 0 0.245217
0 0 0.245374
0 0 0.245531
0 0 0.245687
0 0 0.245842
0 0 0.245997
0 0 0.246151
0 0 0.246304
0 0 0.246457
0 0 0.246608
0 0 0.246759
0 0 0.24691
0 0 0.247059
0 0 0.247208
0 0 0.247356
0 0 0.247503
0 0 0.247649
0 0 0.247795
0 0 0.24794
0 0 0.248084
0 0 0.248228
0 0 0.248371
0 0 0.248513
0 0 0.248655
0 0 0.248796
0 0 0.248933
0 0 0.249068
0 0 0.2492
0 0 0.249329
0 0 0.249456
0 0 0.249581
0 0 0.249704
0 0 0.249826
0 0 0.249946
0 0 0.250065
0 0 0.250182
0 0 0.250299
0 0 0.250414
0 0 0.250529
0 0 0.250642
0 0 0.250755
0 0 0.250867
0 0 0.250979
0 0 0.251089
0 0 0.251199
0 0 0.251308
0 0 0.251416
0 0 0.251524
0 0 0.251631
0 0 0.251737
0 0 0.251842
0 0 0.251947
0 0 0.252051
0 0 0.252154
0 0 0.252256
0 0 0.252358
0 0 0.252458
0 0 0.252558
0 0 0.252657
0 0 0.252755
0 0 0.252852
0 0 0.252948
0 0 0.253044
0 0 0.253138
0 0 0.253232
0 0 0.253324
0 0 0.253416
0 0 0.253506
0 0 0.253596
0 0 0.253684
0 0 0.253772
0 0 0.253858
0 0 0.253943
0 0 0.254027
0 0 0.25411
0 0 0.254192
0 0 0.254272
0 0 0.254351
0 0 0.25443
0 0 0.254507
0 0 0.254583
0 0 0.254659
0 0 0.254733
0 0 0.254807
0 0 0.254881
0 0 0.254953
0 0 0.255025
0 0 0.255095
0 0 0.255165
0 0 0.255235
0 0 0.255303
0 0 0.25537
0 0 0.255436
0 0 0.255501
0 0 0.255564
0 0 0.255627
0 0 0.255688
0 0 0.255749
0 0 0.255808
0 0 0.255866
0 0 0.255922
0 0 0.255978
0 0 0.256032
0 0 0.256085
0 0 0.256137
0 0 0.256188
0 0 0.256238
0 0 0.256287
0 0 0.256335
0 0 0.256382
0 0 0.256428
0 0 0.256472
0 0 0.256516
0 0 0.256559
0 0 0.2566
0 0 0.25664
0 0 0.256678
0 0 0.256715
0 0 0.256751
0 0 0.256786
0 0 0.256819
0 0 0.256851
0 0 0.256882
0 0 0.256912
0 0 0.25694
0 0 0.256967
0 0 0.256993
0 0 0.257017
0 0 0.257041
0 0 0.257063
0 0 0.257084
0 0 0.257104
0 0 0.257123
0 0 0.257141
0 0 0.257157
0 0 0.257173
0 0 0.257187
0 0 0.257199
0 0 0.257211
0 0 0.257221
0 0 0.257231
0 0 0.257238
0 0 0.257245
0 0 0.257251
0 0 0.257255
0 0 0.257258
0 0 0.25726
0 0 0.257261
0 0 0.25726
0 0 0.257258
0 0 0.257255
0 0 0.257251
0 0 0.257246
0 0 0.25724
0 0 0.257232
0 0 0.257223
0 0 0.257213
0 0 0.257202
0 0 0.257189
0 0 0.257176
0 0 0.257161
0 0 0.257145
0 0 0.257128
0 0 0.257109
0 0 0.25709
0 0 0.257069
0 0 0.257047
0 0 0.257024
0 0 0.257
0 0 0.256975
0 0 0.256948
0 0 0.25692
0 0 0.256891
0 0 0.256861
0 0 0.25683
0 0 0.256797
0 0 0.256764
0 0 0.256729
0 0 0.256693
0 0 0.256657
0 0 0.256619
0 0 0.25658
0 0 0.256539
0 0 0.256498
0 0 0.256455
0 0 0.256412
0 0 0.256367
0 0 0.256321
0 0 0.256274
0 0 0.256226
0 0 0.256177
0 0 0.256126
0 0 0.256075
0 0 0.256022
0 0 0.255968
0 0 0.255914
0 0 0.255858
0 0 0.255801
0 0 0.255743
0 0 0.255684
0 0 0.255624
0 0 0.255563
0 0 0.255501
0 0 0.255438
0 0 0.255374
0 0 0.255309
0 0 0.255242
0 0 0.255175
0 0 0.255107
0 0 0.255038
0 0 0.254968
0 0 0.254897
0 0 0.254825
0 0 0.254751
0 0 0.254677
0 0 0.254602
0 0 0.254526
0 0 0.254449
0 0 0.254371
0 0 0.254293
0 0 0.254213
0 0 0.254132
0 0 0.254051
0 0 0.253968
0 0 0.253885
0 0 0.253801
0 0 0.253717
0 0 0.253631
0 0 0.253545
0 0 0.253458
0 0 0.253371
0 0 0.253282
0 0 0.253193
0 0 0.253103
0 0 0.253013
0 0 0.252921
0 0 0.252829
0 0 0.252737
0 0 0.252644
0 0 0.25255
0 0 0.252455
0 0 0.25236
0 0 0.252265
0 0 0.252169
0 0 0.252072
0 0 0.251975
0 0 0.251877
0 0 0.251779
0 0 0.251681
0 0 0.251581
0 0 0.251482
0 0 0.251381
0 0 0.25128
0 0 0.251179
0 0 0.251077
0 0 0.250975
0 0 0.250872
0 0 0.250768
0 0 0.250665
0 0 0.25056
0 0 0.250456
0 0 0.250351
0 0 0.250246
0 0 0.25014
0 0 0.250034
0 0 0.249928
0 0 0.249821
0 0 0.249714
0 0 0.249607
0 0 0.249499
0 0 0.249391
0 0 0.249282
0 0 0.249173
0 0 0.249064
0 0 0.248954
0 0 0.248844
0 0 0.248734
0 0 0.248623
0 0 0.248512
0 0 0.2484
0 0 0.248289
0 0 0.248177
0 0 0.248064
0 0 0.247951
0 0 0.247838
0 0 0.247725
0 0 0.247611
0 0 0.247498
0 0 0.247384
0 0 0.24727
0 0 0.247155
0 0 0.247041
0 0 0.246927
0 0 0.246812
0 0 0.246698
0 0 0.246583
0 0 0.246468
0 0 0.246353
0 0 0.246238
0 0 0.246122
0 0 0.246005
0 0 0.245889
0 0 0.245772
0 0 0.245654
0 0 0.245537
0 0 0.245419
0 0 0.245301
0 0 0.245183
0 0 0.245065
0 0 0.244947
0 0 0.244829
0 0 0.244711
0 0 0.244594
0 0 0.244476
0 0 0.244359
0 0 0.244241
0 0 0.244124
0 0 0.244006
0 0 0.243887
0 0 0.243769
0 0 0.24365
0 0 0.243531
0 0 0.243412
0 0 0.243292
0 0 0.243172
0 0 0.243052
0 0 0.242932
0 0 0.242812
0 0 0.242692
0 0 0.242571
0 0 0.242451
0 0 0.242331
0 0 0.242211
0 0 0.242091
0 0 0.241971
0 0 0.241852
0 0 0.241732
0 0 0.241613
0 0 0.241493
0 0 0.241374
0 0 0.241256
0 0 0.241137
0 0 0.241017
0 0 0.240898
0 0 0.240777
0 0 0.240656
0 0 0.240533
0 0 0.240409
0 0 0.240283
0 0 0.240157
0 0 0.24003
0 0 0.239903
0 0 0.239775
0 0 0.239648
0 0 0.23952
0 0 0.239393
0 0 0.239267
0 0 0.23914
0 0 0.239015
0 0 0.238889
0 0 0.238764
0 0 0.238639
0 0 0.238515
0 0 0.238391
0 0 0.238267
0 0 0.238143
0 0 0.23802
0 0 0.237897
0 0 0.237775
0 0 0.237653
0 0 0.237531
0 0 0.237409
0 0 0.237288
0 0 0.237166
0 0 0.237043
0 0 0.236919
0 0 0.236793
0 0 0.236664
0 0 0.236533
0 0 0.2364
0 0 0.236267
0 0 0.236133
0 0 0.235999
0 0 0.235866
0 0 0.235733
0 0 0.235601
0 0 0.235469
0 0 0.235338
0 0 0.235208
0 0 0.235079
0 0 0.23495
0 0 0.234822
0 0 0.234694
0 0 0.234567
0 0 0.23444
0 0 0.234314
0 0 0.234188
0 0 0.234062
0 0 0.233937
0 0 0.233811
0 0 0.233686
0 0 0.23356
0 0 0.233434
0 0 0.233308
0 0 0.23318
0 0 0.233051
0 0 0.23292
0 0 0.232787
0 0 0.232654
0 0 0.232519
0 0 0.232383
0 0 0.232247
0 0 0.23211
0 0 0.231974
0 0 0.231838
0 0 0.231702
0 0 0.231567
0 0 0.231432
0 0 0.231297
0 0 0.231163
0 0 0.23103
0 0 0.230897
0 0 0.230765
0 0 0.230633
0 0 0.230502
0 0 0.23037
0 0 0.230239
0 0 0.230108
0 0 0.229977
0 0 0.229846
0 0 0.229715
0 0 0.229584
0 0 0.229452
0 0 0.22932
0 0 0.229187
0 0 0.229053
0 0 0.228918
0 0 0.228782
0 0 0.228645
0 0 0.228507
0 0 0.228368
0 0 0.228229
0 0 0.228089
0 0 0.22795
0 0 0.22781
0 0 0.227671
0 0 0.227531
0 0 0.227392
0 0 0.227254
0 0 0.227115
0 0 0.226977
0 0 0.226839
0 0 0.226701
0 0 0.226564
0 0 0.226427
0 0 0.226291
0 0 0.226155
0 0 0.226019
0 0 0.225884
0 0 0.225749
0 0 0.225615
0 0 0.225481
0 0 0.225348
0 0 0.225214
0 0 0.22508
0 0 0.224945
0 0 0.22481
0 0 0.224675
0 0 0.224538
0 0 0.2244
0 0 0.224261
0 0 0.224121
0 0 0.223981
0 0 0.22384
0 0 0.2237
0 0 0.22356
0 0 0.22342
0 0 0.223281
0 0 0.223142
0 0 0.223004
0 0 0.222867
0 0 0.22273
0 0 0.222594
0 0 0.222458
0 0 0.222323
0 0 0.222189
0 0 0.222055
0 0 0.221921
0 0 0.221788
0 0 0.221656
0 0 0.221524
0 0 0.221392
0 0 0.221261
0 0 0.221129
0 0 0.220999
0 0 0.220868
0 0 0.220738
0 0 0.220609
0 0 0.220479
0 0 0.220349
0 0 0.22022
0 0 0.220089
0 0 0.219958
0 0 0.219826
0 0 0.219692
0 0 0.219557
0 0 0.21942
0 0 0.219281
0 0 0.219142
0 0 0.219002
0 0 0.218862
0 0 0.218723
0 0 0.218584
0 0 0.218446
0 0 0.218309
0 0 0.218173
0 0 0.218039
0 0 0.217905
0 0 0.217772
0 0 0.217641
0 0 0.21751
0 0 0.217381
0 0 0.217252
0 0 0.217124
0 0 0.216998
0 0 0.216872
0 0 0.216746
0 0 0.216622
0 0 0.216498
0 0 0.216375
0 0 0.216253
0 0 0.216131
0 0 0.216009
0 0 0.215888
0 0 0.215765
0 0 0.215641
0 0 0.215516
0 0 0.21539
0 0 0.215262
0 0 0.215134
0 0 0.215004
0 0 0.214874
0 0 0.214744
0 0 0.214615
0 0 0.214486
0 0 0.214357
0 0 0.214229
0 0 0.214102
0 0 0.213976
0 0 0.213851
0 0 0.213727
0 0 0.213604
0 0 0.213481
0 0 0.21336
0 0 0.213239
0 0 0.21312
0 0 0.213001
0 0 0.212884
0 0 0.212767
0 0 0.212651
0 0 0.212536
0 0 0.212421
0 0 0.212307
0 0 0.212193
0 0 0.212079
0 0 0.211964
0 0 0.211847
0 0 0.211729
0 0 0.21161
0 0 0.211491
0 0 0.21137
0 0 0.211249
0 0 0.211128
0 0 0.211008
0 0 0.210888
0 0 0.210769
0 0 0.21065
0 0 0.210533
0 0 0.210416
0 0 0.210301
0 0 0.210186
0 0 0.210072
0 0 0.209959
0 0 0.209847
0 0 0.209735
0 0 0.209625
0 0 0.209515
0 0 0.209406
0 0 0.209298
0 0 0.209191
0 0 0.209084
0 0 0.208978
0 0 0.208873
0 0 0.208768
0 0 0.208663
0 0 0.208558
0 0 0.208452
0 0 0.208345
0 0 0.208237
0 0 0.208128
0 0 0.208017
0 0 0.207906
0 0 0.207795
0 0 0.207684
0 0 0.207574
0 0 0.207464
0 0 0.207354
0 0 0.207246
0 0 0.207138
0 0 0.207031
0 0 0.206925
0 0 0.20682
0 0 0.206715
0 0 0.206612
0 0 0.206509
0 0 0.206406
0 0 0.206305
0 0 0.206204
0 0 0.206104
0 0 0.206005
0 0 0.205906
0 0 0.205808
0 0 0.20571
0 0 0.205613
0 0 0.205517
0 0 0.205421
0 0 0.205324
0 0 0.205228
0 0 0.20513
0 0 0.205032
0 0 0.204932
0 0 0.204831
0 0 0.20473
0 0 0.204628
0 0 0.204526
0 0 0.204424
0 0 0.204322
0 0 0.204221
0 0 0.20412
0 0 0.20402
0 0 0.203921
0 0 0.203822
0 0 0.203723
0 0 0.203626
0 0 0.203529
0 0 0.203433
0 0 0.203337
0 0 0.203242
0 0 0.203147
0 0 0.203053
0 0 0.202959
0 0 0.202866
0 0 0.202773
0 0 0.202681
0 0 0.202589
0 0 0.202497
0 0 0.202406
0 0 0.202315
0 0 0.202223
0 0 0.202132
0 0 0.20204
0 0 0.201947
0 0 0.201854
0 0 0.20176
0 0 0.201666
0 0 0.201573
0 0 0.201479
0 0 0.201385
0 0 0.201292
0 0 0.201199
0 0 0.201107
0 0 0.201015
0 0 0.200924
0 0 0.200834
0 0 0.200744
0 0 0.200655
0 0 0.200566
0 0 0.200478
0 0 0.20039
0 0 0.200302
0 0 0.200214
0 0 0.200127
0 0 0.200039
0 0 0.199952
0 0 0.199864
0 0 0.199776
0 0 0.199688
0 0 0.1996
0 0 0.199512
0 0 0.199423
0 0 0.199335
0 0 0.199246
0 0 0.199158
0 0 0.199069
0 0 0.198981
0 0 0.198893
0 0 0.198806
0 0 0.198719
0 0 0.198632
0 0 0.198546
0 0 0.19846
0 0 0.198375
0 0 0.19829
0 0 0.198206
0 0 0.198122
0 0 0.198038
0 0 0.197954
0 0 0.197871
0 0 0.197788
0 0 0.197705
0 0 0.197622
0 0 0.197539
0 0 0.197455
0 0 0.197372
0 0 0.197288
0 0 0.197204
0 0 0.197119
0 0 0.197034
0 0 0.19695
0 0 0.196865
0 0 0.19678
0 0 0.196695
0 0 0.196611
0 0 0.196527
0 0 0.196443
0 0 0.19636
0 0 0.196278
0 0 0.196196
0 0 0.196114
0 0 0.196034
0 0 0.195953
0 0 0.195873
0 0 0.195793
0 0 0.195714
0 0 0.195633
0 0 0.195553
0 0 0.195472
0 0 0.195391
0 0 0.195309
0 0 0.195226
