0.000264	0 0 -1.37121e-10
0.0680853	0 0 -4.50349e-05
0.96876	0 0 -0.000339973
2.2370364	0 0 -0.000741883
3.3150612799	0 0 -0.00105774
4.28134327405	0 0 -0.00134685
0.00197989	0 0 -0.00166384
0.0875585	0 0 -0.00190833
0.225924	0 0 -0.00215009
0.396165	0 0 -0.0023846
0.542191	0 0 -0.00254551
0.688085	0 0 -0.0026738
0.844432	0 0 -0.00281211
0.979647	0 0 -0.00294411
1.15336152	0 0 -0.00311818
1.3009199781	0 0 -0.00327957
1.4476746516771	0 0 -0.00346334
1.61876835196847	0 0 -0.0037134
1.763066909772236	0 0 -0.00394728
1.905701772216736	0 0 -0.00417874
2.070869607163956	0 0 -0.00444055
2.211924642350433	0 0 -0.00466559
2.35493090432176	0 0 -0.00488514
2.523164168044646	0 0 -0.00513701
2.668301543645841	0 0 -0.00534916
2.836435155132957	0 0 -0.00558714
2.979105841129112	0 0 -0.00578694
3.119788567988018	0 0 -0.00598114
3.281283556060926	0 0 -0.00620364
3.419456387071005	0 0 -0.00639019
3.558226682985452	0 0 -0.00657325
3.720697992443657	0 0 -0.00678492
3.860852422921353	0 0 -0.0069648
4.001015393190544	0 0 -0.00714221
4.163918871051965	0 0 -0.00734894
4.303980626921398	0 0 -0.00752121
4.465857127704356	0 0 -0.0077178
4.606018031669536	0 0 -0.00788506
4.746273951106663	0 0 -0.0080501
4.910224068324755	0 0 -0.00823683
5.051305931499184	0 0 -0.00839331
5.18971323259229	0 0 -0.00854779
5.352073791072486	0 0 -0.00872523
5.492622407166994	0 0 -0.00887498
5.633466791446564	0 0 -0.00902202
5.795203301672927	0 0 -0.00918992
5.935498112001135	0 0 -0.00932839
6.098295074243984	0 0 -0.00948368
6.238945888496785	0 0 -0.00961286
6.379695102323183	0 0 -0.00973976
6.544975593002428	0 0 -0.00988174
6.686453952895135	0 0 -0.00999805
6.825765442964115	0 0 -0.010109
6.990551464520995	0 0 -0.0102309
7.131937423035754	0 0 -0.0103307
7.275250867405534	0 0 -0.0104241
7.442161231691765	0 0 -0.0105262
7.583089644266567	0 0 -0.0106066
7.72449745861007	0 0 -0.0106831
7.88855925373517	0 0 -0.0107655
8.031539318248811	0 0 -0.0108309
8.198300302811692	0 0 -0.0109
8.341063373616512	0 0 -0.0109522
8.481280727143671	0 0 -0.0109989
8.646573228153141	0 0 -0.0110463
8.788348966591883	0 0 -0.0110814
8.931773471798264	0 0 -0.0111116
9.099053146633166	0 0 -0.0111385
9.241737925441246	0 0 -0.0111558
9.384921489657025	0 0 -0.0111684
9.550567753263689	0 0 -0.0111757
9.692686426447949	0 0 -0.0111765
9.859623632051511	0 0 -0.0111725
9.999747494471071	0 0 -0.0111649
10.140763156972744	0 0 -0.0111524
10.307530484091201	0 0 -0.0111322
10.450450661371613	0 0 -0.0111119
10.593409319282266	0 0 -0.011087
10.756462330099524	0 0 -0.0110527
10.899300218460942	0 0 -0.0110197
11.041248646531697	0 0 -0.0109827
11.203051480568348	0 0 -0.0109352
11.343830637895026	0 0 -0.0108914
11.509260382431036	0 0 -0.0108382
11.650847332563391	0 0 -0.010789
11.792475751328597	0 0 -0.0107378
11.956975619368258	0 0 -0.0106756
12.097470616283767	0 0 -0.0106212
12.237408937070084	0 0 -0.0105643
12.401702364753961	0 0 -0.0104945
12.543104646609072	0 0 -0.010433
12.68440792016743	0 0 -0.0103708
12.848538624334111	0 0 -0.0102983
12.989837716485445	0 0 -0.010235
13.154522959219312	0 0 -0.01016
13.295528879044825	0 0 -0.0100952
13.436360504684332	0 0 -0.0100311
13.600147491005565	0 0 -0.00995598
13.740223820243781	0 0 -0.00989202
13.880764236793611	0 0 -0.00982909
14.044674306576001	0 0 -0.00975639
14.185070736243651	0 0 -0.00969512
14.325141882421244	0 0 -0.0096336
14.487347219099085	0 0 -0.00956215
14.627325594706424	0 0 -0.00950174
14.76842001199136	0 0 -0.00944259
14.932931726750869	0 0 -0.0093735
15.074491770459893	0 0 -0.00931538
15.240213198204309	0 0 -0.00924937
15.382137011614423	0 0 -0.00919503
15.524342496528387	0 0 -0.00914142
15.690352191412861	0 0 -0.00908046
15.832709256228885	0 0 -0.00902878
15.975376879266229	0 0 -0.00897818
16.141014578627665	0 0 -0.00892134
16.282338113983926	0 0 -0.00887373
16.424514840530183	0 0 -0.00882734
16.589839343927849	0 0 -0.00877487
16.73238017397189	0 0 -0.00873142
16.897121516442915	0 0 -0.00868184
17.039637253095648	0 0 -0.00864049
17.181992761217501	0 0 -0.00860062
17.348584362350632	0 0 -0.00855594
17.491426183152676	0 0 -0.0085196
17.634438328914058	0 0 -0.00848438
17.801174921556171	0 0 -0.00844431
17.944142526847504	0 0 -0.00841072
18.086935573900494	0 0 -0.00837733
18.253529177298997	0 0 -0.0083397
18.396511025141223	0 0 -0.0083085
18.563457764791114	0 0 -0.00827358
18.706530269651857	0 0 -0.00824509
18.849488057796759	0 0 -0.00821768
19.016200549073886	0 0 -0.00818449
19.159096343985578	0 0 -0.00815596
19.301933650550122	0 0 -0.00812724
19.468686794218577	0 0 -0.00809413
19.611688277360475	0 0 -0.0080663
19.754802919510837	0 0 -0.00803823
19.921260596833626	0 0 -0.00800587
20.06343220496019	0 0 -0.00797738
20.22890792450977	0 0 -0.00794495
20.370606850265219	0 0 -0.00791602
20.51056150971478	0 0 -0.007886
20.6767389164336	0 0 -0.00784992
20.819935793550748	0 0 -0.00781777
20.962707427030139	0 0 -0.00778518
21.129916742647893	0 0 -0.00774617
21.273312768827257	0 0 -0.00771085
21.416951120019878	0 0 -0.00767447
21.584534747667046	0 0 -0.00762959
21.728284525194031	0 0 -0.00758949
21.871952158683797	0 0 -0.00754694
22.039874248526413	0 0 -0.00749594
22.183907104997665	0 0 -0.00745025
22.352240260274851	0 0 -0.00739454
22.496640480990695	0 0 -0.00734394
22.641338748446845	0 0 -0.00729164
22.810538967205744	0 0 -0.00722764
22.955822116382738	0 0 -0.00716982
23.101261414363371	0 0 -0.00711023
23.271131572452479	0 0 -0.00703795
23.4170541515957	0 0 -0.00697384
23.563132859485151	0 0 -0.00690622
23.732950051990827	0 0 -0.00682403
23.879606929633535	0 0 -0.00675052
24.051012976607804	0 0 -0.00666198
24.196474496696609	0 0 -0.00657393
24.343920949016958	0 0 -0.00647732
24.516584759711478	0 0 -0.0063622
24.665071418504944	0 0 -0.00625847
24.813727838558417	0 0 -0.00613733
24.987719995040155	0 0 -0.00599299
25.162930658690819	0 0 -0.00586934
25.340368637592924	0 0 -0.00575315
25.545987869605995	0 0 -0.00559912
25.732757819088082	0 0 -0.00549115
25.97025066313369	0 0 -0.00537041
26.154167901409629	0 0 -0.00526612
26.347049784544829	0 0 -0.00516201
26.56016202190979	0 0 -0.00503898
26.753631237174936	0 0 -0.004935
26.903250423739951	0 0 -0.00482748
27.077653026789104	0 0 -0.00469461
27.226131389246042	0 0 -0.00457467
27.374141550858628	0 0 -0.00446844
27.547072264513108	0 0 -0.00434257
27.694670251750612	0 0 -0.00423437
27.869329620997142	0 0 -0.00409066
28.044498441124453	0 0 -0.00394269
28.193269770458585	0 0 -0.00379382
28.367533108500101	0 0 -0.00362839
28.517239150949504	0 0 -0.00349342
28.667249891895136	0 0 -0.00336432
28.885876560642231	
29.099837407509909	
29.312573803122241	
29.55259176796369	
29.747297084456576	
29.990563841071257	
