0.000264	0 0 -1.09882e-10
0.101	0 0 -0.000102998
0.217242	0 0 -0.000321623
0.325305	0 0 -0.000534844
0.430064	0 0 -0.000722991
0.534711	0 0 -0.000893906
0.639229	0 0 -0.00104725
0.734168	0 0 -0.00118492
0.823657	0 0 -0.00131763
0.903734	0 0 -0.00143192
0.991905	0 0 -0.00155035
1.089073131512	0 0 -0.00166444
1.173811241140454	0 0 -0.00174759
1.255699709134526	0 0 -0.00182379
1.3387189	0 0 -0.00189635
1.416241106180095	0 0 -0.00195157
1.497532655685402	0 0 -0.00199089
1.573349890850715	0 0 -0.00202326
1.647488760363879	0 0 -0.00205729
1.740350761810688	0 0 -0.00209862
1.845358925878316	0 0 -0.00215046
1.951271351333771	0 0 -0.00222936
2.074795406795549	0 0 -0.00234219
2.173400679887833	0 0 -0.00242985
2.292130968157778	0 0 -0.00255116
2.377836853611401	0 0 -0.00264726
2.508170950537584	0 0 -0.00280914
2.624901093404312	0 0 -0.00295656
2.756524961305846	0 0 -0.0031188
2.884120980674061	0 0 -0.00327191
2.995221103385583	0 0 -0.00340805
3.112363377625807	0 0 -0.00355773
3.232995562899396	0 0 -0.00371072
3.35484414674093	0 0 -0.00385794
3.467554466615733	0 0 -0.00398448
3.585156885385752	0 0 -0.00410643
3.695912668710565	0 0 -0.00421209
3.813555788142001	0 0 -0.0043151
3.924117372341602	0 0 -0.00440421
4.032825663065116	0 0 -0.00448759
4.134302289656314	0 0 -0.00456023
4.205961463412691	0 0 -0.0046112
4.286643286381971	0 0 -0.00466929
4.351764032652845	0 0 -0.00471494
4.421504475633916	0 0 -0.00476304
4.50378557200988	0 0 -0.0048197
4.582731548673172	0 0 -0.00487314
4.663083929028584	0 0 -0.00492516
4.756023558396933	0 0 -0.00498535
4.853032430876985	0 0 -0.005049
4.944409952852656	0 0 -0.00510779
5.043692272094174	0 0 -0.00517049
5.15191438257103	0 0 -0.00523742
5.246250685623795	0 0 -0.0052966
5.329900630557267	0 0 -0.00534833
5.41904376780857	0 0 -0.00540181
5.520435950921831	0 0 -0.0054618
5.621506006491627	0 0 -0.00551945
5.728109957670825	0 0 -0.00557945
5.815382400830498	0 0 -0.00562891
5.897044013457384	0 0 -0.00567439
6.003728251773411	0 0 -0.00573202
6.102544394669145	0 0 -0.00578347
6.213428097786602	0 0 -0.00583948
6.325446465541985	0 0 -0.00589392
6.403391287103303	0 0 -0.00593077
6.480949258959763	0 0 -0.00596622
6.566512233127253	0 0 -0.00600399
6.644154494653744	0 0 -0.00603707
6.727375372910159	0 0 -0.00607219
6.809347213335725	0 0 -0.0061061
6.885943951954011	0 0 -0.00613659
6.97860540955172	0 0 -0.00617187
7.067000797001339	0 0 -0.00620299
7.131167056070379	0 0 -0.00622423
7.19777094483785	0 0 -0.00624598
7.285720150102038	0 0 -0.00627399
7.363177889468649	0 0 -0.00629683
7.43853313835657	0 0 -0.00631741
7.519314652423398	0 0 -0.00633706
7.601859242242762	0 0 -0.00635604
7.67062754651133	0 0 -0.00637004
7.743772210154631	0 0 -0.0063836
7.826193609105658	0 0 -0.00639761
7.890852507971238	0 0 -0.00640617
7.963944349071197	0 0 -0.00641418
8.036680143734026	0 0 -0.00642096
8.122334450438252	0 0 -0.0064266
8.200895051851695	0 0 -0.00643055
8.27065614405978	0 0 -0.00643228
8.350574251459612	0 0 -0.00643324
8.41609637415219	0 0 -0.00643296
8.493823259897553	0 0 -0.00643063
8.571769136946221	0 0 -0.00642696
8.650188003170715	0 0 -0.00642046
8.727161160827679	0 0 -0.00641345
8.806733223758306	0 0 -0.00640489
8.892029399436554	0 0 -0.00639397
8.974640548030999	0 0 -0.00638064
9.05711224203305	0 0 -0.00636615
9.142615383249046	0 0 -0.00634952
9.218952828484111	0 0 -0.00633351
9.292373179885915	0 0 -0.006316
9.366519547214143	0 0 -0.00629662
9.445547099061674	0 0 -0.00627438
9.531834799223809	0 0 -0.00624876
9.619908553712005	0 0 -0.00622009
9.705075313900611	0 0 -0.00619138
9.79929098656646	0 0 -0.00615764
9.878820702537785	0 0 -0.00612884
9.968911427850443	0 0 -0.00609359
10.05096977849578	0 0 -0.00605912
10.137441298276286	0 0 -0.00602195
10.232780651304783	0 0 -0.00597852
10.323132564056394	0 0 -0.00593538
10.420025623111485	0 0 -0.00588764
10.521701614583449	0 0 -0.0058354
10.624266144600362	0 0 -0.00578031
10.726389410125083	0 0 -0.00572358
10.823169054612059	0 0 -0.00566827
10.920590541368124	0 0 -0.00561048
11.026440073837644	0 0 -0.0055445
11.129454339975796	0 0 -0.00547866
11.224446273269567	0 0 -0.0054172
11.326835882935308	0 0 -0.00535015
11.435303774667025	0 0 -0.00527747
11.536407668576743	0 0 -0.00520749
11.633566985472921	0 0 -0.00513886
11.736245743953406	0 0 -0.0050648
11.84944267195284	0 0 -0.00498243
11.9488376517301	0 0 -0.00490955
12.053059326599206	0 0 -0.00483123
12.154785169070356	0 0 -0.00475355
12.264036300966412	0 0 -0.00466958
12.368817498931678	0 0 -0.00458859
12.468763562955512	0 0 -0.00451047
12.570577868558273	0 0 -0.00443054
12.682063485555398	0 0 -0.00434238
12.783496368598799	0 0 -0.00426259
12.887161847687551	0 0 -0.00417982
12.997929706045795	0 0 -0.00409088
13.099502430395594	0 0 -0.00400876
13.204593503358184	0 0 -0.00392429
13.307028277742413	0 0 -0.00384139
13.415644965789436	0 0 -0.00375169
13.525722328300251	0 0 -0.00366057
13.62514865596542	0 0 -0.00357891
13.725127567249778	0 0 -0.00349684
13.840220874832101	0 0 -0.00340262
13.952464836437212	0 0 -0.00330927
14.05579758870298	0 0 -0.00322426
14.157620424773349	0 0 -0.00314117
14.278276977521491	0 0 -0.00304134
14.387430447930999	0 0 -0.00295172
14.489683927683325	0 0 -0.00286783
14.584557621895238	0 0 -0.0027901
14.711639700694207	0 0 -0.00268576
14.832923129168824	0 0 -0.00258677
14.940038226257339	0 0 -0.00250008
15.042915231908896	0 0 -0.00241738
15.15710191104494	0 0 -0.00232566
15.287900943854851	0 0 -0.0022217
15.407163270950202	0 0 -0.00212754
15.533222153026784	0 0 -0.00202944
15.654704802389201	0 0 -0.00193471
15.786137855261737	0 0 -0.0018314
15.910290236561591	0 0 -0.00173618
16.026663567966246	0 0 -0.00164876
16.1535526142085	0 0 -0.00155318
16.27969492737882	0 0 -0.00145779
16.399463238915324	0 0 -0.00136933
16.532033926023232	0 0 -0.00127432
16.651903397681707	0 0 -0.00118857
16.782455857002581	0 0 -0.00109939
16.901009109981434	0 0 -0.00101992
17.025155825215698	0 0 -0.0009367
17.152501466534158	0 0 -0.000852682
17.272340239602286	0 0 -0.000774398
17.399295144466965	0 0 -0.00069313
17.52152550777458	0 0 -0.000615919
17.640467561837152	0 0 -0.000540454
17.772653664228656	0 0 -0.000457351
17.893276075812036	0 0 -0.000384331
18.023585145818796	0 0 -0.000306409
18.155199540131598	0 0 -0.000229084
18.274144430625658	0 0 -0.000160476
18.41024890009534	0 0 -8.27415e-05
18.525400776149834	0 0 -1.7403e-05
18.648851798895564	0 0 5.10021e-05
18.777749191666757	0 0 0.000121087
18.898745126621588	0 0 0.000185838
19.026050164195301	0 0 0.00025193
19.144295761977471	0 0 0.000311034
19.266312145675187	0 0 0.000373001
19.384683999187995	0 0 0.000433789
19.507424131242526	0 0 0.000495882
19.627772956903375	0 0 0.000556768
19.754065308259658	0 0 0.0006181
19.872924369323176	0 0 0.000674897
19.991135221168879	0 0 0.00073706
