0.000264	0 0 -1.07978e-10
1.757917122	0 0 -0.000104766
3.954063396861402	0 0 -0.000307591
0.0451494	0 0 -0.000499368
0.167631	0 0 -0.000678208
0.278749	0 0 -0.000831888
0.387526	0 0 -0.000966456
0.490996	0 0 -0.0011023
0.590361	0 0 -0.00121968
0.692945	0 0 -0.00132711
0.784239	0 0 -0.00143279
0.867321	0 0 -0.00152579
0.947988	0 0 -0.00160679
1.040534445	0 0 -0.00167745
1.136809458406328	0 0 -0.00172346
1.216424610715729	0 0 -0.00176481
1.285952006728414	0 0 -0.00179948
1.344574714315853	0 0 -0.001829
1.435993278033088	0 0 -0.00185698
1.528192905344492	0 0 -0.00187118
1.624073662471682	0 0 -0.00190125
1.702629504236438	0 0 -0.0019589
1.767661225375887	0 0 -0.00204698
1.865796702519789	0 0 -0.0021186
1.972720624710174	0 0 -0.00220478
2.102569212325611	0 0 -0.00230865
2.195541070278455	0 0 -0.00241598
2.293808703687882	0 0 -0.00252721
2.397575931912421	0 0 -0.00264348
2.50113215971262	0 0 -0.0027671
2.60805826651348	0 0 -0.00288744
2.707847251227061	0 0 -0.00300444
2.833104657881052	0 0 -0.003129
2.942357723367367	0 0 -0.00325731
3.0508158279426	0 0 -0.00339284
3.174896265352182	0 0 -0.00351631
3.284459313833725	0 0 -0.00362833
3.422326972997304	0 0 -0.00373029
3.569608348304984	0 0 -0.00382115
3.688898791693983	0 0 -0.00389712
3.823098647303037	0 0 -0.00396333
3.949310122266745	0 0 -0.00402803
4.062754716992873	0 0 -0.00409411
4.166553557009339	0 0 -0.00415606
4.269465388823473	0 0 -0.00421543
4.387278759154184	0 0 -0.00427757
4.490323668017532	0 0 -0.0043383
4.598184358208211	0 0 -0.00439877
4.705201928219892	0 0 -0.00446006
4.806344536365454	0 0 -0.00451287
4.915255372714371	0 0 -0.00456378
5.026369490627491	0 0 -0.00461194
5.135757804697217	0 0 -0.00465579
5.24248324376105	0 0 -0.00470767
5.344849027275533	0 0 -0.00474995
5.454185241337528	0 0 -0.0047905
5.552394962754601	0 0 -0.00482615
5.641701328663463	0 0 -0.00485738
5.736586270671745	0 0 -0.00488713
5.818390969607393	0 0 -0.00491646
5.907388992631175	0 0 -0.0049468
5.990230712546384	0 0 -0.00497531
6.072570033950646	0 0 -0.0050044
6.161635595674242	0 0 -0.00503078
6.25175032710937	0 0 -0.00505622
6.344253836828115	0 0 -0.00508602
6.427585166171272	0 0 -0.00511743
6.517822950049505	0 0 -0.00514178
6.614868275850487	0 0 -0.00516447
6.708891596971992	0 0 -0.00518425
6.80142800559558	0 0 -0.00520119
6.897364651385211	0 0 -0.0052163
6.996411445571531	0 0 -0.00523027
7.093942251698885	0 0 -0.00524452
7.183652073639477	0 0 -0.00525574
7.265946552628932	0 0 -0.00526494
7.359465388948287	0 0 -0.00527173
7.437946060985824	0 0 -0.005278
7.511755234504522	0 0 -0.00528238
7.603309797238101	0 0 -0.0052843
7.698974065671258	0 0 -0.00528518
7.793838619038233	0 0 -0.00528479
7.878022967636193	0 0 -0.00528397
7.961248805307952	0 0 -0.00528181
8.048486576815913	0 0 -0.00527688
8.133339229273071	0 0 -0.00527001
8.223804893695707	0 0 -0.00526077
8.313504779415753	0 0 -0.00524772
8.405777395644213	0 0 -0.0052295
8.500446984329489	0 0 -0.005209
8.597681292820948	0 0 -0.00518647
8.700288011960941	0 0 -0.00516171
8.798896484489445	0 0 -0.00513582
8.901210350913491	0 0 -0.00510198
9.002372038482427	0 0 -0.0050655
9.107410434339219	0 0 -0.00502593
9.221526629205711	0 0 -0.00497981
9.3244935	0 0 -0.00493379
9.429020357909598	0 0 -0.00489064
9.53718505182999	0 0 -0.0048409
9.63276962188414	0 0 -0.00478848
9.72110606235519	0 0 -0.00473792
9.820687346825288	0 0 -0.00468209
9.918704100416695	0 0 -0.00462231
10.012098316679063	0 0 -0.00456413
10.109364146175279	0 0 -0.00450495
10.213426100582719	0 0 -0.00444323
10.309663197947575	0 0 -0.00438024
10.406884732310541	0 0 -0.00431421
10.503168323223417	0 0 -0.00424819
10.599123137522335	0 0 -0.00417954
10.696895553913533	0 0 -0.00410764
10.792735233643558	0 0 -0.00403362
10.890604478241441	0 0 -0.00395479
10.988717830595821	0 0 -0.00387594
11.086827419790074	0 0 -0.00379599
11.186684431856794	0 0 -0.00370575
11.284294774757493	0 0 -0.00361897
11.387709951651839	0 0 -0.00353191
11.491781143693233	0 0 -0.00344523
11.594514745200547	0 0 -0.00335765
11.692362852821816	0 0 -0.00326746
11.791401489979823	0 0 -0.00317477
11.891621857303107	0 0 -0.00307602
11.991766725949768	0 0 -0.0029858
12.099655953677724	0 0 -0.00288801
12.195730656471753	0 0 -0.00278418
12.295250506028555	0 0 -0.00268227
12.401895348268251	0 0 -0.00258801
12.5121114930073	0 0 -0.00249216
12.613552763999339	0 0 -0.00239411
12.710050874714687	0 0 -0.0022924
12.806755581269243	0 0 -0.00218642
12.904890071816538	0 0 -0.00208716
13.008817120325419	0 0 -0.00197618
13.113764164579491	0 0 -0.00185639
13.218191196892034	0 0 -0.0017576
13.334153822454109	0 0 -0.00163358
13.441846144094981	0 0 -0.00152342
13.554465427244409	0 0 -0.00142053
13.671871612769531	0 0 -0.00130802
13.772637875610338	0 0 -0.00120725
13.883317769752685	0 0 -0.0011068
13.987450568454902	0 0 -0.0010021
14.084678464046739	0 0 -0.000890689
14.184190322279516	0 0 -0.000791931
14.292760366686229	0 0 -0.000694522
14.396177707340152	0 0 -0.000596754
14.495910561865793	0 0 -0.000497387
14.595697687696847	0 0 -0.000392643
14.69640794606334	0 0 -0.000287797
14.796042910460866	0 0 -0.000191009
14.910622053350654	0 0 -9.55719e-05
15.0119993256748	0 0 3.47929e-06
15.11203675796701	0 0 9.99265e-05
15.213258331497267	0 0 0.00021127
15.316027445551565	0 0 0.000313289
15.424106320477586	0 0 0.000424882
15.532195697983996	0 0 0.000519837
15.647076218292987	0 0 0.000613213
15.76304274852779	0 0 0.000704643
15.864476890287001	0 0 0.000805143
15.962837654754274	0 0 0.000911741
16.074794091141587	0 0 0.00100174
16.186416381526843	0 0 0.0011008
16.299074653159838	0 0 0.00120307
16.399298725219136	0 0 0.00129186
16.519368536760329	0 0 0.00138079
16.629040240641697	0 0 0.00147822
16.729597915404515	0 0 0.00156392
16.837754543044046	0 0 0.00164881
16.953070611455246	0 0 0.00173237
17.058307640754904	0 0 0.00182385
17.159243247812125	0 0 0.00190687
17.266917390549768	0 0 0.00199569
17.381150862393181	0 0 0.00207919
17.486507341802287	0 0 0.00215811
17.602304651149144	0 0 0.00224527
17.709327923637346	0 0 0.0023266
17.815180573057503	0 0 0.00240334
17.931865014148226	0 0 0.00247842
18.044632541731268	0 0 0.00255345
18.146148269496134	0 0 0.00263781
18.248912862279106	0 0 0.00271866
18.363606572221514	0 0 0.00279356
18.467802669392949	0 0 0.00287968
18.583595457985403	0 0 0.00294828
18.699726689929154	0 0 0.00302504
18.811155071266178	0 0 0.00309554
18.921286605442337	0 0 0.00316934
19.025139751065481	0 0 0.00324046
19.135177399183277	0 0 0.00332014
19.235673333884474	0 0 0.00339232
19.355055535862789	0 0 0.00346141
19.467455277112624	0 0 0.00353235
19.573763478402295	0 0 0.00360299
19.685791465858621	0 0 0.00367166
19.786832203073121	
19.897864678401628	
20.000276728067476	
