0.000264	0 0 -1.327e-10
0.0768949	0 0 -6.71248e-05
0.345886	0 0 -0.000656633
0.62096	0 0 -0.00130859
0.920034	0 0 -0.00198239
1.212755	0 0 -0.00258202
1.5017970936	0 0 -0.00309046
1.81247641692	0 0 -0.00358681
2.09592564646233	0 0 -0.00396117
2.41556054452882	0 0 -0.00432756
2.731954378786338	0 0 -0.00471191
3.040305712548736	0 0 -0.00516344
3.355023900760657	0 0 -0.00568264
3.661366132588596	0 0 -0.00621921
3.96034860796718	0 0 -0.00673223
4.265643867283615	0 0 -0.00725011
4.578819599805004	0 0 -0.00777293
4.897081171438926	0 0 -0.0082931
5.212630242018598	0 0 -0.00880521
5.526592766265085	0 0 -0.00931396
5.846267735748029	0 0 -0.00981865
6.153411313483804	0 0 -0.0102945
6.463250357567876	0 0 -0.0107642
6.769448066517682	0 0 -0.0112228
7.064908790275521	0 0 -0.0116665
7.348484139024578	0 0 -0.012094
7.6304671003015	0 0 -0.0125156
7.89838111509435	0 0 -0.0129145
8.166948067704714	0 0 -0.0133109
8.437862900747955	0 0 -0.0137042
8.707783692076029	0 0 -0.014085
8.978514608063021	0 0 -0.0144516
9.247782911551749	0 0 -0.0148005
9.526791464283136	0 0 -0.0151427
9.79400375612455	0 0 -0.0154512
10.060419951737074	0 0 -0.0157404
10.325971176509844	0 0 -0.0160097
10.591392276225481	0 0 -0.0162595
10.857048219947615	0 0 -0.0164909
11.132762858036685	0 0 -0.0167143
11.396702268273467	0 0 -0.0169136
11.65994935135048	0 0 -0.0171022
11.92204143941626	0 0 -0.0172833
12.183774821594019	0 0 -0.0174605
12.445966779510677	0 0 -0.0176365
12.719538363615714	0 0 -0.0178207
12.982695289842514	0 0 -0.0180021
13.245451145328188	0 0 -0.0181888
13.507622007776387	0 0 -0.0183816
13.771550351426605	0 0 -0.0185829
14.035136082960323	0 0 -0.0187904
14.299060347548766	0 0 -0.0190033
14.575102269372687	0 0 -0.0192297
14.841659063970075	0 0 -0.0194492
15.108716922438351	0 0 -0.0196671
15.376335389098516	0 0 -0.0198813
15.64484183951666	0 0 -0.020089
15.914100179931173	0 0 -0.0202878
16.194971232027282	0 0 -0.0204829
16.465737334449326	0 0 -0.0206567
16.736985865116495	0 0 -0.0208163
17.00861276867456	0 0 -0.02096
17.2808167324011812	0 0 -0.0210879
17.5536480485054867	0 0 -0.021201
17.826893762187904	0 0 -0.0213001
18.1114150775861198	0 0 -0.0213896
18.3853092749771783	0 0 -0.0214642
18.6592286860874559	0 0 -0.0215293
18.9333030515024454	0 0 -0.0215871
19.2074840457016442	0 0 -0.0216393
19.4815140455121032	0 0 -0.0216864
19.7665653955811997	0 0 -0.0217317
20.0408487429775732	0 0 -0.0217717
20.3147688392927321	0 0 -0.0218093
20.5883862546124661	0 0 -0.0218427
20.8619163188131651	0 0 -0.0218736
21.1356534925178856	0 0 -0.0219002
21.4099633995347958	0 0 -0.0219215
21.6955782634589553	0 0 -0.0219369
21.9702000244299391	0 0 -0.0219457
22.244490482978744	0 0 -0.0219473
22.5188715364912717	0 0 -0.0219412
22.7943084461420185	0 0 -0.0219273
23.0691615928935363	0 0 -0.0219059
23.3547570940092761	0 0 -0.021876
23.6304138706970441	0 0 -0.0218405
23.9065506041389497	0 0 -0.0218
24.1824790967054817	0 0 -0.021756
24.4591797308131902	0 0 -0.0217106
24.7368741324291896	0 0 -0.0216658
25.0263315141681666	0 0 -0.0216207
25.3049320666805038	0 0 -0.0215808
25.584419816920807	0 0 -0.0215437
25.8645919136072102	0 0 -0.021511
26.1447083398379796	0 0 -0.0214813
26.425409978934546	0 0 -0.0214542
26.7067182755907915	0 0 -0.0214284
27.0001098916403848	0 0 -0.0214017
27.2818200196548801	0 0 -0.0213734
27.5635420489878733	0 0 -0.0213424
27.8463817512094849	0 0 -0.0213063
28.130118194729814	0 0 -0.0212639
28.4142669186845929	0 0 -0.0212133
28.7089866719844728	0 0 -0.0211512
28.9923095481662756	0 0 -0.0210816
29.2764904234499461	0 0 -0.0210015
29.5605673001131777	0 0 -0.02091
29.8441613103051502	0 0 -0.0208081
30.1287747119440823	0 0 -0.0206974
30.4137699955388499	0 0 -0.020579
30.7096046095582942	0 0 -0.0204502
30.9948432212445688	0 0 -0.0203224
31.280582041953469	0 0 -0.0201927
31.5665267984297309	0 0 -0.0200621
31.8525204445798238	0 0 -0.0199327
32.1385687786832008	0 0 -0.0198051
32.4360807774780611	0 0 -0.019674
32.7214327333756003	0 0 -0.0195511
33.0068812979623729	0 0 -0.0194312
33.2925802152608625	0 0 -0.0193129
33.5784618651228612	0 0 -0.0191963
33.8645082364256353	0 0 -0.0190811
34.1620641420738309	0 0 -0.0189631
34.4478969345047332	0 0 -0.0188498
34.7343904780834336	0 0 -0.0187362
35.0217209212852154	0 0 -0.018621
35.3093981245989141	0 0 -0.0185055
35.5973205370320542	0 0 -0.0183884
35.8851189136335975	0 0 -0.0182692
36.1845634337434774	0 0 -0.0181436
36.4726117147637154	0 0 -0.0180211
36.7610697567301727	0 0 -0.0178969
37.0496373282457085	0 0 -0.0177714
37.3380711903657598	0 0 -0.0176445
37.6266164617327874	0 0 -0.0175171
37.9269075417377906	0 0 -0.0173843
38.21529615501791	0 0 -0.0172562
38.5035696298842609	0 0 -0.0171267
38.7916656106995106	0 0 -0.0169959
39.079463474046328	0 0 -0.0168631
39.3670017375233243	0 0 -0.0167277
39.6542469275957785	0 0 -0.0165894
39.952671606540811	0 0 -0.0164413
40.2396005937246173	0 0 -0.0162948
40.5264999279955873	0 0 -0.016144
40.8134599878287858	0 0 -0.0159891
41.1003110766862392	0 0 -0.0158301
41.3871163806586395	0 0 -0.0156674
41.6854345126478378	0 0 -0.0154953
41.9725556504259529	0 0 -0.0153278
42.2597186381835144	0 0 -0.0151593
42.5469528193554893	0 0 -0.0149904
42.834523803950141	0 0 -0.014822
43.1224967725247552	0 0 -0.014655
43.4107956881885215	0 0 -0.0144906
43.7109385773686085	0 0 -0.0143226
43.9956822528832774	0 0 -0.0141663
44.2845275832257599	0 0 -0.0140118
44.5727395184604021	0 0 -0.0138613
44.8624172474586729	0 0 -0.0137132
45.1525881943078815	0 0 -0.0135673
45.4541057693208899	0 0 -0.0134177
45.7439951221773313	0 0 -0.0132761
46.033621869374123	0 0 -0.0131359
46.322563944461244	0 0 -0.0129965
46.6103616178915843	0 0 -0.0128576
46.894654717360595	0 0 -0.0127199
47.1827026131089085	0 0 -0.0125793
47.4519113970701767	0 0 -0.0124469
47.7230960792992605	0 0 -0.0123129
47.9954326609073334	0 0 -0.0121773
48.2682708785394112	0 0 -0.0120402
48.5416729633043929	0 0 -0.011902
48.815680579417382	0 0 -0.0117627
49.1012309171932202	0 0 -0.0116166
49.3757547350184396	0 0 -0.0114752
49.6504259861746249	0 0 -0.0113337
49.9253933051859349	0 0 -0.0111918
50.2002405986490245	0 0 -0.0110497
50.4747345023145328	0 0 -0.0109082
50.7600984304060674	0 0 -0.0107618
51.0347166209402587	0 0 -0.0106212
51.3090798352898219	0 0 -0.0104811
51.5833602715406272	0 0 -0.0103416
51.8572858362802194	0 0 -0.0102033
52.1310095348789631	0 0 -0.0100656
52.4048500156213919	0 0 -0.00992804
52.6897734315172173	0 0 -0.00978483
52.9639546059601543	0 0 -0.00964712
53.2381591882965139	0 0 -0.00950967
53.5125093124834592	0 0 -0.00937282
53.7869456518543174	0 0 -0.00923681
54.0613815939190516	0 0 -0.0091017
54.3468381951913528	0 0 -0.00896227
54.6214882309304386	0 0 -0.00882987
54.8961339726586814	0 0 -0.00869905
55.170858519893379	0 0 -0.00856941
55.4456686041811082	0 0 -0.00844091
55.7202359913431948	0 0 -0.0083142
55.9181951152421988	0 0 -0.00818382
