# Force       
0.570766       -1.614590e+03 1.053010e+03 8.768892e+03 -1.059291e+03 1.045140e+03 8.769842e+03 -5.552991e+02 7.870206e+00 -9.493993e-01
1.383725967    -2.250974e+03 1.717986e+03 1.411565e+04 -1.462185e+03 1.684552e+03 1.410386e+04 -7.887888e+02 3.343420e+01 1.178821e+01
2.36661652586814 -2.779605e+03 1.520292e+03 1.369378e+04 -1.227957e+03 1.497516e+03 1.370586e+04 -1.551648e+03 2.277599e+01 -1.208133e+01
3.049897155956424 -3.388849e+03 1.823903e+03 1.354272e+04 -1.445122e+03 1.820809e+03 1.357265e+04 -1.943726e+03 3.094071e+00 -2.993568e+01
3.869572706951176 -4.002698e+03 2.071348e+03 1.470233e+04 -1.829333e+03 2.073357e+03 1.475405e+04 -2.173365e+03 -2.008135e+00 -5.171701e+01
5.032998006963592 -3.700695e+03 2.349584e+03 1.648426e+04 -2.425287e+03 2.364294e+03 1.652434e+04 -1.275408e+03 -1.470995e+01 -4.007987e+01
5.954819763198709 -3.178482e+03 2.320198e+03 1.657155e+04 -2.553173e+03 2.332605e+03 1.659043e+04 -6.253082e+02 -1.240662e+01 -1.887846e+01
6.778776417091765 -2.950030e+03 2.251819e+03 1.580515e+04 -2.533999e+03 2.262929e+03 1.581120e+04 -4.160315e+02 -1.110983e+01 -6.050661e+00
7.65163091426747 -2.457761e+03 1.861433e+03 1.455285e+04 -2.173711e+03 1.870102e+03 1.455696e+04 -2.840503e+02 -8.668810e+00 -4.105935e+00
8.443682419363766 -2.130366e+03 1.682219e+03 1.305333e+04 -1.873234e+03 1.692705e+03 1.305819e+04 -2.571318e+02 -1.048648e+01 -4.865134e+00
9.220584711374718 -1.918888e+03 1.643789e+03 1.184161e+04 -1.631597e+03 1.656061e+03 1.184615e+04 -2.872916e+02 -1.227250e+01 -4.539431e+00
10.043288778849403 -1.880060e+03 1.615429e+03 1.155943e+04 -1.461457e+03 1.627683e+03 1.156797e+04 -4.186032e+02 -1.225382e+01 -8.536198e+00
10.832854122651202 -2.038349e+03 1.683417e+03 1.208326e+04 -1.438919e+03 1.693450e+03 1.209881e+04 -5.994297e+02 -1.003317e+01 -1.555016e+01
11.586820442491195 -2.412440e+03 1.755685e+03 1.294217e+04 -1.573560e+03 1.767205e+03 1.296361e+04 -8.388801e+02 -1.151988e+01 -2.144218e+01
12.272361794752127 -2.687651e+03 1.841698e+03 1.406105e+04 -1.722759e+03 1.854384e+03 1.408624e+04 -9.648916e+02 -1.268542e+01 -2.518497e+01
12.982819267262308 -2.757280e+03 1.960080e+03 1.496662e+04 -1.888911e+03 1.973526e+03 1.498954e+04 -8.683687e+02 -1.344604e+01 -2.291409e+01
13.672362488727984 -2.689998e+03 2.054082e+03 1.553431e+04 -2.019984e+03 2.068722e+03 1.555110e+04 -6.700138e+02 -1.464044e+01 -1.678113e+01
14.329509773387885 -2.609910e+03 2.055876e+03 1.561817e+04 -2.091407e+03 2.070175e+03 1.562892e+04 -5.185030e+02 -1.429952e+01 -1.074804e+01
15.021927974797661 -2.476105e+03 2.020235e+03 1.527752e+04 -2.074837e+03 2.030699e+03 1.528584e+04 -4.012681e+02 -1.046427e+01 -8.327322e+00
15.747933219809129 -2.244119e+03 1.934655e+03 1.463670e+04 -1.933847e+03 1.943393e+03 1.464202e+04 -3.102721e+02 -8.738359e+00 -5.326469e+00
16.5166051086552095 -1.987252e+03 1.858406e+03 1.380679e+04 -1.727667e+03 1.868027e+03 1.381047e+04 -2.595848e+02 -9.620864e+00 -3.685013e+00
17.3208237346783633 -1.838357e+03 1.739882e+03 1.308045e+04 -1.582671e+03 1.746879e+03 1.308715e+04 -2.556860e+02 -6.997110e+00 -6.697445e+00
18.153420913788441 -1.722242e+03 1.696574e+03 1.259238e+04 -1.438137e+03 1.703473e+03 1.260001e+04 -2.841050e+02 -6.899727e+00 -7.629379e+00
18.9846743253065355 -1.735717e+03 1.625863e+03 1.277226e+04 -1.410695e+03 1.630531e+03 1.278109e+04 -3.250214e+02 -4.668211e+00 -8.823406e+00
19.7937031886462478 -1.814192e+03 1.624935e+03 1.308104e+04 -1.424585e+03 1.627082e+03 1.309051e+04 -3.896070e+02 -2.146253e+00 -9.472413e+00
20.5644367854938572 -1.923314e+03 1.662157e+03 1.341065e+04 -1.471047e+03 1.662727e+03 1.342184e+04 -4.522667e+02 -5.696163e-01 -1.119382e+01
21.3440952618537843 -2.010778e+03 1.692679e+03 1.389774e+04 -1.513992e+03 1.694625e+03 1.391146e+04 -4.967858e+02 -1.945901e+00 -1.371665e+01
22.0808961872769274 -2.007797e+03 1.687308e+03 1.420734e+04 -1.527251e+03 1.688345e+03 1.422098e+04 -4.805465e+02 -1.037440e+00 -1.363309e+01
22.8333333359310124 -1.984725e+03 1.689881e+03 1.442706e+04 -1.553198e+03 1.690459e+03 1.443920e+04 -4.315269e+02 -5.781267e-01 -1.213816e+01
23.5758856448720664 -1.942020e+03 1.666186e+03 1.438230e+04 -1.558353e+03 1.666794e+03 1.439352e+04 -3.836669e+02 -6.084200e-01 -1.122069e+01
24.3189506305299936 -1.887316e+03 1.584934e+03 1.416299e+04 -1.546025e+03 1.585139e+03 1.417313e+04 -3.412910e+02 -2.043180e-01 -1.013311e+01
25.0943455693332389 -1.810358e+03 1.491254e+03 1.379593e+04 -1.494641e+03 1.489987e+03 1.380483e+04 -3.157170e+02 1.266061e+00 -8.896559e+00
25.8791796375673506 -1.771083e+03 1.404622e+03 1.347579e+04 -1.453381e+03 1.404142e+03 1.348520e+04 -3.177016e+02 4.801921e-01 -9.412006e+00
26.6593199001873664 -1.722868e+03 1.326321e+03 1.312545e+04 -1.391655e+03 1.323391e+03 1.313612e+04 -3.312130e+02 2.930119e+00 -1.066869e+01
27.4419249813779338 -1.713700e+03 1.272810e+03 1.267952e+04 -1.350531e+03 1.269694e+03 1.268918e+04 -3.631692e+02 3.115635e+00 -9.665446e+00
28.1800447835432166 -1.796307e+03 1.254122e+03 1.260587e+04 -1.335526e+03 1.249052e+03 1.261783e+04 -4.607814e+02 5.069618e+00 -1.196001e+01
28.9157659730329684 -1.941326e+03 1.280743e+03 1.267796e+04 -1.347164e+03 1.270476e+03 1.269305e+04 -5.941624e+02 1.026730e+01 -1.509212e+01
29.6964685814467941 -2.117980e+03 1.360510e+03 1.303982e+04 -1.393576e+03 1.344877e+03 1.305696e+04 -7.244041e+02 1.563282e+01 -1.713285e+01
30.4800713293817616 -2.257775e+03 1.457996e+03 1.353556e+04 -1.451956e+03 1.440741e+03 1.355468e+04 -8.058190e+02 1.725434e+01 -1.912259e+01
31.2084230143853958 -2.303258e+03 1.499801e+03 1.413108e+04 -1.516250e+03 1.483439e+03 1.415101e+04 -7.870077e+02 1.636178e+01 -1.992205e+01
31.9356268059537847 -2.279607e+03 1.559348e+03 1.452215e+04 -1.558980e+03 1.544693e+03 1.454138e+04 -7.206268e+02 1.465540e+01 -1.922727e+01
32.6764404206062551 -2.187963e+03 1.593545e+03 1.454756e+04 -1.564067e+03 1.583532e+03 1.456700e+04 -6.238955e+02 1.001372e+01 -1.943693e+01
33.4002118895104587 -2.090205e+03 1.508975e+03 1.449880e+04 -1.556031e+03 1.503351e+03 1.451678e+04 -5.341732e+02 5.624049e+00 -1.798717e+01
34.1257408282625931 -2.030292e+03 1.477442e+03 1.400096e+04 -1.546130e+03 1.472696e+03 1.401764e+04 -4.841616e+02 4.746298e+00 -1.667527e+01
34.8750546704841256 -1.919655e+03 1.410486e+03 1.348183e+04 -1.451551e+03 1.404213e+03 1.349802e+04 -4.681044e+02 6.273010e+00 -1.619058e+01
35.6175836302716817 -1.909252e+03 1.323515e+03 1.299498e+04 -1.393174e+03 1.315695e+03 1.301245e+04 -5.160784e+02 7.820231e+00 -1.747321e+01
36.4321522461239482 -1.930280e+03 1.302659e+03 1.251532e+04 -1.344803e+03 1.294970e+03 1.253227e+04 -5.854769e+02 7.688992e+00 -1.694482e+01
37.1279052519746031 -2.037686e+03 1.320768e+03 1.234135e+04 -1.333518e+03 1.306694e+03 1.235814e+04 -7.041677e+02 1.407430e+01 -1.679705e+01
37.8631082213816939 -2.277044e+03 1.396866e+03 1.261439e+04 -1.361817e+03 1.376798e+03 1.263385e+04 -9.152273e+02 2.006759e+01 -1.946367e+01
38.6091076894320651 -2.581716e+03 1.494329e+03 1.313939e+04 -1.420616e+03 1.471113e+03 1.316395e+04 -1.161099e+03 2.321649e+01 -2.455676e+01
39.3563713916524165 -2.802555e+03 1.592988e+03 1.389946e+04 -1.504559e+03 1.568872e+03 1.392847e+04 -1.297996e+03 2.411581e+01 -2.900335e+01
40.0936358063864517 -2.839222e+03 1.682952e+03 1.458573e+04 -1.569986e+03 1.663938e+03 1.461848e+04 -1.269236e+03 1.901419e+01 -3.275722e+01
40.8663937240911039 -2.668568e+03 1.684781e+03 1.495357e+04 -1.624488e+03 1.674321e+03 1.498028e+04 -1.044080e+03 1.045974e+01 -2.671106e+01
41.5858695514035475 -2.437572e+03 1.731963e+03 1.473538e+04 -1.614300e+03 1.726945e+03 1.475876e+04 -8.232720e+02 5.018344e+00 -2.337901e+01
42.3244578380850598 -2.244831e+03 1.726386e+03 1.438484e+04 -1.572998e+03 1.725900e+03 1.440548e+04 -6.718328e+02 4.869065e-01 -2.064133e+01
43.0743794715041517 -2.120384e+03 1.702463e+03 1.384878e+04 -1.520620e+03 1.703307e+03 1.386760e+04 -5.997646e+02 -8.444932e-01 -1.882241e+01
43.8325401127691947 -2.057821e+03 1.606337e+03 1.341816e+04 -1.469451e+03 1.606785e+03 1.343628e+04 -5.883700e+02 -4.480277e-01 -1.812196e+01
44.5922508618728912 -2.063021e+03 1.557600e+03 1.301349e+04 -1.404197e+03 1.557235e+03 1.303444e+04 -6.588243e+02 3.649808e-01 -2.094050e+01
45.3673426013657703 -2.144534e+03 1.547626e+03 1.299180e+04 -1.393217e+03 1.544316e+03 1.301443e+04 -7.513171e+02 3.310052e+00 -2.263174e+01
46.1189865807567543 -2.277604e+03 1.560941e+03 1.303385e+04 -1.403039e+03 1.555484e+03 1.305854e+04 -8.745657e+02 5.456602e+00 -2.469169e+01
46.8513946848296996 -2.443445e+03 1.599350e+03 1.329019e+04 -1.432017e+03 1.594186e+03 1.331683e+04 -1.011429e+03 5.164340e+00 -2.663409e+01
47.5762155845912815 -2.617118e+03 1.685670e+03 1.366943e+04 -1.469241e+03 1.681295e+03 1.369900e+04 -1.147877e+03 4.374373e+00 -2.957617e+01
48.3314376615946344 -2.738810e+03 1.739777e+03 1.410458e+04 -1.543467e+03 1.741008e+03 1.413831e+04 -1.195343e+03 -1.231611e+00 -3.372647e+01
49.0866819325165764 -2.727775e+03 1.842770e+03 1.449760e+04 -1.619122e+03 1.852926e+03 1.453284e+04 -1.108654e+03 -1.015608e+01 -3.524418e+01
49.8348447024001118 -2.626380e+03 1.859053e+03 1.463591e+04 -1.676144e+03 1.874364e+03 1.466792e+04 -9.502368e+02 -1.531144e+01 -3.200856e+01
50.581694161387432 -2.487299e+03 1.913696e+03 1.449038e+04 -1.683286e+03 1.928899e+03 1.451881e+04 -8.040129e+02 -1.520260e+01 -2.843463e+01
51.3098916405821441 -2.360857e+03 1.888719e+03 1.417563e+04 -1.666595e+03 1.905055e+03 1.420092e+04 -6.942614e+02 -1.633619e+01 -2.528996e+01
52.0489579402204967 -2.277206e+03 1.868118e+03 1.379301e+04 -1.624286e+03 1.882409e+03 1.381594e+04 -6.529200e+02 -1.429111e+01 -2.293004e+01
52.8128285503146273 -2.244034e+03 1.821739e+03 1.354645e+04 -1.588837e+03 1.836750e+03 1.356870e+04 -6.551972e+02 -1.501076e+01 -2.225622e+01
53.5670293091626633 -2.224598e+03 1.801049e+03 1.334852e+04 -1.547647e+03 1.817924e+03 1.337238e+04 -6.769508e+02 -1.687484e+01 -2.386455e+01
54.2990534235340618 -2.296941e+03 1.816872e+03 1.340679e+04 -1.563870e+03 1.831137e+03 1.343171e+04 -7.330711e+02 -1.426478e+01 -2.492575e+01
55.0190695628646367 -2.339435e+03 1.816977e+03 1.358394e+04 -1.570252e+03 1.833346e+03 1.361047e+04 -7.691826e+02 -1.636901e+01 -2.653144e+01
55.7436005338710601 -2.415841e+03 1.859276e+03 1.374310e+04 -1.608252e+03 1.873197e+03 1.377009e+04 -8.075886e+02 -1.392083e+01 -2.699533e+01
56.4482961595745394 -2.419571e+03 1.806388e+03 1.403976e+04 -1.650614e+03 1.824869e+03 1.406657e+04 -7.689567e+02 -1.848046e+01 -2.681379e+01
57.1675011495318728 -2.418654e+03 1.884188e+03 1.406893e+04 -1.689337e+03 1.900001e+03 1.409349e+04 -7.293166e+02 -1.581287e+01 -2.455554e+01
57.8754338823755319 -2.392061e+03 1.884004e+03 1.418468e+04 -1.713099e+03 1.899837e+03 1.420793e+04 -6.789617e+02 -1.583327e+01 -2.325856e+01
58.5814729527540763 -2.355010e+03 1.881978e+03 1.426247e+04 -1.716450e+03 1.897117e+03 1.428397e+04 -6.385605e+02 -1.513967e+01 -2.150137e+01
59.3106291968590895 -2.283049e+03 1.880520e+03 1.407616e+04 -1.700194e+03 1.895871e+03 1.409612e+04 -5.828555e+02 -1.535067e+01 -1.995784e+01
60.0378003449879785 -2.237417e+03 1.897915e+03 1.397725e+04 -1.685368e+03 1.912624e+03 1.399566e+04 -5.520493e+02 -1.470893e+01 -1.840409e+01
60.7786521462106037 -2.203730e+03 1.854549e+03 1.376309e+04 -1.672632e+03 1.869795e+03 1.378096e+04 -5.310978e+02 -1.524662e+01 -1.786844e+01
61.5131780720424501 -2.154957e+03 1.855728e+03 1.364938e+04 -1.627344e+03 1.871807e+03 1.366747e+04 -5.276132e+02 -1.607922e+01 -1.809071e+01
62.2528914245484017 -2.137699e+03 1.852985e+03 1.353998e+04 -1.596597e+03 1.869267e+03 1.355847e+04 -5.411027e+02 -1.628256e+01 -1.849356e+01
62.9826349841385706 -2.158832e+03 1.872921e+03 1.357636e+04 -1.591106e+03 1.889340e+03 1.359592e+04 -5.677254e+02 -1.641927e+01 -1.955761e+01
63.7384714516124831 -2.173738e+03 1.871168e+03 1.366506e+04 -1.591542e+03 1.887876e+03 1.368517e+04 -5.821962e+02 -1.670805e+01 -2.011087e+01
64.4645335775026354 -2.189604e+03 1.847938e+03 1.376646e+04 -1.609993e+03 1.865335e+03 1.378632e+04 -5.796108e+02 -1.739740e+01 -1.986472e+01
65.2176929140494508 -2.194789e+03 1.874099e+03 1.379143e+04 -1.614831e+03 1.890572e+03 1.381050e+04 -5.799587e+02 -1.647296e+01 -1.906659e+01
65.9463999364060811 -2.207505e+03 1.883270e+03 1.387083e+04 -1.636733e+03 1.899500e+03 1.388971e+04 -5.707722e+02 -1.622949e+01 -1.888137e+01
66.6917258726194007 -2.193583e+03 1.878912e+03 1.390499e+04 -1.643711e+03 1.894448e+03 1.392345e+04 -5.498715e+02 -1.553622e+01 -1.845619e+01
67.4182118519778584 -2.159707e+03 1.902060e+03 1.387956e+04 -1.632627e+03 1.916649e+03 1.389747e+04 -5.270795e+02 -1.458921e+01 -1.791852e+01
68.1630217220725427 -2.131274e+03 1.912932e+03 1.385643e+04 -1.615557e+03 1.925668e+03 1.387354e+04 -5.157176e+02 -1.273625e+01 -1.711465e+01
68.9169126634908338 -2.092337e+03 1.867431e+03 1.384110e+04 -1.588197e+03 1.878148e+03 1.385728e+04 -5.041402e+02 -1.071658e+01 -1.617720e+01
69.6472215044954623 -2.073119e+03 1.809981e+03 1.389827e+04 -1.568103e+03 1.819532e+03 1.391474e+04 -5.050157e+02 -9.550625e+00 -1.646837e+01
70.4075519716480898 -2.013147e+03 1.777002e+03 1.372361e+04 -1.543770e+03 1.783729e+03 1.373745e+04 -4.693768e+02 -6.726460e+00 -1.384440e+01
71.1798162230072649 -1.994693e+03 1.737028e+03 1.363918e+04 -1.531398e+03 1.741582e+03 1.365207e+04 -4.632948e+02 -4.553843e+00 -1.288856e+01
71.9711709708986263 -1.972960e+03 1.686962e+03 1.354394e+04 -1.514282e+03 1.689695e+03 1.355620e+04 -4.586771e+02 -2.732977e+00 -1.226096e+01
72.7609214795251233 -1.984661e+03 1.667880e+03 1.346355e+04 -1.515004e+03 1.668019e+03 1.347537e+04 -4.696569e+02 -1.386581e-01 -1.182080e+01
73.5546996788886673 -1.999082e+03 1.645005e+03 1.347338e+04 -1.517635e+03 1.643314e+03 1.348494e+04 -4.814467e+02 1.691061e+00 -1.156865e+01
74.3151498602749996 -2.007439e+03 1.664561e+03 1.349852e+04 -1.509402e+03 1.661609e+03 1.351032e+04 -4.980367e+02 2.951804e+00 -1.179439e+01
75.0594714938184921 -2.031460e+03 1.645267e+03 1.367284e+04 -1.518968e+03 1.642103e+03 1.368511e+04 -5.124918e+02 3.163477e+00 -1.226909e+01
75.7800119011915427 -2.048630e+03 1.666435e+03 1.367615e+04 -1.522684e+03 1.661032e+03 1.368876e+04 -5.259470e+02 5.403448e+00 -1.260348e+01
76.5663702280499763 -2.070283e+03 1.602392e+03 1.382715e+04 -1.526111e+03 1.600382e+03 1.384291e+04 -5.441715e+02 2.010323e+00 -1.575845e+01
77.3486867411419325 -2.078189e+03 1.586901e+03 1.391177e+04 -1.546625e+03 1.584939e+03 1.392745e+04 -5.315637e+02 1.961965e+00 -1.567696e+01
78.1047705452914158 -2.039263e+03 1.618177e+03 1.373353e+04 -1.524652e+03 1.616300e+03 1.374827e+04 -5.146111e+02 1.877068e+00 -1.473941e+01
78.8607383312082959 -2.036633e+03 1.571224e+03 1.369385e+04 -1.518360e+03 1.569421e+03 1.370945e+04 -5.182729e+02 1.802946e+00 -1.560258e+01
79.62617471363113 -2.015397e+03 1.548570e+03 1.359771e+04 -1.492902e+03 1.546608e+03 1.361413e+04 -5.224953e+02 1.961261e+00 -1.642791e+01
80.3864846802061948 -1.997689e+03 1.512067e+03 1.356150e+04 -1.475322e+03 1.509200e+03 1.357694e+04 -5.223672e+02 2.866196e+00 -1.544461e+01
81.1386937070728607 -2.006107e+03 1.505289e+03 1.339802e+04 -1.467770e+03 1.501469e+03 1.341330e+04 -5.383370e+02 3.820477e+00 -1.527854e+01
81.9004000910296241 -2.036537e+03 1.483110e+03 1.337077e+04 -1.463728e+03 1.478168e+03 1.338654e+04 -5.728090e+02 4.941795e+00 -1.576308e+01
82.7216187054761605 -2.096347e+03 1.504542e+03 1.342199e+04 -1.470361e+03 1.497833e+03 1.344019e+04 -6.259863e+02 6.709330e+00 -1.819401e+01
83.513048807748703 -2.158759e+03 1.518958e+03 1.362065e+04 -1.487794e+03 1.512898e+03 1.364042e+04 -6.709650e+02 6.060314e+00 -1.976908e+01
84.255735170542664 -2.186940e+03 1.583964e+03 1.374450e+04 -1.506301e+03 1.578309e+03 1.376461e+04 -6.806384e+02 5.654721e+00 -2.010859e+01
84.983600958284498 -2.212807e+03 1.613678e+03 1.378595e+04 -1.522111e+03 1.608644e+03 1.380647e+04 -6.906965e+02 5.033830e+00 -2.051042e+01
85.7177295610560606 -2.218790e+03 1.611238e+03 1.384118e+04 -1.527907e+03 1.605672e+03 1.386118e+04 -6.908834e+02 5.565430e+00 -2.000062e+01
86.5687149861727505 -2.217981e+03 1.667641e+03 1.380999e+04 -1.537718e+03 1.664503e+03 1.383064e+04 -6.802634e+02 3.138240e+00 -2.065580e+01
87.3115213432550945 -2.218252e+03 1.647821e+03 1.386483e+04 -1.553738e+03 1.645016e+03 1.388410e+04 -6.645139e+02 2.804828e+00 -1.926333e+01
88.057616986933013 -2.210132e+03 1.660324e+03 1.371271e+04 -1.548685e+03 1.657924e+03 1.373249e+04 -6.614469e+02 2.399178e+00 -1.977362e+01
88.8283215162924051 -2.198982e+03 1.654364e+03 1.363608e+04 -1.532531e+03 1.652271e+03 1.365614e+04 -6.664515e+02 2.092680e+00 -2.005184e+01
89.5789022334258078 -2.204296e+03 1.669201e+03 1.358461e+04 -1.525314e+03 1.668353e+03 1.360504e+04 -6.789826e+02 8.480131e-01 -2.043509e+01
90.3359034690712406 -2.230658e+03 1.669304e+03 1.363338e+04 -1.535133e+03 1.666958e+03 1.365404e+04 -6.955249e+02 2.346614e+00 -2.066774e+01
91.089800201105092 -2.252308e+03 1.665028e+03 1.355293e+04 -1.529894e+03 1.662956e+03 1.357484e+04 -7.224134e+02 2.071117e+00 -2.191048e+01
91.8246527804392656 -2.279220e+03 1.671163e+03 1.366793e+04 -1.531441e+03 1.670368e+03 1.369099e+04 -7.477798e+02 7.951076e-01 -2.306253e+01
92.5510022694150365 -2.312525e+03 1.694252e+03 1.372334e+04 -1.545962e+03 1.693795e+03 1.374660e+04 -7.665626e+02 4.572466e-01 -2.325913e+01
93.2536455670185376 -2.345807e+03 1.738735e+03 1.375755e+04 -1.565395e+03 1.739780e+03 1.378144e+04 -7.804115e+02 -1.044548e+00 -2.388997e+01
93.9698028944036281 -2.340257e+03 1.757422e+03 1.378449e+04 -1.561455e+03 1.759947e+03 1.380806e+04 -7.788024e+02 -2.524226e+00 -2.357513e+01
94.6630244157629335 -2.362938e+03 1.792674e+03 1.377508e+04 -1.574532e+03 1.796621e+03 1.379961e+04 -7.884057e+02 -3.947159e+00 -2.453168e+01
95.3977750620255449 -2.366970e+03 1.800352e+03 1.390411e+04 -1.585412e+03 1.806566e+03 1.392890e+04 -7.815576e+02 -6.214743e+00 -2.478920e+01
96.1064467623584449 -2.365105e+03 1.827968e+03 1.384082e+04 -1.591072e+03 1.835826e+03 1.386545e+04 -7.740329e+02 -7.857313e+00 -2.463097e+01
96.8296791204551965 -2.363562e+03 1.826362e+03 1.386616e+04 -1.596951e+03 1.835936e+03 1.389179e+04 -7.666108e+02 -9.574064e+00 -2.563885e+01
97.5729684675502256 -2.350279e+03 1.851526e+03 1.382380e+04 -1.594988e+03 1.862388e+03 1.384989e+04 -7.552906e+02 -1.086253e+01 -2.609070e+01
98.3306744706636096 -2.341488e+03 1.845554e+03 1.373295e+04 -1.595909e+03 1.857765e+03 1.375844e+04 -7.455796e+02 -1.221050e+01 -2.549767e+01
99.1234323519342553 -2.338933e+03 1.851795e+03 1.385797e+04 -1.602413e+03 1.864968e+03 1.388359e+04 -7.365200e+02 -1.317353e+01 -2.562029e+01
99.8923979956802839 -2.325494e+03 1.844083e+03 1.377963e+04 -1.598193e+03 1.857719e+03 1.380515e+04 -7.273014e+02 -1.363515e+01 -2.552310e+01
100.648449542045455 -2.325096e+03 1.858455e+03 1.377361e+04 -1.600204e+03 1.873022e+03 1.379945e+04 -7.248922e+02 -1.456770e+01 -2.583710e+01
101.40282468249498 -2.338282e+03 1.880083e+03 1.374056e+04 -1.612167e+03 1.894647e+03 1.376628e+04 -7.261152e+02 -1.456452e+01 -2.571980e+01
102.166761854985211 -2.335426e+03 1.866560e+03 1.376244e+04 -1.607766e+03 1.881359e+03 1.378875e+04 -7.276597e+02 -1.479965e+01 -2.631276e+01
102.908523920005365 -2.345701e+03 1.897694e+03 1.375390e+04 -1.623503e+03 1.912775e+03 1.377982e+04 -7.221975e+02 -1.508072e+01 -2.592476e+01
103.634059276646241 -2.355070e+03 1.909065e+03 1.380977e+04 -1.639442e+03 1.924845e+03 1.383518e+04 -7.156280e+02 -1.577989e+01 -2.541664e+01
104.365462183519014 -2.348241e+03 1.883846e+03 1.383133e+04 -1.647341e+03 1.900893e+03 1.385630e+04 -7.009002e+02 -1.704657e+01 -2.496593e+01
105.099042370541085 -2.344137e+03 1.923699e+03 1.375771e+04 -1.653622e+03 1.939524e+03 1.378227e+04 -6.905153e+02 -1.582541e+01 -2.456075e+01
105.830972235791691 -2.344406e+03 1.876405e+03 1.382730e+04 -1.657311e+03 1.893798e+03 1.385233e+04 -6.870946e+02 -1.739291e+01 -2.502641e+01
106.566991735395675 -2.333387e+03 1.903053e+03 1.381287e+04 -1.659484e+03 1.920064e+03 1.383681e+04 -6.739033e+02 -1.701161e+01 -2.394344e+01
107.296502774855469 -2.348935e+03 1.920038e+03 1.374740e+04 -1.681359e+03 1.936609e+03 1.377098e+04 -6.675752e+02 -1.657056e+01 -2.358488e+01
108.039858449523436 -2.332664e+03 1.879361e+03 1.400418e+04 -1.671014e+03 1.897310e+03 1.402823e+04 -6.616501e+02 -1.794941e+01 -2.405003e+01
108.788997061246903 -2.307122e+03 1.904021e+03 1.385313e+04 -1.661519e+03 1.921223e+03 1.387628e+04 -6.456030e+02 -1.720236e+01 -2.315444e+01
109.544837400659858 -2.305071e+03 1.930747e+03 1.381188e+04 -1.666876e+03 1.947525e+03 1.383444e+04 -6.381951e+02 -1.677817e+01 -2.255813e+01
110.263447324098308 -2.276359e+03 1.920648e+03 1.374522e+04 -1.645588e+03 1.937458e+03 1.376764e+04 -6.307715e+02 -1.681017e+01 -2.241604e+01
111.004844114726197 -2.278712e+03 1.917727e+03 1.377698e+04 -1.653787e+03 1.934538e+03 1.379910e+04 -6.249243e+02 -1.681094e+01 -2.212419e+01
111.779124588764674 -2.258522e+03 1.885592e+03 1.381641e+04 -1.640232e+03 1.902231e+03 1.383870e+04 -6.182899e+02 -1.663876e+01 -2.228756e+01
112.51846265083168 -2.249283e+03 1.894806e+03 1.380596e+04 -1.637289e+03 1.911036e+03 1.382822e+04 -6.119939e+02 -1.622993e+01 -2.226268e+01
113.255579687742312 -2.233885e+03 1.897289e+03 1.378311e+04 -1.632519e+03 1.913298e+03 1.380532e+04 -6.013668e+02 -1.600860e+01 -2.221038e+01
114.01829160155026 -2.226377e+03 1.905257e+03 1.372497e+04 -1.628505e+03 1.920719e+03 1.374723e+04 -5.978715e+02 -1.546180e+01 -2.226195e+01
114.768549403689363 -2.219912e+03 1.885887e+03 1.373178e+04 -1.618890e+03 1.900553e+03 1.375354e+04 -6.010223e+02 -1.466641e+01 -2.176035e+01
115.521641628326279 -2.227040e+03 1.889627e+03 1.381289e+04 -1.617506e+03 1.903059e+03 1.383470e+04 -6.095343e+02 -1.343146e+01 -2.181863e+01
116.267101225062191 -2.213136e+03 1.879245e+03 1.379044e+04 -1.613865e+03 1.890923e+03 1.381082e+04 -5.992716e+02 -1.167779e+01 -2.037962e+01
116.987511567599952 -2.195741e+03 1.860336e+03 1.379689e+04 -1.604632e+03 1.871087e+03 1.381644e+04 -5.911085e+02 -1.075094e+01 -1.955235e+01
117.734260103309254 -2.180012e+03 1.841102e+03 1.375134e+04 -1.597003e+03 1.850701e+03 1.377036e+04 -5.830093e+02 -9.599321e+00 -1.901439e+01
118.473653659329216 -2.162493e+03 1.818828e+03 1.372321e+04 -1.584899e+03 1.827208e+03 1.374159e+04 -5.775945e+02 -8.379933e+00 -1.837762e+01
119.226094332043417 -2.154188e+03 1.811065e+03 1.368392e+04 -1.579244e+03 1.818434e+03 1.370188e+04 -5.749440e+02 -7.369326e+00 -1.795797e+01
120.005581906038955 -2.140987e+03 1.778433e+03 1.374158e+04 -1.565794e+03 1.785080e+03 1.375940e+04 -5.751926e+02 -6.646680e+00 -1.781556e+01
120.773733833669951 -2.140403e+03 1.790808e+03 1.372373e+04 -1.568390e+03 1.796678e+03 1.374110e+04 -5.720132e+02 -5.869593e+00 -1.737263e+01
121.530041121236025 -2.136343e+03 1.761727e+03 1.372537e+04 -1.564403e+03 1.766602e+03 1.374241e+04 -5.719401e+02 -4.875446e+00 -1.703619e+01
122.274272303321411 -2.133194e+03 1.762834e+03 1.370404e+04 -1.560102e+03 1.766950e+03 1.372083e+04 -5.730924e+02 -4.116708e+00 -1.678292e+01
122.9872321083174 -2.137383e+03 1.746171e+03 1.366791e+04 -1.561972e+03 1.749891e+03 1.368460e+04 -5.754102e+02 -3.720388e+00 -1.669285e+01
123.719614396020987 -2.146831e+03 1.750017e+03 1.365706e+04 -1.565606e+03 1.753024e+03 1.367372e+04 -5.812252e+02 -3.007186e+00 -1.665379e+01
124.478220228203895 -2.146593e+03 1.761217e+03 1.364279e+04 -1.558536e+03 1.763638e+03 1.365940e+04 -5.880575e+02 -2.420858e+00 -1.661369e+01
125.188903473648892 -2.156894e+03 1.744374e+03 1.370455e+04 -1.563704e+03 1.746366e+03 1.372115e+04 -5.931901e+02 -1.991470e+00 -1.660264e+01
125.913472390347891 -2.159566e+03 1.727727e+03 1.370567e+04 -1.561072e+03 1.729491e+03 1.372244e+04 -5.984940e+02 -1.764581e+00 -1.676977e+01
126.653348479355344 -2.172187e+03 1.743583e+03 1.374333e+04 -1.571045e+03 1.745123e+03 1.376015e+04 -6.011420e+02 -1.540267e+00 -1.681094e+01
127.392336278765626 -2.166406e+03 1.747355e+03 1.374301e+04 -1.564680e+03 1.748834e+03 1.375982e+04 -6.017258e+02 -1.478816e+00 -1.681676e+01
128.174969429423896 -2.170071e+03 1.741187e+03 1.375459e+04 -1.567599e+03 1.742650e+03 1.377144e+04 -6.024718e+02 -1.463154e+00 -1.685531e+01
128.934677293898687 -2.171501e+03 1.746173e+03 1.371855e+04 -1.568482e+03 1.747452e+03 1.373542e+04 -6.030188e+02 -1.279030e+00 -1.687631e+01
129.676726972218944 -2.167567e+03 1.735388e+03 1.371416e+04 -1.563874e+03 1.736393e+03 1.373098e+04 -6.036935e+02 -1.004861e+00 -1.682223e+01
130.425237075668747 -2.173053e+03 1.723448e+03 1.367542e+04 -1.565096e+03 1.724517e+03 1.369263e+04 -6.079565e+02 -1.069164e+00 -1.720381e+01
131.249042869514 -2.180048e+03 1.740257e+03 1.364391e+04 -1.564543e+03 1.740909e+03 1.366100e+04 -6.155057e+02 -6.521403e-01 -1.709384e+01
131.988636603983878 -2.205448e+03 1.720190e+03 1.364400e+04 -1.578301e+03 1.720795e+03 1.366156e+04 -6.271466e+02 -6.047492e-01 -1.755595e+01
132.717806368826984 -2.200402e+03 1.742430e+03 1.365932e+04 -1.564548e+03 1.743101e+03 1.367702e+04 -6.358536e+02 -6.712314e-01 -1.770522e+01
133.425997227112106 -2.206708e+03 1.750567e+03 1.362350e+04 -1.562903e+03 1.751319e+03 1.364154e+04 -6.438052e+02 -7.513799e-01 -1.803969e+01
134.237512640861524 -2.205313e+03 1.738617e+03 1.367605e+04 -1.555251e+03 1.739538e+03 1.369447e+04 -6.500613e+02 -9.209056e-01 -1.841431e+01
135.031331447649819 -2.224840e+03 1.757804e+03 1.374481e+04 -1.568422e+03 1.758742e+03 1.376340e+04 -6.564175e+02 -9.385031e-01 -1.858257e+01
135.792786576503971 -2.231003e+03 1.751970e+03 1.372782e+04 -1.568769e+03 1.753419e+03 1.374667e+04 -6.622340e+02 -1.448500e+00 -1.885366e+01
136.55365624023699 -2.233484e+03 1.750207e+03 1.375692e+04 -1.567611e+03 1.752077e+03 1.377588e+04 -6.658731e+02 -1.870329e+00 -1.896854e+01
137.307088749856945 -2.244052e+03 1.779196e+03 1.366819e+04 -1.577518e+03 1.781378e+03 1.368758e+04 -6.665337e+02 -2.182239e+00 -1.939514e+01
138.06905023305913 -2.236029e+03 1.771684e+03 1.375848e+04 -1.568877e+03 1.774402e+03 1.377786e+04 -6.671523e+02 -2.718006e+00 -1.938850e+01
138.835167430282723 -2.231856e+03 1.775816e+03 1.371455e+04 -1.564016e+03 1.778619e+03 1.373420e+04 -6.678401e+02 -2.803566e+00 -1.964764e+01
139.581554627382843 -2.243497e+03 1.785117e+03 1.369300e+04 -1.572716e+03 1.788321e+03 1.371270e+04 -6.707802e+02 -3.203748e+00 -1.970459e+01
140.33739362442779 -2.247502e+03 1.788131e+03 1.369229e+04 -1.572599e+03 1.791782e+03 1.371210e+04 -6.749022e+02 -3.650505e+00 -1.981530e+01
141.094141604307168 -2.254936e+03 1.784606e+03 1.374766e+04 -1.573531e+03 1.788690e+03 1.376797e+04 -6.814047e+02 -4.083845e+00 -2.031115e+01
141.823941694292699 -2.265281e+03 1.782767e+03 1.376361e+04 -1.580386e+03 1.787302e+03 1.378408e+04 -6.848953e+02 -4.535183e+00 -2.046418e+01
142.561567213593662 -2.266398e+03 1.773078e+03 1.374279e+04 -1.579722e+03 1.778183e+03 1.376345e+04 -6.866762e+02 -5.104761e+00 -2.066106e+01
143.307372805114653 -2.269664e+03 1.788212e+03 1.374436e+04 -1.581540e+03 1.793784e+03 1.376536e+04 -6.881237e+02 -5.572549e+00 -2.099433e+01
144.06871913853945 -2.274327e+03 1.799158e+03 1.375447e+04 -1.586958e+03 1.805289e+03 1.377556e+04 -6.873693e+02 -6.130884e+00 -2.109390e+01
144.817869028142525 -2.266704e+03 1.796835e+03 1.375400e+04 -1.578694e+03 1.803432e+03 1.377540e+04 -6.880103e+02 -6.597143e+00 -2.139495e+01
145.562638979966266 -2.274801e+03 1.823713e+03 1.372512e+04 -1.582039e+03 1.830527e+03 1.374671e+04 -6.927623e+02 -6.813596e+00 -2.158656e+01
146.301186397496593 -2.282878e+03 1.807838e+03 1.377397e+04 -1.586285e+03 1.815330e+03 1.379599e+04 -6.965931e+02 -7.491749e+00 -2.202785e+01
147.067927289682018 -2.291584e+03 1.836776e+03 1.373891e+04 -1.595663e+03 1.844929e+03 1.376113e+04 -6.959215e+02 -8.153581e+00 -2.222356e+01
147.808381605617996 -2.295769e+03 1.842989e+03 1.375661e+04 -1.601152e+03 1.851289e+03 1.377883e+04 -6.946163e+02 -8.299403e+00 -2.222642e+01
148.522485634708744 -2.285400e+03 1.838023e+03 1.378018e+04 -1.591396e+03 1.846914e+03 1.380256e+04 -6.940047e+02 -8.890812e+00 -2.238563e+01
149.26092330598442 -2.290253e+03 1.830754e+03 1.377476e+04 -1.599501e+03 1.840071e+03 1.379730e+04 -6.907524e+02 -9.316379e+00 -2.253017e+01
149.999090942948897 -2.289911e+03 1.851151e+03 1.374222e+04 -1.604206e+03 1.860706e+03 1.376464e+04 -6.857055e+02 -9.555540e+00 -2.241782e+01
