# Force       
0.287273       -1.624781e+03 8.195867e+02 8.248051e+03 -1.009850e+03 8.325902e+02 8.261748e+03 -6.149314e+02 -1.300355e+01 -1.369703e+01
0.586189       -1.955392e+03 1.605883e+03 9.805533e+03 -1.336842e+03 1.592392e+03 9.802909e+03 -6.185503e+02 1.349103e+01 2.623237e+00
0.966375       -2.356820e+03 2.037943e+03 1.293813e+04 -1.771881e+03 1.995045e+03 1.291979e+04 -5.849391e+02 4.289839e+01 1.833485e+01
1.4000391105   -2.293820e+03 1.831908e+03 1.320743e+04 -1.316208e+03 1.804029e+03 1.320668e+04 -9.776116e+02 2.787967e+01 7.500408e-01
1.785288436858901 -2.678745e+03 1.694227e+03 1.262154e+04 -1.250102e+03 1.676837e+03 1.263228e+04 -1.428644e+03 1.739007e+01 -1.073624e+01
2.202773869803327 -3.110934e+03 1.942387e+03 1.194417e+04 -1.420346e+03 1.940187e+03 1.196149e+04 -1.690588e+03 2.199407e+00 -1.732005e+01
2.642059018957708 -4.158120e+03 2.313470e+03 1.227945e+04 -1.731297e+03 2.318540e+03 1.232446e+04 -2.426823e+03 -5.070022e+00 -4.501368e+01
3.019884353500367 -4.866512e+03 2.572533e+03 1.333016e+04 -2.004213e+03 2.577410e+03 1.339463e+04 -2.862299e+03 -4.876733e+00 -6.446939e+01
3.397480225181708 -5.260051e+03 3.072810e+03 1.473866e+04 -2.417172e+03 3.077731e+03 1.481296e+04 -2.842879e+03 -4.921808e+00 -7.430149e+01
3.829963119749972 -5.109336e+03 3.120473e+03 1.623958e+04 -2.756845e+03 3.125061e+03 1.630253e+04 -2.352492e+03 -4.587842e+00 -6.295358e+01
4.314917321020096 -4.705545e+03 3.233108e+03 1.731557e+04 -3.005081e+03 3.236097e+03 1.736993e+04 -1.700464e+03 -2.989204e+00 -5.435110e+01
4.875030675444855 -4.125812e+03 3.279755e+03 1.736430e+04 -3.104869e+03 3.288444e+03 1.740393e+04 -1.020943e+03 -8.688733e+00 -3.963270e+01
5.428182663474278 -3.829688e+03 3.419692e+03 1.703679e+04 -3.168102e+03 3.430234e+03 1.706566e+04 -6.615861e+02 -1.054189e+01 -2.886798e+01
5.98768719649264 -3.485070e+03 3.168567e+03 1.641435e+04 -3.024636e+03 3.177807e+03 1.643059e+04 -4.604333e+02 -9.240501e+00 -1.624182e+01
6.55244827246407 -3.177873e+03 3.005673e+03 1.523724e+04 -2.822896e+03 3.018032e+03 1.525014e+04 -3.549771e+02 -1.235849e+01 -1.289631e+01
7.123193285713717 -2.851084e+03 2.891877e+03 1.433963e+04 -2.553815e+03 2.901810e+03 1.435195e+04 -2.972682e+02 -9.932441e+00 -1.231961e+01
7.647500908757297 -2.462541e+03 2.532105e+03 1.315077e+04 -2.144704e+03 2.544475e+03 1.316035e+04 -3.178375e+02 -1.237031e+01 -9.575148e+00
8.140312271660433 -2.306805e+03 2.376210e+03 1.222930e+04 -1.941173e+03 2.391740e+03 1.223563e+04 -3.656317e+02 -1.553064e+01 -6.329176e+00
8.623600016913727 -2.244827e+03 2.223644e+03 1.169258e+04 -1.784682e+03 2.237971e+03 1.170102e+04 -4.601453e+02 -1.432638e+01 -8.441305e+00
9.119903984068916 -2.238899e+03 2.304614e+03 1.118959e+04 -1.652779e+03 2.314461e+03 1.120546e+04 -5.861199e+02 -9.846992e+00 -1.586615e+01
9.678637109143319 -2.458259e+03 2.179357e+03 1.150413e+04 -1.618344e+03 2.196356e+03 1.152936e+04 -8.399147e+02 -1.699894e+01 -2.522101e+01
10.2195092014009 -2.770407e+03 2.175044e+03 1.183377e+04 -1.642887e+03 2.193675e+03 1.186654e+04 -1.127520e+03 -1.863150e+01 -3.277634e+01
10.722982858349251 -3.163923e+03 2.263886e+03 1.228103e+04 -1.741202e+03 2.284056e+03 1.231919e+04 -1.422721e+03 -2.016961e+01 -3.815828e+01
11.204934957590423 -3.517480e+03 2.428554e+03 1.277234e+04 -1.857579e+03 2.444101e+03 1.281937e+04 -1.659901e+03 -1.554732e+01 -4.703061e+01
11.622687043395144 -3.818036e+03 2.550463e+03 1.317606e+04 -1.968212e+03 2.562497e+03 1.322891e+04 -1.849824e+03 -1.203442e+01 -5.285195e+01
12.040210967738279 -4.004587e+03 2.641053e+03 1.377170e+04 -2.088456e+03 2.651150e+03 1.382787e+04 -1.916131e+03 -1.009768e+01 -5.617262e+01
12.443340411831295 -4.050043e+03 2.689789e+03 1.435093e+04 -2.229008e+03 2.696754e+03 1.440299e+04 -1.821035e+03 -6.964887e+00 -5.205939e+01
12.83865342202 -3.881864e+03 2.738537e+03 1.469061e+04 -2.293332e+03 2.749195e+03 1.473779e+04 -1.588532e+03 -1.065796e+01 -4.717549e+01
13.290856570098756 -3.722912e+03 2.812759e+03 1.505236e+04 -2.399396e+03 2.822846e+03 1.509492e+04 -1.323516e+03 -1.008718e+01 -4.255840e+01
13.751712248634618 -3.656185e+03 3.039684e+03 1.537209e+04 -2.581429e+03 3.053689e+03 1.540931e+04 -1.074756e+03 -1.400533e+01 -3.722248e+01
14.219546385228544 -3.411013e+03 2.908818e+03 1.502691e+04 -2.510071e+03 2.925939e+03 1.505877e+04 -9.009416e+02 -1.712121e+01 -3.185809e+01
14.717862796680251 -3.318680e+03 2.843869e+03 1.489068e+04 -2.533789e+03 2.862009e+03 1.491911e+04 -7.848909e+02 -1.813952e+01 -2.843238e+01
15.196449492097823 -3.180556e+03 2.847577e+03 1.455600e+04 -2.461220e+03 2.869789e+03 1.457938e+04 -7.193356e+02 -2.221230e+01 -2.338191e+01
15.680001027364648 -3.082665e+03 2.798341e+03 1.419386e+04 -2.384430e+03 2.818912e+03 1.421345e+04 -6.982351e+02 -2.057076e+01 -1.959422e+01
16.156352605357981 -2.986068e+03 2.629040e+03 1.400218e+04 -2.314327e+03 2.652020e+03 1.401887e+04 -6.717403e+02 -2.297971e+01 -1.668617e+01
16.618757257414952 -2.919274e+03 2.598566e+03 1.351761e+04 -2.236549e+03 2.620887e+03 1.353295e+04 -6.827253e+02 -2.232112e+01 -1.534232e+01
17.063894190478496 -2.859295e+03 2.612018e+03 1.324856e+04 -2.151671e+03 2.628899e+03 1.326316e+04 -7.076237e+02 -1.688150e+01 -1.460139e+01
17.489307783537843 -2.827922e+03 2.606213e+03 1.303062e+04 -2.073930e+03 2.622452e+03 1.304817e+04 -7.539924e+02 -1.623853e+01 -1.755857e+01
17.903482669104527 -2.835914e+03 2.522954e+03 1.300464e+04 -2.040616e+03 2.540355e+03 1.302511e+04 -7.952982e+02 -1.740168e+01 -2.047436e+01
18.305550842590147 -2.882073e+03 2.536260e+03 1.284260e+04 -2.005840e+03 2.550132e+03 1.286510e+04 -8.762334e+02 -1.387177e+01 -2.250786e+01
18.714194853846635 -2.979594e+03 2.528476e+03 1.298516e+04 -2.014488e+03 2.542368e+03 1.301256e+04 -9.651055e+02 -1.389239e+01 -2.740494e+01
19.130449360268916 -3.048051e+03 2.493167e+03 1.305278e+04 -2.007295e+03 2.506182e+03 1.308118e+04 -1.040756e+03 -1.301457e+01 -2.839648e+01
19.532235815839417 -3.173748e+03 2.541389e+03 1.318265e+04 -2.035952e+03 2.550683e+03 1.321514e+04 -1.137796e+03 -9.294382e+00 -3.248398e+01
19.934276848778051 -3.254352e+03 2.597848e+03 1.333247e+04 -2.052603e+03 2.607492e+03 1.336903e+04 -1.201750e+03 -9.644071e+00 -3.656216e+01
20.328970278644135 -3.320301e+03 2.582324e+03 1.359500e+04 -2.105285e+03 2.593972e+03 1.363179e+04 -1.215017e+03 -1.164778e+01 -3.678120e+01
20.720886915809047 -3.302400e+03 2.642093e+03 1.370235e+04 -2.143196e+03 2.658835e+03 1.373913e+04 -1.159204e+03 -1.674126e+01 -3.677661e+01
21.125404035683022 -3.314486e+03 2.728774e+03 1.375175e+04 -2.179321e+03 2.743821e+03 1.378800e+04 -1.135165e+03 -1.504767e+01 -3.625104e+01
21.52937955066141 -3.337276e+03 2.712907e+03 1.395032e+04 -2.232524e+03 2.727087e+03 1.398508e+04 -1.104752e+03 -1.417989e+01 -3.475786e+01
21.934577639360917 -3.331696e+03 2.779921e+03 1.397595e+04 -2.256955e+03 2.793412e+03 1.401019e+04 -1.074741e+03 -1.349097e+01 -3.423661e+01
22.349468705614218 -3.341106e+03 2.798608e+03 1.411212e+04 -2.291399e+03 2.813100e+03 1.414443e+04 -1.049707e+03 -1.449155e+01 -3.231275e+01
22.771889574334885 -3.326467e+03 2.829752e+03 1.415512e+04 -2.318745e+03 2.843783e+03 1.418469e+04 -1.007722e+03 -1.403157e+01 -2.956892e+01
23.225986181982986 -3.287638e+03 2.812478e+03 1.418849e+04 -2.328561e+03 2.826794e+03 1.421455e+04 -9.590776e+02 -1.431656e+01 -2.606490e+01
23.672503897090944 -3.244113e+03 2.818171e+03 1.414744e+04 -2.333382e+03 2.834047e+03 1.417219e+04 -9.107305e+02 -1.587576e+01 -2.474900e+01
24.114988643705939 -3.194941e+03 2.738326e+03 1.410083e+04 -2.330201e+03 2.755900e+03 1.412280e+04 -8.647399e+02 -1.757460e+01 -2.197453e+01
24.571067458607338 -3.146639e+03 2.761815e+03 1.392361e+04 -2.304423e+03 2.778984e+03 1.394443e+04 -8.422159e+02 -1.716975e+01 -2.082749e+01
25.017423857390764 -3.107174e+03 2.722064e+03 1.379805e+04 -2.272188e+03 2.739305e+03 1.381848e+04 -8.349868e+02 -1.724069e+01 -2.042661e+01
25.460378957727812 -3.084449e+03 2.698871e+03 1.369980e+04 -2.251944e+03 2.715403e+03 1.372159e+04 -8.325056e+02 -1.653180e+01 -2.179072e+01
25.903527847312521 -3.046715e+03 2.778803e+03 1.346586e+04 -2.207159e+03 2.794627e+03 1.348845e+04 -8.395560e+02 -1.582394e+01 -2.259014e+01
26.326429405276087 -3.084905e+03 2.604455e+03 1.370944e+04 -2.217002e+03 2.621724e+03 1.373242e+04 -8.679030e+02 -1.726907e+01 -2.298358e+01
26.740352239639829 -3.038698e+03 2.673773e+03 1.330172e+04 -2.166022e+03 2.692964e+03 1.332314e+04 -8.726759e+02 -1.919078e+01 -2.141916e+01
27.202204529156649 -3.065580e+03 2.652702e+03 1.338407e+04 -2.164782e+03 2.671067e+03 1.340728e+04 -9.007978e+02 -1.836555e+01 -2.321430e+01
27.643756845821077 -3.120622e+03 2.625250e+03 1.349942e+04 -2.185387e+03 2.644385e+03 1.352384e+04 -9.352348e+02 -1.913487e+01 -2.441835e+01
28.073854563877628 -3.137288e+03 2.656183e+03 1.346596e+04 -2.182143e+03 2.674557e+03 1.349086e+04 -9.551453e+02 -1.837406e+01 -2.490107e+01
28.510538483022689 -3.168364e+03 2.675143e+03 1.345833e+04 -2.174729e+03 2.692583e+03 1.348411e+04 -9.936351e+02 -1.743962e+01 -2.577346e+01
28.938633710891253 -3.225674e+03 2.694628e+03 1.363254e+04 -2.216358e+03 2.713775e+03 1.365959e+04 -1.009315e+03 -1.914709e+01 -2.705232e+01
29.366209503202651 -3.228794e+03 2.738515e+03 1.362878e+04 -2.216517e+03 2.758473e+03 1.365600e+04 -1.012277e+03 -1.995742e+01 -2.722392e+01
29.820593557360962 -3.262833e+03 2.794733e+03 1.370509e+04 -2.244767e+03 2.815076e+03 1.373204e+04 -1.018066e+03 -2.034318e+01 -2.694339e+01
30.293206319811627 -3.298325e+03 2.833652e+03 1.382031e+04 -2.288068e+03 2.853484e+03 1.384705e+04 -1.010257e+03 -1.983174e+01 -2.673473e+01
30.769986237022135 -3.352091e+03 2.919148e+03 1.397081e+04 -2.358958e+03 2.938655e+03 1.399686e+04 -9.931331e+02 -1.950702e+01 -2.605742e+01
31.258658384099494 -3.405590e+03 2.982878e+03 1.415097e+04 -2.434171e+03 3.002587e+03 1.417592e+04 -9.714189e+02 -1.970892e+01 -2.494485e+01
31.743532107292694 -3.265787e+03 2.721791e+03 1.401588e+04 -2.324618e+03 2.741593e+03 1.403987e+04 -9.411687e+02 -1.980261e+01 -2.398774e+01
32.230542375873128 -3.232135e+03 2.647245e+03 1.392252e+04 -2.320358e+03 2.667600e+03 1.394550e+04 -9.117767e+02 -2.035459e+01 -2.298030e+01
32.730394536524649 -3.208936e+03 2.619869e+03 1.389364e+04 -2.322331e+03 2.642006e+03 1.391651e+04 -8.866048e+02 -2.213796e+01 -2.287506e+01
33.22033907416219 -3.181510e+03 2.637102e+03 1.379134e+04 -2.309201e+03 2.660307e+03 1.381416e+04 -8.723093e+02 -2.320530e+01 -2.282309e+01
33.718218172844608 -3.164166e+03 2.626527e+03 1.374490e+04 -2.296328e+03 2.650098e+03 1.376746e+04 -8.678375e+02 -2.357141e+01 -2.256419e+01
34.206272486365656 -3.154252e+03 2.635508e+03 1.365386e+04 -2.286662e+03 2.659071e+03 1.367612e+04 -8.675896e+02 -2.356331e+01 -2.225613e+01
34.692641223568742 -3.142026e+03 2.721564e+03 1.348353e+04 -2.263127e+03 2.744671e+03 1.350641e+04 -8.788991e+02 -2.310651e+01 -2.288655e+01
35.186795045230511 -3.154495e+03 2.694109e+03 1.353405e+04 -2.256427e+03 2.716954e+03 1.355714e+04 -8.980675e+02 -2.284503e+01 -2.309449e+01
35.670142332456308 -3.179424e+03 2.744286e+03 1.352389e+04 -2.270161e+03 2.767290e+03 1.354817e+04 -9.092631e+02 -2.300393e+01 -2.427628e+01
36.151352201214536 -3.235624e+03 2.790639e+03 1.369918e+04 -2.312393e+03 2.813117e+03 1.372332e+04 -9.232311e+02 -2.247716e+01 -2.414492e+01
36.64132557124784 -3.324593e+03 2.895386e+03 1.381724e+04 -2.386415e+03 2.917535e+03 1.384226e+04 -9.381777e+02 -2.214951e+01 -2.502487e+01
37.127696580718514 -3.219528e+03 2.707918e+03 1.361955e+04 -2.255503e+03 2.729030e+03 1.364323e+04 -9.640245e+02 -2.111165e+01 -2.368533e+01
37.607742607843463 -3.252332e+03 2.809314e+03 1.357261e+04 -2.283540e+03 2.829369e+03 1.359679e+04 -9.687915e+02 -2.005537e+01 -2.418115e+01
38.084886308579648 -3.253829e+03 2.800501e+03 1.362720e+04 -2.269019e+03 2.819760e+03 1.365176e+04 -9.848107e+02 -1.925894e+01 -2.456451e+01
38.560289929238429 -3.385914e+03 3.032116e+03 1.383803e+04 -2.378619e+03 3.051616e+03 1.386311e+04 -1.007295e+03 -1.950032e+01 -2.508043e+01
39.034508648084952 -3.404392e+03 3.085823e+03 1.385188e+04 -2.405980e+03 3.104615e+03 1.387726e+04 -9.984121e+02 -1.879204e+01 -2.537618e+01
39.512824821094782 -3.317096e+03 2.884852e+03 1.381943e+04 -2.333832e+03 2.905015e+03 1.384460e+04 -9.832638e+02 -2.016337e+01 -2.517609e+01
39.987344291039193 -3.304739e+03 2.775356e+03 1.389594e+04 -2.333806e+03 2.797424e+03 1.392133e+04 -9.709333e+02 -2.206734e+01 -2.539498e+01
40.45169471203134 -3.321901e+03 2.851115e+03 1.394053e+04 -2.371585e+03 2.873112e+03 1.396644e+04 -9.503164e+02 -2.199675e+01 -2.591641e+01
40.915409580221528 -3.273937e+03 2.806766e+03 1.376934e+04 -2.336386e+03 2.830573e+03 1.379639e+04 -9.375504e+02 -2.380666e+01 -2.705572e+01
41.38949011744873 -3.280158e+03 2.832693e+03 1.392429e+04 -2.361662e+03 2.855039e+03 1.395151e+04 -9.184964e+02 -2.234581e+01 -2.721777e+01
41.868766652653299 -3.255872e+03 2.804870e+03 1.389095e+04 -2.365889e+03 2.826669e+03 1.391601e+04 -8.899831e+02 -2.179939e+01 -2.505226e+01
42.348309037427775 -3.237525e+03 2.828212e+03 1.375163e+04 -2.359515e+03 2.848509e+03 1.377641e+04 -8.780103e+02 -2.029685e+01 -2.477860e+01
42.860976858878246 -3.205767e+03 2.830425e+03 1.374072e+04 -2.345624e+03 2.846429e+03 1.376487e+04 -8.601424e+02 -1.600390e+01 -2.415137e+01
43.378398444276407 -3.195860e+03 2.830730e+03 1.360921e+04 -2.341788e+03 2.846701e+03 1.363389e+04 -8.540716e+02 -1.597096e+01 -2.468447e+01
43.901306939131068 -3.216710e+03 2.815233e+03 1.356909e+04 -2.352678e+03 2.831263e+03 1.359369e+04 -8.640322e+02 -1.603036e+01 -2.459844e+01
44.408309701354248 -3.223195e+03 2.804750e+03 1.353940e+04 -2.342331e+03 2.820877e+03 1.356422e+04 -8.808642e+02 -1.612773e+01 -2.482455e+01
44.918009628838227 -3.242645e+03 2.794362e+03 1.357136e+04 -2.344632e+03 2.810517e+03 1.359710e+04 -8.980122e+02 -1.615514e+01 -2.573754e+01
45.437116281181616 -3.267404e+03 2.817024e+03 1.354722e+04 -2.354503e+03 2.833124e+03 1.357350e+04 -9.129013e+02 -1.609966e+01 -2.628341e+01
45.947016359109398 -3.292165e+03 2.816904e+03 1.361534e+04 -2.365746e+03 2.833022e+03 1.364213e+04 -9.264186e+02 -1.611815e+01 -2.678694e+01
46.468414107876924 -3.311542e+03 2.821866e+03 1.366254e+04 -2.377885e+03 2.837933e+03 1.368953e+04 -9.336570e+02 -1.606751e+01 -2.698544e+01
46.983068377275501 -3.330162e+03 2.837477e+03 1.371199e+04 -2.396010e+03 2.853189e+03 1.373901e+04 -9.341517e+02 -1.571176e+01 -2.702090e+01
47.49840292520004 -3.355832e+03 2.863106e+03 1.374747e+04 -2.423824e+03 2.878862e+03 1.377430e+04 -9.320076e+02 -1.575686e+01 -2.682584e+01
48.020775682695707 -3.368109e+03 2.866390e+03 1.377723e+04 -2.440534e+03 2.882055e+03 1.380336e+04 -9.275751e+02 -1.566474e+01 -2.612829e+01
48.535611643907743 -3.367399e+03 2.865420e+03 1.383006e+04 -2.451214e+03 2.881123e+03 1.385616e+04 -9.161852e+02 -1.570285e+01 -2.609169e+01
49.052248780570054 -3.373658e+03 2.845308e+03 1.378641e+04 -2.467231e+03 2.860221e+03 1.381152e+04 -9.064270e+02 -1.491240e+01 -2.510734e+01
49.582002107388092 -3.367862e+03 2.883805e+03 1.383405e+04 -2.473226e+03 2.899208e+03 1.385941e+04 -8.946366e+02 -1.540263e+01 -2.536242e+01
50.102268950522294 -3.367094e+03 2.877629e+03 1.378387e+04 -2.479627e+03 2.893472e+03 1.380908e+04 -8.874667e+02 -1.584268e+01 -2.520863e+01
50.62202954490774 -3.357449e+03 2.899496e+03 1.374819e+04 -2.474339e+03 2.916071e+03 1.377337e+04 -8.831101e+02 -1.657485e+01 -2.517591e+01
51.154573025880055 -3.364584e+03 2.889404e+03 1.373660e+04 -2.485461e+03 2.905607e+03 1.376168e+04 -8.791231e+02 -1.620360e+01 -2.507602e+01
51.677707190165627 -3.354364e+03 2.907175e+03 1.369726e+04 -2.474418e+03 2.922960e+03 1.372264e+04 -8.799459e+02 -1.578432e+01 -2.538004e+01
52.202357452321479 -3.353066e+03 2.907817e+03 1.369319e+04 -2.473637e+03 2.923504e+03 1.371831e+04 -8.794289e+02 -1.568702e+01 -2.512272e+01
52.737204494715115 -3.371433e+03 2.907120e+03 1.368636e+04 -2.485084e+03 2.922997e+03 1.371155e+04 -8.863488e+02 -1.587736e+01 -2.518698e+01
53.266894714281506 -3.386896e+03 2.896394e+03 1.366083e+04 -2.496051e+03 2.912322e+03 1.368595e+04 -8.908457e+02 -1.592842e+01 -2.511832e+01
53.796665098609317 -3.402369e+03 2.897495e+03 1.364870e+04 -2.503281e+03 2.913238e+03 1.367435e+04 -8.990883e+02 -1.574270e+01 -2.564635e+01
54.335070565996119 -3.408305e+03 2.906970e+03 1.365073e+04 -2.500714e+03 2.922854e+03 1.367637e+04 -9.075905e+02 -1.588398e+01 -2.564359e+01
54.857243546176356 -3.435628e+03 2.917634e+03 1.366576e+04 -2.513242e+03 2.936514e+03 1.369184e+04 -9.223864e+02 -1.888062e+01 -2.608193e+01
55.358138106313973 -3.459574e+03 2.904988e+03 1.367053e+04 -2.512699e+03 2.927276e+03 1.369656e+04 -9.468749e+02 -2.228834e+01 -2.603180e+01
55.869251991426786 -3.486789e+03 2.906754e+03 1.367469e+04 -2.529651e+03 2.928947e+03 1.370139e+04 -9.571377e+02 -2.219223e+01 -2.669757e+01
56.373867115037726 -3.509633e+03 2.925861e+03 1.370758e+04 -2.550484e+03 2.948122e+03 1.373416e+04 -9.591496e+02 -2.226110e+01 -2.657841e+01
56.884559467487826 -3.532800e+03 2.950468e+03 1.373333e+04 -2.574914e+03 2.972462e+03 1.376001e+04 -9.578867e+02 -2.199429e+01 -2.667187e+01
57.404645274273911 -3.529997e+03 2.961742e+03 1.372210e+04 -2.575650e+03 2.983444e+03 1.374893e+04 -9.543472e+02 -2.170222e+01 -2.682376e+01
57.917093043072057 -3.539216e+03 2.949051e+03 1.374453e+04 -2.591411e+03 2.970703e+03 1.377172e+04 -9.478047e+02 -2.165220e+01 -2.718565e+01
58.435013006477469 -3.555877e+03 2.977073e+03 1.375862e+04 -2.615230e+03 2.997813e+03 1.378574e+04 -9.406475e+02 -2.073961e+01 -2.712267e+01
58.965036249972947 -3.553589e+03 2.987187e+03 1.374414e+04 -2.616495e+03 3.006614e+03 1.377091e+04 -9.370949e+02 -1.942724e+01 -2.676311e+01
59.487079692151177 -3.574674e+03 3.001610e+03 1.377360e+04 -2.637148e+03 3.021807e+03 1.380162e+04 -9.375264e+02 -2.019657e+01 -2.802217e+01
60.016213156584556 -3.559725e+03 2.994625e+03 1.378805e+04 -2.631684e+03 3.014688e+03 1.381548e+04 -9.280415e+02 -2.006333e+01 -2.743692e+01
60.541112288930421 -3.566019e+03 3.003293e+03 1.373902e+04 -2.641677e+03 3.022377e+03 1.376649e+04 -9.243413e+02 -1.908348e+01 -2.746875e+01
61.070264668517247 -3.570192e+03 3.010614e+03 1.373730e+04 -2.650099e+03 3.030002e+03 1.376483e+04 -9.200931e+02 -1.938748e+01 -2.752178e+01
61.614122655478255 -3.569375e+03 2.994603e+03 1.373522e+04 -2.650717e+03 3.013737e+03 1.376254e+04 -9.186579e+02 -1.913425e+01 -2.732802e+01
62.14664324878386 -3.577262e+03 3.020199e+03 1.369982e+04 -2.658095e+03 3.039316e+03 1.372756e+04 -9.191669e+02 -1.911749e+01 -2.774285e+01
62.683041012638547 -3.566232e+03 2.995719e+03 1.372262e+04 -2.647623e+03 3.015223e+03 1.375029e+04 -9.186088e+02 -1.950417e+01 -2.766326e+01
63.229077714919363 -3.578707e+03 3.011379e+03 1.369217e+04 -2.657309e+03 3.030612e+03 1.372012e+04 -9.213986e+02 -1.923214e+01 -2.794337e+01
63.76689469239237 -3.587989e+03 3.031826e+03 1.370977e+04 -2.663980e+03 3.050567e+03 1.373826e+04 -9.240083e+02 -1.874171e+01 -2.848354e+01
64.299396252311084 -3.593318e+03 3.001180e+03 1.370265e+04 -2.669091e+03 3.020696e+03 1.373112e+04 -9.242268e+02 -1.951651e+01 -2.846668e+01
64.832251801176156 -3.608917e+03 2.996842e+03 1.373636e+04 -2.681008e+03 3.017254e+03 1.376463e+04 -9.279092e+02 -2.041170e+01 -2.827101e+01
65.357562782342384 -3.623876e+03 3.003579e+03 1.365900e+04 -2.692303e+03 3.024106e+03 1.368721e+04 -9.315726e+02 -2.052765e+01 -2.820970e+01
65.881768253821718 -3.626399e+03 2.984828e+03 1.369492e+04 -2.692816e+03 3.005416e+03 1.372288e+04 -9.335829e+02 -2.058776e+01 -2.795917e+01
66.43786633769875 -3.638462e+03 2.991862e+03 1.371459e+04 -2.711682e+03 3.011734e+03 1.374287e+04 -9.267801e+02 -1.987240e+01 -2.828200e+01
67.00280226490213 -3.638188e+03 3.002619e+03 1.372976e+04 -2.721391e+03 3.021266e+03 1.375743e+04 -9.167969e+02 -1.864763e+01 -2.767546e+01
67.565586710577008 -3.635477e+03 2.975842e+03 1.378137e+04 -2.725344e+03 2.994235e+03 1.380906e+04 -9.101330e+02 -1.839297e+01 -2.768527e+01
68.103788074222422 -3.682787e+03 3.106034e+03 1.375221e+04 -2.763966e+03 3.128094e+03 1.377852e+04 -9.188216e+02 -2.205972e+01 -2.630903e+01
68.654905346069299 -3.625084e+03 2.990629e+03 1.369820e+04 -2.718693e+03 3.008468e+03 1.372460e+04 -9.063908e+02 -1.783989e+01 -2.640014e+01
69.179581541712054 -3.656016e+03 2.979370e+03 1.372413e+04 -2.740818e+03 2.999880e+03 1.375234e+04 -9.151983e+02 -2.050958e+01 -2.820844e+01
69.735459914728096 -3.703586e+03 3.136239e+03 1.380799e+04 -2.797710e+03 3.157241e+03 1.383442e+04 -9.058757e+02 -2.100256e+01 -2.642298e+01
70.283211364164274 -3.624910e+03 2.966882e+03 1.375123e+04 -2.734688e+03 2.984332e+03 1.377832e+04 -8.902224e+02 -1.744996e+01 -2.709566e+01
70.79886103499264 -3.662839e+03 3.130743e+03 1.365435e+04 -2.765174e+03 3.151822e+03 1.368139e+04 -8.976649e+02 -2.107874e+01 -2.703485e+01
71.364622421273779 -3.622899e+03 3.028152e+03 1.370407e+04 -2.734728e+03 3.044105e+03 1.373106e+04 -8.881706e+02 -1.595321e+01 -2.699104e+01
71.879681240490953 -3.693406e+03 3.156710e+03 1.368630e+04 -2.793760e+03 3.175864e+03 1.371359e+04 -8.996462e+02 -1.915466e+01 -2.728857e+01
72.44473117852597 -3.739425e+03 3.205080e+03 1.394433e+04 -2.849864e+03 3.222453e+03 1.397171e+04 -8.895605e+02 -1.737231e+01 -2.738564e+01
72.99707734663869 -3.620479e+03 3.033393e+03 1.365105e+04 -2.731059e+03 3.050634e+03 1.367797e+04 -8.894194e+02 -1.724080e+01 -2.691839e+01
73.544675730155234 -3.651098e+03 3.004582e+03 1.374959e+04 -2.747673e+03 3.024393e+03 1.377709e+04 -9.034251e+02 -1.981148e+01 -2.749494e+01
74.10374102159173 -3.652597e+03 3.025027e+03 1.368334e+04 -2.747817e+03 3.046092e+03 1.371133e+04 -9.047802e+02 -2.106553e+01 -2.799109e+01
74.652060291800396 -3.657962e+03 2.994670e+03 1.368855e+04 -2.749182e+03 3.015889e+03 1.371729e+04 -9.087803e+02 -2.121894e+01 -2.874065e+01
75.204116243576649 -3.654094e+03 3.066531e+03 1.364345e+04 -2.744767e+03 3.087892e+03 1.367153e+04 -9.093274e+02 -2.136110e+01 -2.807979e+01
75.772662148162041 -3.705284e+03 3.128155e+03 1.372051e+04 -2.797313e+03 3.148052e+03 1.374783e+04 -9.079711e+02 -1.989662e+01 -2.732621e+01
76.33245664577862 -3.741275e+03 3.209194e+03 1.379420e+04 -2.839119e+03 3.227683e+03 1.382188e+04 -9.021556e+02 -1.848973e+01 -2.768164e+01
76.890149930484043 -3.719288e+03 3.124095e+03 1.384382e+04 -2.821648e+03 3.141179e+03 1.387172e+04 -8.976394e+02 -1.708429e+01 -2.790118e+01
77.454184515547354 -3.645758e+03 3.031697e+03 1.366756e+04 -2.745320e+03 3.048872e+03 1.369557e+04 -9.004379e+02 -1.717422e+01 -2.801133e+01
78.004649668742772 -3.679456e+03 3.049984e+03 1.372414e+04 -2.774446e+03 3.069545e+03 1.375315e+04 -9.050103e+02 -1.956060e+01 -2.900347e+01
78.554559151778832 -3.677702e+03 3.066732e+03 1.371611e+04 -2.774520e+03 3.087128e+03 1.374618e+04 -9.031819e+02 -2.039621e+01 -3.007091e+01
79.120334232476907 -3.678536e+03 3.089160e+03 1.369248e+04 -2.780475e+03 3.109314e+03 1.372205e+04 -8.980608e+02 -2.015449e+01 -2.956432e+01
79.679978415336365 -3.695585e+03 3.133905e+03 1.371163e+04 -2.795372e+03 3.153395e+03 1.374023e+04 -9.002131e+02 -1.948977e+01 -2.860174e+01
80.247442012244775 -3.744677e+03 3.203822e+03 1.384367e+04 -2.854332e+03 3.221958e+03 1.387235e+04 -8.903454e+02 -1.813563e+01 -2.867346e+01
80.819283959692456 -3.720217e+03 3.173727e+03 1.384297e+04 -2.839823e+03 3.190906e+03 1.387168e+04 -8.803937e+02 -1.717870e+01 -2.870589e+01
81.374726654324462 -3.632865e+03 3.029922e+03 1.366985e+04 -2.749856e+03 3.047851e+03 1.369878e+04 -8.830095e+02 -1.792965e+01 -2.892316e+01
81.924883406619244 -3.671597e+03 3.071214e+03 1.372968e+04 -2.780386e+03 3.091351e+03 1.375974e+04 -8.912102e+02 -2.013658e+01 -3.005701e+01
82.488688098557333 -3.668679e+03 3.056922e+03 1.369144e+04 -2.778000e+03 3.077662e+03 1.372216e+04 -8.906793e+02 -2.073919e+01 -3.072105e+01
83.04366383943632 -3.679763e+03 3.118715e+03 1.364540e+04 -2.789989e+03 3.139114e+03 1.367505e+04 -8.897740e+02 -2.039906e+01 -2.964680e+01
83.608938015402344 -3.716748e+03 3.191089e+03 1.373362e+04 -2.828712e+03 3.211234e+03 1.376210e+04 -8.880359e+02 -2.014414e+01 -2.847986e+01
84.183523922150385 -3.759273e+03 3.250014e+03 1.385094e+04 -2.874594e+03 3.267528e+03 1.387938e+04 -8.846788e+02 -1.751413e+01 -2.844621e+01
84.743565788473177 -3.679345e+03 3.079595e+03 1.373317e+04 -2.791395e+03 3.096649e+03 1.376251e+04 -8.879496e+02 -1.705358e+01 -2.934916e+01
85.296003986675871 -3.683501e+03 3.084445e+03 1.370237e+04 -2.785711e+03 3.103511e+03 1.373180e+04 -8.977900e+02 -1.906558e+01 -2.943449e+01
85.860072789909751 -3.690994e+03 3.076771e+03 1.370557e+04 -2.790401e+03 3.096683e+03 1.373605e+04 -9.005932e+02 -1.991204e+01 -3.048360e+01
86.415041614411933 -3.705924e+03 3.093939e+03 1.368116e+04 -2.804665e+03 3.114496e+03 1.371191e+04 -9.012585e+02 -2.055698e+01 -3.074083e+01
86.986516460814599 -3.700714e+03 3.129277e+03 1.372059e+04 -2.799923e+03 3.149438e+03 1.375094e+04 -9.007904e+02 -2.016071e+01 -3.034488e+01
87.554496334336676 -3.751553e+03 3.221406e+03 1.382309e+04 -2.859496e+03 3.239842e+03 1.385262e+04 -8.920572e+02 -1.843605e+01 -2.953684e+01
88.119557564437528 -3.720416e+03 3.126555e+03 1.381592e+04 -2.836477e+03 3.143066e+03 1.384595e+04 -8.839394e+02 -1.651071e+01 -3.003199e+01
88.687051742915273 -3.660492e+03 3.058900e+03 1.368776e+04 -2.774303e+03 3.076657e+03 1.371825e+04 -8.861893e+02 -1.775759e+01 -3.049376e+01
89.242054635638638 -3.698298e+03 3.080071e+03 1.375386e+04 -2.808592e+03 3.099959e+03 1.378516e+04 -8.897063e+02 -1.988856e+01 -3.130254e+01
89.795629396846167 -3.693161e+03 3.104850e+03 1.369077e+04 -2.809776e+03 3.125241e+03 1.372104e+04 -8.833851e+02 -2.039002e+01 -3.027465e+01
90.372801401174456 -3.716223e+03 3.196560e+03 1.365864e+04 -2.831531e+03 3.216252e+03 1.368837e+04 -8.846918e+02 -1.969218e+01 -2.973610e+01
90.943010307004471 -3.770839e+03 3.273352e+03 1.384125e+04 -2.888388e+03 3.291293e+03 1.387100e+04 -8.824505e+02 -1.794128e+01 -2.974723e+01
91.501316617867801 -3.658169e+03 3.050674e+03 1.365025e+04 -2.776186e+03 3.067880e+03 1.368034e+04 -8.819828e+02 -1.720567e+01 -3.008760e+01
92.069204421864711 -3.701491e+03 3.104544e+03 1.371118e+04 -2.809158e+03 3.123652e+03 1.374227e+04 -8.923324e+02 -1.910778e+01 -3.109178e+01
92.623176409462999 -3.704683e+03 3.094662e+03 1.372214e+04 -2.810408e+03 3.115394e+03 1.375409e+04 -8.942752e+02 -2.073228e+01 -3.194751e+01
93.184775816761643 -3.719786e+03 3.158479e+03 1.373436e+04 -2.833937e+03 3.178834e+03 1.376492e+04 -8.858496e+02 -2.035524e+01 -3.055696e+01
93.765642943966839 -3.763076e+03 3.222217e+03 1.382948e+04 -2.883962e+03 3.240725e+03 1.385997e+04 -8.791146e+02 -1.850823e+01 -3.049099e+01
94.330630602148744 -3.691341e+03 3.083215e+03 1.380961e+04 -2.811910e+03 3.101229e+03 1.384116e+04 -8.794307e+02 -1.801380e+01 -3.154979e+01
94.890026444895554 -3.684919e+03 3.061589e+03 1.372027e+04 -2.809099e+03 3.080930e+03 1.375106e+04 -8.758202e+02 -1.934095e+01 -3.078581e+01
95.457963289875451 -3.699652e+03 3.102822e+03 1.362084e+04 -2.814328e+03 3.122544e+03 1.365213e+04 -8.853235e+02 -1.972247e+01 -3.128662e+01
96.018566085820581 -3.709303e+03 3.128125e+03 1.368044e+04 -2.816546e+03 3.148214e+03 1.371261e+04 -8.927566e+02 -2.008904e+01 -3.216605e+01
96.58850850008568 -3.716501e+03 3.189028e+03 1.375400e+04 -2.833956e+03 3.209305e+03 1.378527e+04 -8.825450e+02 -2.027702e+01 -3.126974e+01
97.169537323079169 -3.765564e+03 3.234856e+03 1.385352e+04 -2.890165e+03 3.251830e+03 1.388496e+04 -8.753994e+02 -1.697380e+01 -3.144285e+01
97.727469659217348 -3.688119e+03 3.092619e+03 1.367515e+04 -2.812260e+03 3.110492e+03 1.370708e+04 -8.758585e+02 -1.787321e+01 -3.192658e+01
98.28071871862231 -3.685775e+03 3.078438e+03 1.369706e+04 -2.802546e+03 3.098134e+03 1.373029e+04 -8.832290e+02 -1.969572e+01 -3.323048e+01
98.851352793211007 -3.697766e+03 3.140975e+03 1.368658e+04 -2.816836e+03 3.161650e+03 1.371872e+04 -8.809299e+02 -2.067440e+01 -3.214012e+01
99.424868862954241 -3.751291e+03 3.238907e+03 1.381367e+04 -2.879297e+03 3.256679e+03 1.384483e+04 -8.719945e+02 -1.777174e+01 -3.115181e+01
100.00122678500632 -3.682107e+03 3.081076e+03 1.375747e+04 -2.809851e+03 3.098817e+03 1.378899e+04 -8.722563e+02 -1.774140e+01 -3.152506e+01
