0.000264	0 0 -1.34185e-10
0.601223	0 0 -0.00978246
1.4343230767	0 0 -0.0418706
2.400333431241326	0 0 -0.0795511
3.093437637035795	0 0 -0.105788
3.913339238963746	0 0 -0.136853
5.096984272661917	0 0 -0.16909
6.012773935848899	0 0 -0.173887
6.813174188591191	0 0 -0.162832
7.691420702765325	0 0 -0.139027
8.477662304588746	0 0 -0.113391
9.259747502691475	0 0 -0.0914004
10.078608873832248	0 0 -0.0778922
10.861212641786654	0 0 -0.07541
11.617115088387052	0 0 -0.0803644
12.304581683738125	0 0 -0.0876605
13.007883511141118	0 0 -0.0938801
13.701874177757684	0 0 -0.0953606
14.360741875506525	0 0 -0.0906059
15.047437471986198	0 0 -0.078975
15.781050290869068	0 0 -0.0605094
16.5525979044402547	0 0 -0.0372335
17.3512251587566482	0 0 -0.0130893
18.1822485577847495	0 0 0.00839515
19.0205172517659626	0 0 0.0239724
19.827279979686665	0 0 0.0339718
20.5932643608782833	0 0 0.0401076
21.3758474315438356	0 0 0.0448422
22.1112632462347527	0 0 0.049933
22.8610454948698347	0 0 0.0573368
23.6093429350808393	0 0 0.0676489
24.3533445434800981	0 0 0.0805006
25.1232199783906722	0 0 0.0955341
25.9063369062571986	0 0 0.110986
26.696224439031873	0 0 0.125191
27.4702722764560789	0 0 0.136172
28.2069772623139734	0 0 0.142147
28.9516102838466871	0 0 0.143233
29.7250630313855524	0 0 0.139561
30.5056190369640561	0 0 0.132678
31.2390334339950719	0 0 0.125649
31.9617291758987143	0 0 0.120349
32.7012751373749992	0 0 0.118126
33.4247871416659521	0 0 0.119528
34.1555499098252184	0 0 0.123852
34.9021401409986325	0 0 0.129393
35.6463583538291005	0 0 0.133716
36.4601859799466936	0 0 0.134397
37.1572718032027325	0 0 0.129942
37.8921663627534429	0 0 0.119637
38.6358722608198661	0 0 0.104372
39.3871094342094707	0 0 0.0865853
40.1182870188525413	0 0 0.0700071
40.8860282799808203	0 0 0.0566527
41.6110142343287421	0 0 0.0491779
42.3522878265197562	0 0 0.0458777
43.0946081647682533	0 0 0.0452583
43.8618570931931302	0 0 0.0451176
44.6188541727926093	0 0 0.0433607
45.3936243335841922	0 0 0.0383908
46.1515173924854523	0 0 0.030014
46.8748213272918903	0 0 0.0191711
47.60123195799531	0 0 0.00642112
48.3485294789793798	0 0 -0.00681257
49.1127979489511475	0 0 -0.0184858
49.8572970195908169	0 0 -0.0266765
50.6006298577033391	0 0 -0.0312051
51.3333142054684686	0 0 -0.0325284
52.0747624894408574	0 0 -0.031953
52.8321644172740648	0 0 -0.0310947
53.5920405718478179	0 0 -0.0310737
54.3236055470865082	0 0 -0.0325611
55.0412874070308646	0 0 -0.035418
55.7679338586826532	0 0 -0.0390717
56.4772935195031209	0 0 -0.0424676
57.1857843876708429	0 0 -0.0447882
57.8983142445867429	0 0 -0.0457268
58.6065352125023367	0 0 -0.0449934
59.3331222926141209	0 0 -0.0423185
60.0572016921687748	0 0 -0.0381582
60.8058505167250374	0 0 -0.0328954
61.5316546655285848	0 0 -0.0275828
62.2720471212194795	0 0 -0.0225782
63.0135736851728439	0 0 -0.0183762
63.7604863123306274	0 0 -0.0148349
64.4941347767048683	0 0 -0.0115778
65.2403343952420443	0 0 -0.00820206
65.9769124277091521	0 0 -0.0046221
66.7113946381417833	0 0 -0.000464029
67.4377097821482039	0 0 0.00434724
68.1887809952429933	0 0 0.00994965
68.9353837705018719	0 0 0.0160601
69.6667156213888461	0 0 0.0224403
70.4330620832677852	0 0 0.0296598
71.1997415997670515	0 0 0.0369125
71.9924897399698409	0 0 0.0438731
72.7807207564400755	0 0 0.0498196
73.5754142853757145	0 0 0.0544617
74.3338183867863194	0 0 0.0576964
75.0793570750527977	0 0 0.0600665
75.7995751268634876	0 0 0.0619819
76.5950818983669848	0 0 0.0640089
77.368892630508455	0 0 0.0664694
78.1257534502130397	0 0 0.0695648
78.8799392636600487	0 0 0.0727971
79.6466073819881615	0 0 0.0758054
80.4004793422865305	0 0 0.0782486
81.1602910762610605	0 0 0.0798009
81.9210239665235491	0 0 0.0797912
82.7397882640141376	0 0 0.0778727
83.5312088912740478	0 0 0.0744599
84.2800619334434771	0 0 0.0706176
84.996018398134396	0 0 0.0668051
85.7370712175465286	0 0 0.0631187
86.5859466961929769	0 0 0.0594476
87.3297812801612139	0 0 0.0567233
88.0704573663841188	0 0 0.0543155
88.8484688155716071	0 0 0.0517371
89.5983087030675733	0 0 0.0489014
90.3516259721676676	0 0 0.0455338
91.1175698835409804	0 0 0.0415083
91.8452187854897488	0 0 0.0371354
92.5620816281979302	0 0 0.0324897
93.2766228953424701	0 0 0.0277566
93.9886850222466137	0 0 0.0231076
94.67605960000175	0 0 0.0188606
95.4097496916841123	0 0 0.0146761
96.1248331752027525	0 0 0.0110806
96.8482997018503937	0 0 0.00784797
97.5899053781424044	0 0 0.00496526
98.3503027859725734	0 0 0.00239965
99.1368870708774068	0 0 -4.60362e-06
99.9078635316389381	0 0 -0.00206256
100.667859053260031	0 0 -0.00393453
101.41478127726208	0 0 -0.00567219
102.186298480850752	0 0 -0.00734766
102.92704413093459	0 0 -0.0088133
103.646122471062824	0 0 -0.010036
104.381774609800573	0 0 -0.0110529
105.112266109061139	0 0 -0.011732
105.842552226828943	0 0 -0.0122177
106.580898742154446	0 0 -0.0123528
107.309901312621477	0 0 -0.0122028
108.060447894721364	0 0 -0.0118193
108.801249191738293	0 0 -0.0108661
109.557260852199732	0 0 -0.00952386
110.28252411285753	0 0 -0.00801819
111.019902895975562	0 0 -0.00627493
111.793688689804029	0 0 -0.00424438
112.531513565467591	0 0 -0.00216938
113.268427708257491	0 0 7.85638e-06
114.031670055467913	0 0 0.00234537
114.780392454719831	0 0 0.00465848
115.535149988920281	0 0 0.00696467
116.281071556591698	0 0 0.00945625
117.000262998978926	0 0 0.0120943
117.747036085354381	0 0 0.014952
118.485544496808316	0 0 0.017775
119.242298019501334	0 0 0.0205888
120.014553304152784	0 0 0.0232978
120.78669238391852	0 0 0.0259096
121.542902456594604	0 0 0.0283333
122.28157533076363	0 0 0.0305377
122.999025990407731	0 0 0.0324964
123.734822049859829	0 0 0.0341949
124.484408476841253	0 0 0.0355595
125.205521996811612	0 0 0.0365833
125.925960815696428	0 0 0.0374031
126.660934481658998	0 0 0.0381326
127.399851594536798	0 0 0.0388105
128.191354154547184	0 0 0.0394646
128.946952421589913	0 0 0.0400401
129.68395875352229	0 0 0.0405336
130.437014617004024	0 0 0.0409064
131.262284107636731	0 0 0.0409976
131.994718104933014	0 0 0.0406828
132.732622333125448	0 0 0.040046
133.438702726808145	0 0 0.0391964
134.247536584010135	0 0 0.0379988
135.03807413893054	0 0 0.0365986
135.808207727325367	0 0 0.0351494
136.561255304127343	0 0 0.0336526
137.313075701430051	0 0 0.0322015
138.084787398612718	0 0 0.0307371
138.843000806273778	0 0 0.0292831
139.587661844687176	0 0 0.0278264
140.350639911922769	0 0 0.0262443
141.101502702887672	0 0 0.0245509
141.831707458747644	0 0 0.0228426
142.566970407104066	0 0 0.0211501
143.312612671028234	0 0 0.0194988
144.075177689090339	0 0 0.0178958
144.82640349133959	0 0 0.0164051
145.569277070184654	0 0 0.0149388
146.309133230726474	0 0 0.0134521
147.074207136055605	0 0 0.0119448
147.814484936427533	0 0 0.0106053
148.529730268148597	0 0 0.00942371
149.269452834934214	0 0 0.00834772
149.993473276940477	0 0 0.00743273
