0.000264	0 0 -1.24727e-10
0.265457	0 0 -0.00198934
0.554267	0 0 -0.00764577
0.924902	0 0 -0.0182809
1.3562120469	0 0 -0.0318092
1.752219139793545	0 0 -0.0441906
2.159899581972718	0 0 -0.0574522
2.600815667563733	0 0 -0.0735186
2.991999936610603	0 0 -0.0890137
3.357712785419443	0 0 -0.103362
3.78814325698503	0 0 -0.118519
4.272234744858485	0 0 -0.130941
4.816831183174487	0 0 -0.137017
5.380812414660593	0 0 -0.134169
5.941035343760475	0 0 -0.123243
6.504079575728635	0 0 -0.10622
7.086763632516996	0 0 -0.0856603
7.607762276246351	0 0 -0.0671025
8.093883744389027	0 0 -0.0515352
8.586233364106738	0 0 -0.0392139
9.07936678465156	0 0 -0.0312697
9.623913622125457	0 0 -0.0281824
10.179893281122489	0 0 -0.0306087
10.685325131525842	0 0 -0.0366907
11.172108531097024	0 0 -0.0449843
11.590792621324168	0 0 -0.0532625
12.000753541604263	0 0 -0.0617404
12.412276496056743	0 0 -0.0698908
12.80824942	0 0 -0.0767092
13.249878094049771	0 0 -0.082539
13.715103438878048	0 0 -0.0862719
14.186258794013126	0 0 -0.0873796
14.676875533498363	0 0 -0.085921
15.159811661721198	0 0 -0.0824489
15.643042028177819	0 0 -0.0776735
16.120796165133356	0 0 -0.0722932
16.583115718948456	0 0 -0.0669706
17.031531974047233	0 0 -0.0623594
17.457001242664752	0 0 -0.0588928
17.872133636553567	0 0 -0.0566155
18.282458004004617	0 0 -0.0554439
18.682243811451535	0 0 -0.05543
19.099482850762797	0 0 -0.0564351
19.509076705787884	0 0 -0.0582485
19.903970827482038	0 0 -0.0606097
20.298754095611002	0 0 -0.0633281
20.698381306268576	0 0 -0.0661457
21.094218246065164	0 0 -0.0688664
21.506000368936263	0 0 -0.0715048
21.911501831710812	0 0 -0.0737585
22.317267178250141	0 0 -0.0755886
22.746990354414987	0 0 -0.0769259
23.191578345583505	0 0 -0.0775794
23.63923592269191	0 0 -0.0775
24.089167385144922	0 0 -0.0767507
24.536636024655987	0 0 -0.0754723
24.991776885827665	0 0 -0.0739447
25.435002008607523	0 0 -0.0724183
25.870695358736537	0 0 -0.0710291
26.302143194973002	0 0 -0.0699991
26.71733468437624	0 0 -0.0693027
27.167343085129847	0 0 -0.0689539
27.618515698448704	0 0 -0.0691243
28.048385837889821	0 0 -0.0697211
28.486083379691507	0 0 -0.0707212
28.913736910576073	0 0 -0.0720127
29.341368187087262	0 0 -0.0734622
29.793037360080561	0 0 -0.0750517
30.264961832673723	0 0 -0.0766494
30.750842450584486	0 0 -0.078078
31.229341202289451	0 0 -0.0791706
31.713822827369963	0 0 -0.0798784
32.210766533078207	0 0 -0.0801218
32.701429948762502	0 0 -0.0799405
33.192766923176904	0 0 -0.0794367
33.691266000755974	0 0 -0.0787615
34.180095088641224	0 0 -0.0780669
34.675148798251996	0 0 -0.0774669
35.159767067525706	0 0 -0.0771639
35.641882764906995	0 0 -0.0771486
36.132123231713166	0 0 -0.0774126
36.612260435677108	0 0 -0.077906
37.097664963600522	0 0 -0.0786241
37.591537232656982	0 0 -0.079508
38.055706899361105	0 0 -0.0804565
38.542688792819369	0 0 -0.0816253
39.017416807459199	0 0 -0.082782
39.48335529484369	0 0 -0.0838165
39.96725639451396	0 0 -0.0847541
40.434608198188421	0 0 -0.0854306
40.888343340229795	0 0 -0.0858357
41.371899242972184	0 0 -0.0860405
41.850896941195259	0 0 -0.0859211
42.329772178861184	0 0 -0.0855089
42.841006500877825	0 0 -0.0849891
43.358642488925781	0 0 -0.0844889
43.881605958221407	0 0 -0.0841918
44.388700400855413	0 0 -0.0842288
44.898442559444149	0 0 -0.0846108
45.417507565644598	0 0 -0.0853364
45.927395125499139	0 0 -0.0863344
46.448703031617541	0 0 -0.0875482
46.963258526760775	0 0 -0.0888326
47.478784352513138	0 0 -0.0901166
48.00132964158481	0 0 -0.0913317
48.516112224401851	0 0 -0.092366
49.031611373126374	0 0 -0.0931863
49.562470779265809	0 0 -0.0938136
50.08166701212496	0 0 -0.0942191
50.612580071035559	0 0 -0.094479
51.133903272722279	0 0 -0.0946645
51.657791130077847	0 0 -0.0948332
52.19203910545945	0 0 -0.0950524
52.717128920435535	0 0 -0.0953479
53.246591123898725	0 0 -0.0957477
53.786371809503279	0 0 -0.0962955
54.314995684624947	0 0 -0.0969937
54.847418760554355	0 0 -0.0978405
55.348449662413373	0 0 -0.0987345
55.850018976065321	0 0 -0.0997213
56.36410603637627	0 0 -0.100798
56.874669536284841	0 0 -0.101869
57.385118955207318	0 0 -0.102887
57.907006731146787	0 0 -0.103846
58.424792128915385	0 0 -0.104696
58.954696482281854	0 0 -0.105448
59.476684325307218	0 0 -0.106119
59.996590932457522	0 0 -0.10668
60.530609629743793	0 0 -0.10714
61.060514130026689	0 0 -0.107537
61.593178655489915	0 0 -0.107891
62.13682947479348	0 0 -0.108242
62.672494276320023	0 0 -0.108613
63.219299039335013	0 0 -0.109034
63.756321916872693	0 0 -0.109517
64.288794050491475	0 0 -0.110065
64.821929491775407	0 0 -0.110663
65.346880337264423	0 0 -0.111288
65.881768253821718	0 0 -0.11202
66.427041988007062	0 0 -0.112812
66.991969446753998	0 0 -0.113649
67.565586710577008	0 0 -0.114443
68.095543796450542	0 0 -0.115085
68.643355317289931	0 0 -0.115657
69.179581541712054	0 0 -0.116166
69.727146767404591	0 0 -0.116612
70.283211364164274	0 0 -0.116955
70.79886103499264	0 0 -0.11723
71.35309807272553	0 0 -0.117522
71.879681240490953	0 0 -0.117818
72.434695355837263	0 0 -0.118153
72.98567957822776	0 0 -0.118446
73.544675730155234	0 0 -0.118811
74.091704459537524	0 0 -0.119211
74.652060291800396	0 0 -0.119661
75.204116243576649	0 0 -0.120175
75.764115984246004	0 0 -0.120741
76.33245664577862	0 0 -0.121323
76.890149930484043	0 0 -0.121854
77.442499576081786	0 0 -0.122346
78.004649668742772	0 0 -0.122828
78.554559151778832	0 0 -0.123245
79.120334232476907	0 0 -0.123617
79.679978415336365	0 0 -0.123941
80.247442012244775	0 0 -0.124198
80.819283959692456	0 0 -0.124371
81.374726654324462	0 0 -0.124503
81.924883406619244	0 0 -0.12465
82.488688098557333	0 0 -0.124819
83.04366383943632	0 0 -0.125001
83.617577934109249	0 0 -0.125239
84.183523922150385	0 0 -0.125516
84.743565788473177	0 0 -0.125856
85.307961647662694	0 0 -0.126256
85.860072789909751	0 0 -0.126661
86.415041614411933	0 0 -0.127092
86.986516460814599	0 0 -0.12754
87.554496334336676	0 0 -0.127931
88.130355839206601	0 0 -0.128257
88.687051742915273	0 0 -0.128517
89.242054635638638	0 0 -0.128735
89.806530923243898	0 0 -0.128898
90.372801401174456	0 0 -0.129072
90.943010307004471	0 0 -0.129341
91.512882927305228	0 0 -0.129657
92.069204421864711	0 0 -0.130001
92.634959266822946	0 0 -0.130354
93.194053600404629	0 0 -0.130671
93.765642943966839	0 0 -0.130957
94.341842496268384	0 0 -0.13122
94.9020906642467	0 0 -0.131391
95.457963289875451	0 0 -0.131533
96.029785652210322	0 0 -0.131796
96.597364678532969	0 0 -0.132091
97.179661921328162	0 0 -0.13234
97.739393471147849	0 0 -0.132584
98.292686160644024	0 0 -0.132809
98.86156241464505	0 0 -0.132999
99.434055825755479	0 0 -0.133185
99.954066839837694	0 0 -0.133374
