#0.000120005   	(-6.200512e+06 1.683751e+06 2.536444e+06)	(-6.200487e+06 1.683751e+06 2.536444e+06)	(-2.507197e+01 -2.230156e-02 3.036540e-02)
#0.000264017   	(-4.665410e+05 1.466353e+05 2.259419e+05)	(-4.665094e+05 1.466353e+05 2.259419e+05)	(-3.158743e+01 -3.133048e-02 -6.039048e-02)
#0.000436833   	(-1.981848e+05 1.035695e+05 1.553532e+05)	(-1.981526e+05 1.035695e+05 1.553533e+05)	(-3.216994e+01 -3.299873e-02 -1.041627e-01)
#0.000644211   	(-1.125357e+05 7.901867e+04 1.195565e+05)	(-1.125036e+05 7.901873e+04 1.195566e+05)	(-3.212462e+01 -5.995049e-02 -1.239667e-01)
#0.000893055   	(-7.338265e+04 6.466057e+04 9.991648e+04)	(-7.335056e+04 6.466065e+04 9.991662e+04)	(-3.208322e+01 -8.249638e-02 -1.373763e-01)
#0.00119165    	(-5.075417e+04 5.566285e+04 8.799542e+04)	(-5.072213e+04 5.566295e+04 8.799556e+04)	(-3.204286e+01 -1.023603e-01 -1.464068e-01)
#0.0015499     	(-3.654778e+04 4.974324e+04 8.038423e+04)	(-3.651578e+04 4.974336e+04 8.038438e+04)	(-3.200214e+01 -1.207540e-01 -1.522305e-01)
#0.00197972    	(-2.705153e+04 4.569919e+04 7.536991e+04)	(-2.701957e+04 4.569933e+04 7.537007e+04)	(-3.196029e+01 -1.385716e-01 -1.555221e-01)
#0.00249549    	(-2.038404e+04 4.286930e+04 7.196275e+04)	(-2.035212e+04 4.286945e+04 7.196291e+04)	(-3.191710e+01 -1.565616e-01 -1.567439e-01)
#0.00311429    	(-1.555686e+04 4.081726e+04 6.959456e+04)	(-1.552499e+04 4.081744e+04 6.959472e+04)	(-3.187276e+01 -1.753572e-01 -1.563101e-01)
0.00385657    	(-1.197952e+04 3.934680e+04 6.792332e+04)	(-1.194769e+04 3.934700e+04 6.792347e+04)	(-3.182753e+01 -1.960710e-01 -1.551859e-01)
0.00474757    	(-9.306246e+03 3.825975e+04 6.673565e+04)	(-9.274464e+03 3.825997e+04 6.673581e+04)	(-3.178229e+01 -2.194068e-01 -1.531914e-01)
0.00581659    	(-7.337560e+03 3.744728e+04 6.586655e+04)	(-7.305822e+03 3.744752e+04 6.586670e+04)	(-3.173818e+01 -2.461186e-01 -1.505058e-01)
0.00709941    	(-5.916718e+03 3.679579e+04 6.520214e+04)	(-5.885021e+03 3.679606e+04 6.520229e+04)	(-3.169647e+01 -2.766629e-01 -1.461105e-01)
0.00863879    	(-5.097951e+03 3.625516e+04 6.466474e+04)	(-5.066293e+03 3.625547e+04 6.466488e+04)	(-3.165820e+01 -3.115250e-01 -1.393171e-01)
0.0104849     	(-4.565685e+03 3.578347e+04 6.424338e+04)	(-4.534059e+03 3.578382e+04 6.424351e+04)	(-3.162588e+01 -3.512808e-01 -1.296118e-01)
0.0126986     	(-4.173378e+03 3.538586e+04 6.388312e+04)	(-4.141774e+03 3.538625e+04 6.388324e+04)	(-3.160421e+01 -3.963807e-01 -1.188409e-01)
0.0153526     	(-3.924860e+03 3.504037e+04 6.356046e+04)	(-3.893263e+03 3.504082e+04 6.356057e+04)	(-3.159683e+01 -4.467307e-01 -1.072494e-01)
0.0185392     	(-3.859425e+03 3.477004e+04 6.325973e+04)	(-3.827818e+03 3.477054e+04 6.325983e+04)	(-3.160666e+01 -5.016713e-01 -9.527264e-02)
0.0223581     	(-3.766241e+03 3.451446e+04 6.300884e+04)	(-3.734603e+03 3.451502e+04 6.300893e+04)	(-3.163793e+01 -5.600661e-01 -8.165995e-02)
0.026948      	(-3.732782e+03 3.431465e+04 6.280546e+04)	(-3.701085e+03 3.431527e+04 6.280552e+04)	(-3.169703e+01 -6.212472e-01 -6.520005e-02)
0.0324454     	(-3.755003e+03 3.416116e+04 6.261844e+04)	(-3.723211e+03 3.416184e+04 6.261849e+04)	(-3.179126e+01 -6.841781e-01 -4.614303e-02)
0.0390274     	(-3.718824e+03 3.403429e+04 6.249203e+04)	(-3.686894e+03 3.403504e+04 6.249206e+04)	(-3.193024e+01 -7.484398e-01 -2.325599e-02)
0.0469043     	(-3.716928e+03 3.393141e+04 6.237402e+04)	(-3.684802e+03 3.393223e+04 6.237402e+04)	(-3.212554e+01 -8.142019e-01 4.903224e-03)
0.0563408     	(-3.695855e+03 3.385007e+04 6.226936e+04)	(-3.663464e+03 3.385095e+04 6.226932e+04)	(-3.239033e+01 -8.816215e-01 3.970385e-02)
0.0677102     	(-3.677965e+03 3.376954e+04 6.215479e+04)	(-3.645223e+03 3.377049e+04 6.215471e+04)	(-3.274174e+01 -9.504982e-01 8.122128e-02)
0.0814204     	(-3.633344e+03 3.366318e+04 6.206318e+04)	(-3.600145e+03 3.366420e+04 6.206306e+04)	(-3.319904e+01 -1.018424e+00 1.243952e-01)
0.0978236     	(-3.530454e+03 3.348947e+04 6.198063e+04)	(-3.496681e+03 3.349055e+04 6.198048e+04)	(-3.377216e+01 -1.078910e+00 1.563688e-01)
0.117436      	(-3.437212e+03 3.335651e+04 6.186758e+04)	(-3.402738e+03 3.335764e+04 6.186743e+04)	(-3.447370e+01 -1.121508e+00 1.584472e-01)
0.140661      	(-3.345596e+03 3.320360e+04 6.174419e+04)	(-3.310235e+03 3.320475e+04 6.174405e+04)	(-3.536032e+01 -1.150528e+00 1.405052e-01)
0.168382      	(-3.306843e+03 3.305734e+04 6.158281e+04)	(-3.270316e+03 3.305851e+04 6.158270e+04)	(-3.652688e+01 -1.169743e+00 1.055318e-01)
0.201647      	(-3.343910e+03 3.290337e+04 6.132463e+04)	(-3.305792e+03 3.290455e+04 6.132457e+04)	(-3.811800e+01 -1.180460e+00 5.786940e-02)
0.241564      	(-3.454131e+03 3.274199e+04 6.098915e+04)	(-3.413773e+03 3.274316e+04 6.098916e+04)	(-4.035804e+01 -1.176761e+00 -8.542939e-03)
0.288967      	(-3.592051e+03 3.262613e+04 6.065850e+04)	(-3.548439e+03 3.262728e+04 6.065860e+04)	(-4.361201e+01 -1.145805e+00 -1.006889e-01)
0.339755      	(-3.679586e+03 3.256924e+04 6.048585e+04)	(-3.631546e+03 3.257031e+04 6.048605e+04)	(-4.803982e+01 -1.076624e+00 -2.064436e-01)
0.390543      	(-3.730656e+03 3.264330e+04 6.047664e+04)	(-3.676942e+03 3.264425e+04 6.047695e+04)	(-5.371454e+01 -9.587601e-01 -3.154983e-01)
0.441331      	(-3.780076e+03 3.272637e+04 6.053362e+04)	(-3.719024e+03 3.272717e+04 6.053405e+04)	(-6.105196e+01 -7.942049e-01 -4.355017e-01)
0.492119      	(-3.820087e+03 3.283969e+04 6.060852e+04)	(-3.749768e+03 3.284027e+04 6.060910e+04)	(-7.031928e+01 -5.737620e-01 -5.827069e-01)
0.542907      	(-3.861401e+03 3.297434e+04 6.071175e+04)	(-3.779864e+03 3.297464e+04 6.071251e+04)	(-8.153757e+01 -3.049911e-01 -7.593465e-01)
0.593695      	(-3.903260e+03 3.308956e+04 6.079421e+04)	(-3.808544e+03 3.308957e+04 6.079518e+04)	(-9.471627e+01 -1.125351e-02 -9.620829e-01)
0.644483      	(-3.931243e+03 3.314990e+04 6.084986e+04)	(-3.821598e+03 3.314960e+04 6.085104e+04)	(-1.096459e+02 2.988294e-01 -1.181255e+00)
0.695271      	(-3.970620e+03 3.322380e+04 6.091265e+04)	(-3.844546e+03 3.322319e+04 6.091406e+04)	(-1.260741e+02 6.156902e-01 -1.417139e+00)
0.74606       	(-4.012135e+03 3.329179e+04 6.094713e+04)	(-3.868567e+03 3.329086e+04 6.094880e+04)	(-1.435681e+02 9.236163e-01 -1.662543e+00)
0.796848      	(-4.058822e+03 3.330273e+04 6.093527e+04)	(-3.897053e+03 3.330150e+04 6.093717e+04)	(-1.617690e+02 1.231002e+00 -1.905518e+00)
0.847636      	(-4.112563e+03 3.336076e+04 6.090697e+04)	(-3.932186e+03 3.335923e+04 6.090914e+04)	(-1.803767e+02 1.534005e+00 -2.168656e+00)
0.898424      	(-4.159118e+03 3.335116e+04 6.080723e+04)	(-3.960150e+03 3.334932e+04 6.080966e+04)	(-1.989683e+02 1.843309e+00 -2.425272e+00)
0.949212      	(-4.214656e+03 3.330827e+04 6.067604e+04)	(-3.997377e+03 3.330610e+04 6.067873e+04)	(-2.172793e+02 2.164741e+00 -2.689240e+00)
1             	(-4.258004e+03 3.326333e+04 6.054323e+04)	(-4.023032e+03 3.326083e+04 6.054613e+04)	(-2.349717e+02 2.507222e+00 -2.897668e+00)
1.05          	(-4.302515e+03 3.320230e+04 6.039788e+04)	(-4.050685e+03 3.319942e+04 6.040096e+04)	(-2.518291e+02 2.884823e+00 -3.075737e+00)
1.1           	(-4.342202e+03 3.306478e+04 6.020127e+04)	(-4.074501e+03 3.306152e+04 6.020450e+04)	(-2.677008e+02 3.261798e+00 -3.222957e+00)
1.15          	(-4.372860e+03 3.284623e+04 5.991046e+04)	(-4.090482e+03 3.284259e+04 5.991381e+04)	(-2.823784e+02 3.643701e+00 -3.354834e+00)
1.2           	(-4.391871e+03 3.255299e+04 5.954191e+04)	(-4.096136e+03 3.254897e+04 5.954540e+04)	(-2.957347e+02 4.016238e+00 -3.486596e+00)
1.25          	(-4.423061e+03 3.221130e+04 5.909837e+04)	(-4.115219e+03 3.220696e+04 5.910209e+04)	(-3.078413e+02 4.336444e+00 -3.717713e+00)
1.3           	(-4.430728e+03 3.183648e+04 5.862667e+04)	(-4.112242e+03 3.183190e+04 5.863061e+04)	(-3.184859e+02 4.576728e+00 -3.940907e+00)
1.35          	(-4.450126e+03 3.144659e+04 5.813822e+04)	(-4.122435e+03 3.144186e+04 5.814229e+04)	(-3.276911e+02 4.733280e+00 -4.076882e+00)
1.4           	(-4.468553e+03 3.101548e+04 5.764698e+04)	(-4.133179e+03 3.101068e+04 5.765111e+04)	(-3.353737e+02 4.805099e+00 -4.131124e+00)
1.45          	(-4.503264e+03 3.065219e+04 5.715412e+04)	(-4.161268e+03 3.064734e+04 5.715829e+04)	(-3.419957e+02 4.849560e+00 -4.175291e+00)
1.5           	(-4.520838e+03 3.032699e+04 5.671412e+04)	(-4.173231e+03 3.032211e+04 5.671827e+04)	(-3.476067e+02 4.881637e+00 -4.154297e+00)
1.55          	(-4.544153e+03 3.004912e+04 5.632470e+04)	(-4.191996e+03 3.004425e+04 5.632879e+04)	(-3.521569e+02 4.865336e+00 -4.090797e+00)
1.6           	(-4.558925e+03 2.977377e+04 5.598145e+04)	(-4.202831e+03 2.976890e+04 5.598544e+04)	(-3.560939e+02 4.865037e+00 -3.990992e+00)
1.65          	(-4.570257e+03 2.959640e+04 5.569761e+04)	(-4.210654e+03 2.959155e+04 5.570150e+04)	(-3.596030e+02 4.844245e+00 -3.888339e+00)
1.7           	(-4.569253e+03 2.936922e+04 5.540374e+04)	(-4.206572e+03 2.936444e+04 5.540750e+04)	(-3.626803e+02 4.775267e+00 -3.760375e+00)
1.75          	(-4.585325e+03 2.922614e+04 5.518945e+04)	(-4.219916e+03 2.922147e+04 5.519310e+04)	(-3.654092e+02 4.668241e+00 -3.650647e+00)
1.8           	(-4.591423e+03 2.910390e+04 5.499245e+04)	(-4.223509e+03 2.909934e+04 5.499596e+04)	(-3.679139e+02 4.565691e+00 -3.512458e+00)
1.85          	(-4.597144e+03 2.901015e+04 5.481646e+04)	(-4.226941e+03 2.900573e+04 5.481974e+04)	(-3.702027e+02 4.413201e+00 -3.275878e+00)
1.9           	(-4.612661e+03 2.896805e+04 5.468817e+04)	(-4.239991e+03 2.896374e+04 5.469132e+04)	(-3.726703e+02 4.310129e+00 -3.154269e+00)
1.95          	(-4.624598e+03 2.894604e+04 5.456394e+04)	(-4.249478e+03 2.894186e+04 5.456692e+04)	(-3.751202e+02 4.186765e+00 -2.976856e+00)
2             	(-4.632772e+03 2.894185e+04 5.447125e+04)	(-4.255349e+03 2.893777e+04 5.447407e+04)	(-3.774229e+02 4.083064e+00 -2.818646e+00)
2.05          	(-4.643107e+03 2.895855e+04 5.439757e+04)	(-4.263284e+03 2.895457e+04 5.440028e+04)	(-3.798232e+02 3.982167e+00 -2.710789e+00)
2.1           	(-4.649243e+03 2.901023e+04 5.432974e+04)	(-4.266664e+03 2.900633e+04 5.433235e+04)	(-3.825791e+02 3.902531e+00 -2.604471e+00)
2.15          	(-4.671283e+03 2.904174e+04 5.427784e+04)	(-4.286147e+03 2.903787e+04 5.428042e+04)	(-3.851360e+02 3.871174e+00 -2.575699e+00)
2.2           	(-4.682390e+03 2.909707e+04 5.423538e+04)	(-4.294617e+03 2.909319e+04 5.423801e+04)	(-3.877729e+02 3.881509e+00 -2.635515e+00)
2.25          	(-4.693806e+03 2.917165e+04 5.420454e+04)	(-4.303654e+03 2.916773e+04 5.420727e+04)	(-3.901518e+02 3.925942e+00 -2.732162e+00)
2.3           	(-4.693527e+03 2.919186e+04 5.413374e+04)	(-4.301171e+03 2.918791e+04 5.413660e+04)	(-3.923554e+02 3.948981e+00 -2.852415e+00)
2.35          	(-4.703549e+03 2.925000e+04 5.408849e+04)	(-4.308772e+03 2.924600e+04 5.409158e+04)	(-3.947772e+02 3.998628e+00 -3.081393e+00)
2.4           	(-4.707748e+03 2.928059e+04 5.404495e+04)	(-4.310928e+03 2.927652e+04 5.404826e+04)	(-3.968208e+02 4.077812e+00 -3.307040e+00)
2.45          	(-4.722137e+03 2.927906e+04 5.396696e+04)	(-4.323451e+03 2.927490e+04 5.397052e+04)	(-3.986855e+02 4.166571e+00 -3.563857e+00)
2.5           	(-4.727559e+03 2.928144e+04 5.387996e+04)	(-4.326839e+03 2.927719e+04 5.388384e+04)	(-4.007199e+02 4.253303e+00 -3.878164e+00)
2.55          	(-4.744612e+03 2.927513e+04 5.379903e+04)	(-4.342393e+03 2.927080e+04 5.380326e+04)	(-4.022190e+02 4.331101e+00 -4.226827e+00)
2.6           	(-4.744694e+03 2.926416e+04 5.372032e+04)	(-4.341035e+03 2.925978e+04 5.372481e+04)	(-4.036595e+02 4.376558e+00 -4.493997e+00)
2.65          	(-4.755446e+03 2.925212e+04 5.363678e+04)	(-4.350310e+03 2.924762e+04 5.364158e+04)	(-4.051361e+02 4.494451e+00 -4.799289e+00)
2.7           	(-4.763023e+03 2.925126e+04 5.356580e+04)	(-4.356528e+03 2.924672e+04 5.357087e+04)	(-4.064949e+02 4.545082e+00 -5.073285e+00)
2.75          	(-4.768330e+03 2.921707e+04 5.347458e+04)	(-4.360757e+03 2.921248e+04 5.347991e+04)	(-4.075728e+02 4.592469e+00 -5.329628e+00)
2.8           	(-4.768680e+03 2.918652e+04 5.337406e+04)	(-4.359567e+03 2.918186e+04 5.337965e+04)	(-4.091126e+02 4.653447e+00 -5.586564e+00)
2.85          	(-4.774526e+03 2.911591e+04 5.325626e+04)	(-4.364326e+03 2.911129e+04 5.326207e+04)	(-4.101998e+02 4.620697e+00 -5.804812e+00)
2.9           	(-4.780265e+03 2.909719e+04 5.313343e+04)	(-4.369110e+03 2.909258e+04 5.313951e+04)	(-4.111549e+02 4.613800e+00 -6.075511e+00)
2.95          	(-4.783900e+03 2.904629e+04 5.303668e+04)	(-4.371501e+03 2.904179e+04 5.304293e+04)	(-4.123993e+02 4.508943e+00 -6.251635e+00)
3             	(-4.782499e+03 2.897308e+04 5.291760e+04)	(-4.369052e+03 2.896868e+04 5.292400e+04)	(-4.134467e+02 4.395546e+00 -6.402410e+00)
3.05          	(-4.785350e+03 2.895102e+04 5.280670e+04)	(-4.371163e+03 2.894673e+04 5.281331e+04)	(-4.141869e+02 4.283793e+00 -6.605448e+00)
3.1           	(-4.790702e+03 2.889656e+04 5.270088e+04)	(-4.375620e+03 2.889239e+04 5.270772e+04)	(-4.150819e+02 4.170311e+00 -6.841147e+00)
3.15          	(-4.798142e+03 2.886475e+04 5.260304e+04)	(-4.382286e+03 2.886071e+04 5.261001e+04)	(-4.158557e+02 4.033443e+00 -6.969605e+00)
3.2           	(-4.791302e+03 2.880359e+04 5.249907e+04)	(-4.374386e+03 2.879975e+04 5.250618e+04)	(-4.169160e+02 3.841162e+00 -7.108062e+00)
3.25          	(-4.794333e+03 2.874938e+04 5.239136e+04)	(-4.376432e+03 2.874562e+04 5.239870e+04)	(-4.179014e+02 3.766294e+00 -7.338449e+00)
3.3           	(-4.793994e+03 2.869143e+04 5.228822e+04)	(-4.375275e+03 2.868779e+04 5.229583e+04)	(-4.187193e+02 3.634610e+00 -7.610467e+00)
3.35          	(-4.793111e+03 2.864868e+04 5.219780e+04)	(-4.373614e+03 2.864524e+04 5.220561e+04)	(-4.194967e+02 3.441964e+00 -7.807243e+00)
3.4           	(-4.804240e+03 2.862527e+04 5.212052e+04)	(-4.383717e+03 2.862200e+04 5.212843e+04)	(-4.205229e+02 3.263205e+00 -7.902650e+00)
3.45          	(-4.804150e+03 2.858921e+04 5.204288e+04)	(-4.382486e+03 2.858611e+04 5.205096e+04)	(-4.216639e+02 3.101693e+00 -8.071497e+00)
3.5           	(-4.795902e+03 2.857286e+04 5.196715e+04)	(-4.372965e+03 2.856991e+04 5.197539e+04)	(-4.229368e+02 2.946703e+00 -8.237516e+00)
3.55          	(-4.799303e+03 2.851966e+04 5.187714e+04)	(-4.375453e+03 2.851695e+04 5.188540e+04)	(-4.238497e+02 2.713830e+00 -8.259065e+00)
3.6           	(-4.799908e+03 2.848531e+04 5.178343e+04)	(-4.375063e+03 2.848283e+04 5.179175e+04)	(-4.248456e+02 2.475312e+00 -8.318919e+00)
3.65          	(-4.799377e+03 2.844814e+04 5.168924e+04)	(-4.373557e+03 2.844580e+04 5.169761e+04)	(-4.258209e+02 2.340937e+00 -8.368200e+00)
3.7           	(-4.801735e+03 2.841918e+04 5.161543e+04)	(-4.375033e+03 2.841705e+04 5.162382e+04)	(-4.267020e+02 2.126540e+00 -8.386344e+00)
3.75          	(-4.803541e+03 2.837570e+04 5.153803e+04)	(-4.375767e+03 2.837381e+04 5.154645e+04)	(-4.277739e+02 1.885683e+00 -8.423410e+00)
3.8           	(-4.804608e+03 2.834111e+04 5.144937e+04)	(-4.375917e+03 2.833942e+04 5.145792e+04)	(-4.286905e+02 1.687542e+00 -8.554211e+00)
3.85          	(-4.799857e+03 2.830665e+04 5.137682e+04)	(-4.370557e+03 2.830518e+04 5.138538e+04)	(-4.293001e+02 1.462155e+00 -8.559446e+00)
3.9           	(-4.801871e+03 2.828112e+04 5.132405e+04)	(-4.371568e+03 2.827978e+04 5.133269e+04)	(-4.303026e+02 1.332087e+00 -8.637414e+00)
3.95          	(-4.806802e+03 2.826825e+04 5.126618e+04)	(-4.375410e+03 2.826706e+04 5.127494e+04)	(-4.313921e+02 1.192138e+00 -8.761675e+00)
4             	(-4.808748e+03 2.826494e+04 5.120651e+04)	(-4.376646e+03 2.826393e+04 5.121524e+04)	(-4.321018e+02 1.010015e+00 -8.736864e+00)
4.05          	(-4.802262e+03 2.822202e+04 5.113079e+04)	(-4.369776e+03 2.822116e+04 5.113942e+04)	(-4.324860e+02 8.505535e-01 -8.637320e+00)
4.1           	(-4.808512e+03 2.822067e+04 5.108039e+04)	(-4.375510e+03 2.821994e+04 5.108899e+04)	(-4.330020e+02 7.252607e-01 -8.608234e+00)
4.15          	(-4.804721e+03 2.814955e+04 5.099583e+04)	(-4.371440e+03 2.814893e+04 5.100438e+04)	(-4.332813e+02 6.161595e-01 -8.548943e+00)
4.2           	(-4.798758e+03 2.814367e+04 5.094928e+04)	(-4.365213e+03 2.814318e+04 5.095777e+04)	(-4.335451e+02 4.842575e-01 -8.487862e+00)
4.25          	(-4.810415e+03 2.816765e+04 5.094672e+04)	(-4.376788e+03 2.816731e+04 5.095517e+04)	(-4.336268e+02 3.415255e-01 -8.448298e+00)
4.3           	(-4.809066e+03 2.810975e+04 5.084960e+04)	(-4.375412e+03 2.810955e+04 5.085797e+04)	(-4.336541e+02 2.052378e-01 -8.367039e+00)
4.35          	(-4.808635e+03 2.808711e+04 5.079669e+04)	(-4.374967e+03 2.808704e+04 5.080498e+04)	(-4.336685e+02 7.008314e-02 -8.289647e+00)
4.4           	(-4.800354e+03 2.807235e+04 5.075477e+04)	(-4.367010e+03 2.807238e+04 5.076307e+04)	(-4.333437e+02 -3.328369e-02 -8.301850e+00)
4.45          	(-4.799857e+03 2.806263e+04 5.069751e+04)	(-4.366929e+03 2.806273e+04 5.070574e+04)	(-4.329275e+02 -1.031906e-01 -8.230760e+00)
4.5           	(-4.803001e+03 2.804566e+04 5.065750e+04)	(-4.370698e+03 2.804592e+04 5.066546e+04)	(-4.323028e+02 -2.537543e-01 -7.965243e+00)
4.55          	(-4.803354e+03 2.805901e+04 5.063150e+04)	(-4.371502e+03 2.805940e+04 5.063937e+04)	(-4.318526e+02 -3.888158e-01 -7.870153e+00)
4.6           	(-4.799549e+03 2.802065e+04 5.058018e+04)	(-4.368364e+03 2.802115e+04 5.058790e+04)	(-4.311851e+02 -4.951895e-01 -7.723991e+00)
4.65          	(-4.792675e+03 2.796417e+04 5.049657e+04)	(-4.361818e+03 2.796482e+04 5.050417e+04)	(-4.308571e+02 -6.570701e-01 -7.603123e+00)
4.7           	(-4.792773e+03 2.796859e+04 5.046639e+04)	(-4.362393e+03 2.796937e+04 5.047387e+04)	(-4.303805e+02 -7.857019e-01 -7.487761e+00)
4.75          	(-4.785306e+03 2.792671e+04 5.041254e+04)	(-4.355241e+03 2.792765e+04 5.041990e+04)	(-4.300654e+02 -9.405436e-01 -7.368557e+00)
4.8           	(-4.784923e+03 2.789830e+04 5.035214e+04)	(-4.354876e+03 2.789938e+04 5.035940e+04)	(-4.300466e+02 -1.078098e+00 -7.260604e+00)
4.85          	(-4.786161e+03 2.788439e+04 5.031097e+04)	(-4.356217e+03 2.788566e+04 5.031817e+04)	(-4.299444e+02 -1.266345e+00 -7.203621e+00)
4.9           	(-4.782485e+03 2.784449e+04 5.025928e+04)	(-4.352810e+03 2.784591e+04 5.026646e+04)	(-4.296750e+02 -1.425198e+00 -7.180187e+00)
4.95          	(-4.776235e+03 2.783741e+04 5.020679e+04)	(-4.346678e+03 2.783900e+04 5.021398e+04)	(-4.295568e+02 -1.596157e+00 -7.193858e+00)
5             	(-4.771888e+03 2.783747e+04 5.018623e+04)	(-4.342644e+03 2.783917e+04 5.019340e+04)	(-4.292441e+02 -1.701885e+00 -7.168480e+00)
5.05          	(-4.768905e+03 2.778210e+04 5.014123e+04)	(-4.339949e+03 2.778395e+04 5.014835e+04)	(-4.289562e+02 -1.845644e+00 -7.120177e+00)
5.1           	(-4.769445e+03 2.778942e+04 5.012741e+04)	(-4.341041e+03 2.779139e+04 5.013453e+04)	(-4.284048e+02 -1.975288e+00 -7.117189e+00)
5.15          	(-4.757959e+03 2.779217e+04 5.010127e+04)	(-4.329847e+03 2.779428e+04 5.010833e+04)	(-4.281120e+02 -2.110146e+00 -7.068164e+00)
5.2           	(-4.754706e+03 2.778806e+04 5.007101e+04)	(-4.327059e+03 2.779028e+04 5.007813e+04)	(-4.276473e+02 -2.213213e+00 -7.118556e+00)
5.25          	(-4.752431e+03 2.775243e+04 5.001850e+04)	(-4.325359e+03 2.775475e+04 5.002569e+04)	(-4.270716e+02 -2.321183e+00 -7.191465e+00)
5.3           	(-4.741084e+03 2.773398e+04 4.998761e+04)	(-4.314793e+03 2.773643e+04 4.999476e+04)	(-4.262911e+02 -2.454227e+00 -7.146956e+00)
5.35          	(-4.738782e+03 2.767213e+04 4.991826e+04)	(-4.313200e+03 2.767470e+04 4.992542e+04)	(-4.255823e+02 -2.564566e+00 -7.158826e+00)
5.4           	(-4.732353e+03 2.767279e+04 4.990450e+04)	(-4.307551e+03 2.767543e+04 4.991165e+04)	(-4.248018e+02 -2.643330e+00 -7.158096e+00)
5.45          	(-4.734605e+03 2.765341e+04 4.989146e+04)	(-4.310613e+03 2.765616e+04 4.989859e+04)	(-4.239918e+02 -2.751961e+00 -7.127676e+00)
5.5           	(-4.725161e+03 2.765264e+04 4.985933e+04)	(-4.302074e+03 2.765549e+04 4.986639e+04)	(-4.230873e+02 -2.847911e+00 -7.058385e+00)
5.55          	(-4.728201e+03 2.765125e+04 4.984753e+04)	(-4.305996e+03 2.765410e+04 4.985470e+04)	(-4.222049e+02 -2.849060e+00 -7.165629e+00)
5.6           	(-4.719594e+03 2.762293e+04 4.982075e+04)	(-4.298032e+03 2.762586e+04 4.982795e+04)	(-4.215623e+02 -2.931401e+00 -7.207735e+00)
5.65          	(-4.707777e+03 2.762474e+04 4.981310e+04)	(-4.286839e+03 2.762786e+04 4.982023e+04)	(-4.209375e+02 -3.119732e+00 -7.122733e+00)
5.7           	(-4.707943e+03 2.759175e+04 4.977949e+04)	(-4.287618e+03 2.759493e+04 4.978677e+04)	(-4.203246e+02 -3.182461e+00 -7.275217e+00)
5.75          	(-4.704902e+03 2.763521e+04 4.977918e+04)	(-4.285118e+03 2.763855e+04 4.978644e+04)	(-4.197842e+02 -3.344780e+00 -7.261421e+00)
5.8           	(-4.700790e+03 2.761301e+04 4.975818e+04)	(-4.281558e+03 2.761653e+04 4.976537e+04)	(-4.192324e+02 -3.518161e+00 -7.198554e+00)
5.85          	(-4.695925e+03 2.759331e+04 4.973149e+04)	(-4.276843e+03 2.759697e+04 4.973870e+04)	(-4.190829e+02 -3.653765e+00 -7.210859e+00)
5.9           	(-4.691825e+03 2.759038e+04 4.970635e+04)	(-4.272914e+03 2.759416e+04 4.971366e+04)	(-4.189109e+02 -3.774442e+00 -7.310555e+00)
5.95          	(-4.688865e+03 2.758621e+04 4.968676e+04)	(-4.270024e+03 2.759015e+04 4.969404e+04)	(-4.188412e+02 -3.943476e+00 -7.282977e+00)
6             	(-4.686375e+03 2.754394e+04 4.964544e+04)	(-4.267543e+03 2.754806e+04 4.965279e+04)	(-4.188324e+02 -4.125060e+00 -7.352643e+00)
