#0.000120005   	(-1.621247e+07 4.378246e+06 6.532892e+06)	(-1.621241e+07 4.378246e+06 6.532891e+06)	(-6.514696e+01 -7.216577e-02 8.006428e-02)
#0.000264017   	(-1.266958e+06 3.499680e+05 4.950776e+05)	(-1.266876e+06 3.499681e+05 4.950778e+05)	(-8.200426e+01 -1.130794e-01 -1.510523e-01)
#0.000436833   	(-5.570717e+05 2.304044e+05 3.048796e+05)	(-5.569882e+05 2.304045e+05 3.048798e+05)	(-8.342986e+01 -1.350300e-01 -2.545767e-01)
#0.000644211   	(-3.246795e+05 1.625173e+05 2.089464e+05)	(-3.245963e+05 1.625176e+05 2.089467e+05)	(-8.322559e+01 -2.208478e-01 -2.956585e-01)
#0.000893055   	(-2.148201e+05 1.223617e+05 1.563618e+05)	(-2.147371e+05 1.223620e+05 1.563621e+05)	(-8.302480e+01 -2.982018e-01 -3.193794e-01)
#0.00119165    	(-1.488338e+05 9.666493e+04 1.245141e+05)	(-1.487510e+05 9.666531e+04 1.245144e+05)	(-8.282206e+01 -3.727381e-01 -3.318269e-01)
#0.0015499     	(-1.059343e+05 7.975566e+04 1.043133e+05)	(-1.058517e+05 7.975611e+04 1.043136e+05)	(-8.261546e+01 -4.495480e-01 -3.387109e-01)
#0.00197972    	(-7.705898e+04 6.839097e+04 9.106183e+04)	(-7.697658e+04 6.839151e+04 9.106217e+04)	(-8.240518e+01 -5.326752e-01 -3.416858e-01)
#0.00249549    	(-5.740090e+04 6.018777e+04 8.191092e+04)	(-5.731871e+04 6.018839e+04 8.191126e+04)	(-8.219231e+01 -6.243255e-01 -3.390930e-01)
#0.00311429    	(-4.460252e+04 5.404572e+04 7.524761e+04)	(-4.452054e+04 5.404644e+04 7.524794e+04)	(-8.197788e+01 -7.261130e-01 -3.298655e-01)
0.00385657    	(-3.723605e+04 4.902172e+04 7.020299e+04)	(-3.715428e+04 4.902256e+04 7.020331e+04)	(-8.176191e+01 -8.394553e-01 -3.124266e-01)
0.00474757    	(-3.182738e+04 4.498381e+04 6.632041e+04)	(-3.174583e+04 4.498478e+04 6.632070e+04)	(-8.155455e+01 -9.659752e-01 -2.900856e-01)
0.00581659    	(-2.806781e+04 4.164461e+04 6.307722e+04)	(-2.798645e+04 4.164571e+04 6.307749e+04)	(-8.136187e+01 -1.106056e+00 -2.641766e-01)
0.00709941    	(-2.604834e+04 3.899255e+04 6.028895e+04)	(-2.596715e+04 3.899381e+04 6.028919e+04)	(-8.118721e+01 -1.257528e+00 -2.369808e-01)
0.00863879    	(-2.421690e+04 3.665279e+04 5.808110e+04)	(-2.413587e+04 3.665421e+04 5.808131e+04)	(-8.103386e+01 -1.416931e+00 -2.038523e-01)
0.0104849     	(-2.295486e+04 3.488396e+04 5.633613e+04)	(-2.287395e+04 3.488555e+04 5.633629e+04)	(-8.091098e+01 -1.581781e+00 -1.608240e-01)
0.0126986     	(-2.205686e+04 3.345424e+04 5.490612e+04)	(-2.197604e+04 3.345599e+04 5.490623e+04)	(-8.082860e+01 -1.749390e+00 -1.065096e-01)
0.0153526     	(-2.087083e+04 3.232792e+04 5.406674e+04)	(-2.079003e+04 3.232984e+04 5.406678e+04)	(-8.080010e+01 -1.917618e+00 -3.444916e-02)
0.0185392     	(-1.993353e+04 3.156506e+04 5.348639e+04)	(-1.985269e+04 3.156715e+04 5.348632e+04)	(-8.084066e+01 -2.087623e+00 6.511030e-02)
0.0223581     	(-1.884915e+04 3.101485e+04 5.311234e+04)	(-1.876819e+04 3.101711e+04 5.311214e+04)	(-8.096197e+01 -2.258173e+00 1.989623e-01)
0.026948      	(-1.778439e+04 3.030396e+04 5.292340e+04)	(-1.770320e+04 3.030640e+04 5.292302e+04)	(-8.118801e+01 -2.432739e+00 3.811987e-01)
0.0324454     	(-1.638831e+04 2.952232e+04 5.311313e+04)	(-1.630684e+04 2.952490e+04 5.311259e+04)	(-8.146542e+01 -2.578551e+00 5.349606e-01)
0.0390274     	(-1.473702e+04 2.839910e+04 5.337234e+04)	(-1.465523e+04 2.840178e+04 5.337170e+04)	(-8.178342e+01 -2.682484e+00 6.415714e-01)
0.0469043     	(-1.316609e+04 2.754668e+04 5.359684e+04)	(-1.308391e+04 2.754943e+04 5.359612e+04)	(-8.218109e+01 -2.752399e+00 7.163010e-01)
0.0563408     	(-1.178362e+04 2.657118e+04 5.380744e+04)	(-1.170093e+04 2.657398e+04 5.380669e+04)	(-8.269288e+01 -2.794171e+00 7.561648e-01)
0.0677102     	(-1.096826e+04 2.540825e+04 5.339735e+04)	(-1.088485e+04 2.541107e+04 5.339656e+04)	(-8.341788e+01 -2.818346e+00 7.870941e-01)
0.0814204     	(-1.080569e+04 2.380332e+04 5.212012e+04)	(-1.072123e+04 2.380615e+04 5.211931e+04)	(-8.445160e+01 -2.827856e+00 8.074661e-01)
0.0978236     	(-1.114742e+04 2.173539e+04 4.993789e+04)	(-1.106153e+04 2.173820e+04 4.993709e+04)	(-8.589779e+01 -2.818752e+00 7.956666e-01)
0.117436      	(-1.164473e+04 1.995714e+04 4.780091e+04)	(-1.155679e+04 1.995993e+04 4.780016e+04)	(-8.794126e+01 -2.782555e+00 7.505035e-01)
0.140066      	(-1.179354e+04 1.876657e+04 4.659138e+04)	(-1.170288e+04 1.876930e+04 4.659068e+04)	(-9.065291e+01 -2.730260e+00 7.057604e-01)
0.166125      	(-1.159823e+04 1.792797e+04 4.646673e+04)	(-1.150396e+04 1.793063e+04 4.646606e+04)	(-9.427139e+01 -2.658577e+00 6.612991e-01)
0.195906      	(-1.147114e+04 1.733036e+04 4.670191e+04)	(-1.137197e+04 1.733292e+04 4.670130e+04)	(-9.916937e+01 -2.564679e+00 6.089965e-01)
0.22941       	(-1.149049e+04 1.720598e+04 4.700621e+04)	(-1.138458e+04 1.720843e+04 4.700566e+04)	(-1.059067e+02 -2.448096e+00 5.439300e-01)
0.260233      	(-1.151271e+04 1.712939e+04 4.696715e+04)	(-1.139910e+04 1.713172e+04 4.696672e+04)	(-1.136075e+02 -2.336632e+00 4.301355e-01)
0.285743      	(-1.164956e+04 1.712329e+04 4.692143e+04)	(-1.152806e+04 1.712552e+04 4.692111e+04)	(-1.214914e+02 -2.234935e+00 3.205709e-01)
0.311252      	(-1.171706e+04 1.755501e+04 4.746737e+04)	(-1.158571e+04 1.755709e+04 4.746712e+04)	(-1.313430e+02 -2.076050e+00 2.416423e-01)
0.336761      	(-1.179672e+04 1.816504e+04 4.821191e+04)	(-1.165279e+04 1.816693e+04 4.821173e+04)	(-1.439250e+02 -1.887973e+00 1.813351e-01)
0.364396      	(-1.182263e+04 1.873854e+04 4.867145e+04)	(-1.166066e+04 1.874019e+04 4.867132e+04)	(-1.619708e+02 -1.641974e+00 1.368237e-01)
0.388842      	(-1.205637e+04 1.937699e+04 4.878890e+04)	(-1.187310e+04 1.937834e+04 4.878885e+04)	(-1.832710e+02 -1.346654e+00 5.112434e-02)
0.412348      	(-1.205000e+04 2.000482e+04 4.938757e+04)	(-1.183974e+04 2.000579e+04 4.938768e+04)	(-2.102611e+02 -9.727105e-01 -1.153289e-01)
0.437898      	(-1.230266e+04 2.080786e+04 5.034727e+04)	(-1.205405e+04 2.080830e+04 5.034758e+04)	(-2.486186e+02 -4.382953e-01 -3.107512e-01)
0.466003      	(-1.233022e+04 2.095777e+04 5.104641e+04)	(-1.202606e+04 2.095720e+04 5.104699e+04)	(-3.041632e+02 5.696856e-01 -5.734261e-01)
0.497415      	(-1.258796e+04 2.245503e+04 5.256122e+04)	(-1.220358e+04 2.245296e+04 5.256231e+04)	(-3.843875e+02 2.071784e+00 -1.088459e+00)
0.526979      	(-1.271834e+04 2.244024e+04 5.356539e+04)	(-1.223720e+04 2.243642e+04 5.356707e+04)	(-4.811425e+02 3.823902e+00 -1.684829e+00)
0.549504      	(-1.305900e+04 2.288298e+04 5.439391e+04)	(-1.248692e+04 2.287772e+04 5.439564e+04)	(-5.720863e+02 5.255375e+00 -1.731165e+00)
0.574531      	(-1.316520e+04 2.266635e+04 5.519190e+04)	(-1.248172e+04 2.265950e+04 5.519394e+04)	(-6.834819e+02 6.851476e+00 -2.040137e+00)
0.598168      	(-1.345676e+04 2.138236e+04 5.494185e+04)	(-1.265741e+04 2.137401e+04 5.494454e+04)	(-7.993575e+02 8.352490e+00 -2.690911e+00)
0.624957      	(-1.356359e+04 2.145522e+04 5.503486e+04)	(-1.262668e+04 2.144515e+04 5.503791e+04)	(-9.369099e+02 1.006948e+01 -3.052462e+00)
0.648397      	(-1.388128e+04 2.050136e+04 5.412707e+04)	(-1.281637e+04 2.049029e+04 5.412963e+04)	(-1.064916e+03 1.106412e+01 -2.552765e+00)
0.670372      	(-1.406491e+04 1.876550e+04 5.277315e+04)	(-1.287772e+04 1.875276e+04 5.277635e+04)	(-1.187188e+03 1.273848e+01 -3.198420e+00)
0.693917      	(-1.430016e+04 1.868314e+04 5.248237e+04)	(-1.298191e+04 1.866821e+04 5.248759e+04)	(-1.318258e+03 1.492868e+01 -5.221927e+00)
0.717462      	(-1.457302e+04 1.807432e+04 5.082005e+04)	(-1.312536e+04 1.805637e+04 5.082762e+04)	(-1.447664e+03 1.795575e+01 -7.574978e+00)
0.743147      	(-1.469160e+04 1.727937e+04 4.965788e+04)	(-1.311668e+04 1.725773e+04 4.966695e+04)	(-1.574920e+03 2.164381e+01 -9.066067e+00)
0.766498      	(-1.499724e+04 1.768923e+04 4.935580e+04)	(-1.330732e+04 1.766400e+04 4.936617e+04)	(-1.689917e+03 2.522737e+01 -1.036851e+01)
0.789848      	(-1.499742e+04 1.830903e+04 4.950248e+04)	(-1.319935e+04 1.827937e+04 4.951620e+04)	(-1.798077e+03 2.965918e+01 -1.372422e+01)
0.813198      	(-1.521963e+04 1.728920e+04 4.882030e+04)	(-1.331896e+04 1.725596e+04 4.883494e+04)	(-1.900667e+03 3.324773e+01 -1.464721e+01)
0.836548      	(-1.512316e+04 1.570601e+04 4.793230e+04)	(-1.312954e+04 1.566835e+04 4.794893e+04)	(-1.993616e+03 3.766750e+01 -1.663012e+01)
0.859899      	(-1.533725e+04 1.570914e+04 4.775732e+04)	(-1.325438e+04 1.566725e+04 4.777557e+04)	(-2.082873e+03 4.188903e+01 -1.824888e+01)
0.883249      	(-1.527425e+04 1.476361e+04 4.684022e+04)	(-1.310768e+04 1.471763e+04 4.686161e+04)	(-2.166573e+03 4.598247e+01 -2.139242e+01)
0.906599      	(-1.551748e+04 1.524335e+04 4.705222e+04)	(-1.327245e+04 1.519542e+04 4.707686e+04)	(-2.245034e+03 4.793463e+01 -2.463888e+01)
0.929949      	(-1.549017e+04 1.581664e+04 4.707250e+04)	(-1.318894e+04 1.576684e+04 4.710080e+04)	(-2.301231e+03 4.980407e+01 -2.829844e+01)
0.9533        	(-1.563875e+04 1.477435e+04 4.615523e+04)	(-1.329159e+04 1.472127e+04 4.618500e+04)	(-2.347162e+03 5.308724e+01 -2.977271e+01)
0.97665       	(-1.563901e+04 1.509897e+04 4.604950e+04)	(-1.325167e+04 1.504211e+04 4.608006e+04)	(-2.387344e+03 5.686249e+01 -3.055944e+01)
1             	(-1.571598e+04 1.561689e+04 4.623721e+04)	(-1.329083e+04 1.555375e+04 4.626942e+04)	(-2.425145e+03 6.313513e+01 -3.220970e+01)
1.02439       	(-1.572664e+04 1.650174e+04 4.688190e+04)	(-1.326477e+04 1.643354e+04 4.691704e+04)	(-2.461869e+03 6.820378e+01 -3.513574e+01)
1.04941       	(-1.575604e+04 1.691272e+04 4.679195e+04)	(-1.326382e+04 1.684085e+04 4.682832e+04)	(-2.492219e+03 7.187413e+01 -3.637674e+01)
1.07259       	(-1.586174e+04 1.703237e+04 4.649749e+04)	(-1.334271e+04 1.695808e+04 4.653107e+04)	(-2.519026e+03 7.429272e+01 -3.358060e+01)
1.09637       	(-1.598064e+04 1.808481e+04 4.730393e+04)	(-1.344186e+04 1.800760e+04 4.733502e+04)	(-2.538778e+03 7.721026e+01 -3.108384e+01)
1.11841       	(-1.601846e+04 1.781443e+04 4.726122e+04)	(-1.346143e+04 1.773589e+04 4.729070e+04)	(-2.557034e+03 7.853554e+01 -2.948199e+01)
1.1429        	(-1.620724e+04 1.737069e+04 4.679281e+04)	(-1.362830e+04 1.728946e+04 4.682324e+04)	(-2.578936e+03 8.122888e+01 -3.042563e+01)
1.16739       	(-1.628063e+04 1.762558e+04 4.675522e+04)	(-1.368477e+04 1.754250e+04 4.678491e+04)	(-2.595858e+03 8.308460e+01 -2.968903e+01)
1.19118       	(-1.649431e+04 1.850927e+04 4.765286e+04)	(-1.389852e+04 1.842846e+04 4.767493e+04)	(-2.595786e+03 8.081347e+01 -2.206721e+01)
1.21727       	(-1.668605e+04 1.917938e+04 4.849557e+04)	(-1.409485e+04 1.909968e+04 4.851255e+04)	(-2.591198e+03 7.970019e+01 -1.697806e+01)
1.24626       	(-1.687159e+04 2.048675e+04 4.948147e+04)	(-1.429482e+04 2.040872e+04 4.949380e+04)	(-2.576771e+03 7.802692e+01 -1.232698e+01)
1.27417       	(-1.708974e+04 2.079873e+04 4.977429e+04)	(-1.452534e+04 2.072236e+04 4.978194e+04)	(-2.564392e+03 7.636953e+01 -7.648434e+00)
1.30106       	(-1.708532e+04 2.156517e+04 5.032208e+04)	(-1.454687e+04 2.149496e+04 5.032206e+04)	(-2.538452e+03 7.020892e+01 2.144218e-02)
1.32901       	(-1.738574e+04 2.209537e+04 5.099602e+04)	(-1.488286e+04 2.202933e+04 5.099262e+04)	(-2.502883e+03 6.604305e+01 3.398589e+00)
1.35585       	(-1.737605e+04 2.169182e+04 5.076078e+04)	(-1.489962e+04 2.162702e+04 5.075475e+04)	(-2.476428e+03 6.479318e+01 6.029195e+00)
1.38386       	(-1.734379e+04 2.255782e+04 5.202356e+04)	(-1.488042e+04 2.249656e+04 5.201091e+04)	(-2.463374e+03 6.126118e+01 1.264730e+01)
1.4132        	(-1.734004e+04 2.290087e+04 5.299186e+04)	(-1.487438e+04 2.284688e+04 5.297429e+04)	(-2.465659e+03 5.398957e+01 1.757270e+01)
1.44254       	(-1.732009e+04 2.320943e+04 5.386288e+04)	(-1.484834e+04 2.315905e+04 5.384292e+04)	(-2.471751e+03 5.037999e+01 1.996219e+01)
1.47188       	(-1.742890e+04 2.328930e+04 5.318529e+04)	(-1.495098e+04 2.323449e+04 5.316812e+04)	(-2.477922e+03 5.480705e+01 1.716942e+01)
1.50122       	(-1.726254e+04 2.361674e+04 5.364439e+04)	(-1.476754e+04 2.355844e+04 5.362731e+04)	(-2.494992e+03 5.829977e+01 1.708001e+01)
1.53239       	(-1.733805e+04 2.294380e+04 5.251830e+04)	(-1.482784e+04 2.288242e+04 5.250900e+04)	(-2.510209e+03 6.137200e+01 9.293957e+00)
1.56357       	(-1.713246e+04 2.250940e+04 5.220450e+04)	(-1.460851e+04 2.244012e+04 5.220044e+04)	(-2.523950e+03 6.928569e+01 4.065415e+00)
1.59084       	(-1.679125e+04 2.144167e+04 5.144779e+04)	(-1.425382e+04 2.137309e+04 5.143580e+04)	(-2.537428e+03 6.858374e+01 1.198290e+01)
1.62007       	(-1.693657e+04 2.178240e+04 5.240004e+04)	(-1.441575e+04 2.171751e+04 5.237920e+04)	(-2.520822e+03 6.489027e+01 2.084051e+01)
1.6493        	(-1.698048e+04 2.207368e+04 5.288650e+04)	(-1.450443e+04 2.200914e+04 5.285673e+04)	(-2.476050e+03 6.454318e+01 2.977043e+01)
1.67627       	(-1.680172e+04 2.167276e+04 5.200565e+04)	(-1.436415e+04 2.161721e+04 5.196479e+04)	(-2.437565e+03 5.554260e+01 4.086788e+01)
1.70325       	(-1.641515e+04 2.209300e+04 5.237030e+04)	(-1.398704e+04 2.205220e+04 5.231578e+04)	(-2.428117e+03 4.079999e+01 5.452497e+01)
1.72608       	(-1.635714e+04 2.319926e+04 5.277350e+04)	(-1.393720e+04 2.316709e+04 5.271075e+04)	(-2.419940e+03 3.217021e+01 6.275126e+01)
1.7489        	(-1.625917e+04 2.319328e+04 5.238337e+04)	(-1.384121e+04 2.317032e+04 5.231297e+04)	(-2.417962e+03 2.295416e+01 7.040192e+01)
1.77173       	(-1.641396e+04 2.266016e+04 5.170897e+04)	(-1.399332e+04 2.264091e+04 5.163646e+04)	(-2.420638e+03 1.925264e+01 7.250797e+01)
1.79709       	(-1.652819e+04 2.257079e+04 5.089876e+04)	(-1.410513e+04 2.255257e+04 5.082834e+04)	(-2.423061e+03 1.822072e+01 7.041989e+01)
1.82246       	(-1.634080e+04 2.149080e+04 4.999039e+04)	(-1.391447e+04 2.147177e+04 4.992140e+04)	(-2.426332e+03 1.902535e+01 6.899383e+01)
1.84465       	(-1.643667e+04 2.157366e+04 4.960839e+04)	(-1.400834e+04 2.155394e+04 4.954036e+04)	(-2.428328e+03 1.971884e+01 6.803219e+01)
1.86407       	(-1.633148e+04 2.122692e+04 4.926612e+04)	(-1.390392e+04 2.120670e+04 4.919888e+04)	(-2.427564e+03 2.022267e+01 6.723414e+01)
1.88349       	(-1.642960e+04 2.056776e+04 4.875342e+04)	(-1.400379e+04 2.054699e+04 4.868733e+04)	(-2.425812e+03 2.077135e+01 6.609097e+01)
1.90013       	(-1.645240e+04 1.996988e+04 4.810804e+04)	(-1.402938e+04 1.994907e+04 4.804230e+04)	(-2.423016e+03 2.081421e+01 6.573296e+01)
1.92011       	(-1.640135e+04 1.992961e+04 4.852965e+04)	(-1.398421e+04 1.990848e+04 4.846511e+04)	(-2.417134e+03 2.112682e+01 6.453332e+01)
1.94008       	(-1.634636e+04 1.917101e+04 4.786529e+04)	(-1.393570e+04 1.914951e+04 4.780224e+04)	(-2.410665e+03 2.150366e+01 6.305306e+01)
1.96005       	(-1.627075e+04 1.911266e+04 4.797537e+04)	(-1.386721e+04 1.909081e+04 4.791352e+04)	(-2.403543e+03 2.185025e+01 6.185024e+01)
1.98003       	(-1.631792e+04 1.901064e+04 4.798529e+04)	(-1.392248e+04 1.898858e+04 4.792433e+04)	(-2.395439e+03 2.205576e+01 6.095137e+01)
2             	(-1.614128e+04 1.899703e+04 4.806441e+04)	(-1.375228e+04 1.897479e+04 4.800438e+04)	(-2.389004e+03 2.224329e+01 6.003502e+01)
2.02174       	(-1.622453e+04 1.960370e+04 4.887288e+04)	(-1.384213e+04 1.958124e+04 4.881339e+04)	(-2.382399e+03 2.245999e+01 5.949366e+01)
2.04503       	(-1.606612e+04 1.989081e+04 4.924470e+04)	(-1.368902e+04 1.986780e+04 4.918592e+04)	(-2.377105e+03 2.300700e+01 5.877809e+01)
2.07016       	(-1.610071e+04 1.974608e+04 4.967333e+04)	(-1.373076e+04 1.972268e+04 4.961506e+04)	(-2.369950e+03 2.339914e+01 5.827194e+01)
2.09463       	(-1.604391e+04 2.003321e+04 4.993292e+04)	(-1.367973e+04 2.000859e+04 4.987607e+04)	(-2.364176e+03 2.461669e+01 5.685408e+01)
2.11727       	(-1.609894e+04 2.018741e+04 5.007909e+04)	(-1.374278e+04 2.016169e+04 5.002317e+04)	(-2.356166e+03 2.572580e+01 5.592618e+01)
2.13733       	(-1.610873e+04 2.051280e+04 5.004029e+04)	(-1.376117e+04 2.048676e+04 4.998484e+04)	(-2.347560e+03 2.603896e+01 5.544703e+01)
2.15693       	(-1.620672e+04 2.048861e+04 4.977745e+04)	(-1.386638e+04 2.046268e+04 4.972163e+04)	(-2.340344e+03 2.592920e+01 5.581901e+01)
2.17654       	(-1.611234e+04 2.078133e+04 4.978677e+04)	(-1.378104e+04 2.075537e+04 4.973029e+04)	(-2.331300e+03 2.596387e+01 5.647630e+01)
2.19713       	(-1.627169e+04 2.114630e+04 5.017698e+04)	(-1.395009e+04 2.111981e+04 5.012051e+04)	(-2.321601e+03 2.649545e+01 5.646306e+01)
2.21943       	(-1.613298e+04 2.138030e+04 5.061178e+04)	(-1.382287e+04 2.135359e+04 5.055584e+04)	(-2.310117e+03 2.670583e+01 5.594101e+01)
2.24308       	(-1.617955e+04 2.162417e+04 5.113043e+04)	(-1.388142e+04 2.159796e+04 5.107534e+04)	(-2.298122e+03 2.621094e+01 5.508765e+01)
2.26918       	(-1.608497e+04 2.203057e+04 5.151585e+04)	(-1.379885e+04 2.200453e+04 5.146108e+04)	(-2.286112e+03 2.603822e+01 5.477019e+01)
2.29528       	(-1.616769e+04 2.221582e+04 5.167896e+04)	(-1.389212e+04 2.218959e+04 5.162485e+04)	(-2.275566e+03 2.622791e+01 5.411088e+01)
2.32138       	(-1.613295e+04 2.195417e+04 5.137984e+04)	(-1.386807e+04 2.192772e+04 5.132643e+04)	(-2.264889e+03 2.644810e+01 5.340733e+01)
2.34853       	(-1.620884e+04 2.229463e+04 5.135217e+04)	(-1.395425e+04 2.226757e+04 5.129935e+04)	(-2.254596e+03 2.705754e+01 5.282037e+01)
2.37567       	(-1.620258e+04 2.247310e+04 5.118461e+04)	(-1.395587e+04 2.244513e+04 5.113208e+04)	(-2.246710e+03 2.796844e+01 5.253649e+01)
2.40282       	(-1.620438e+04 2.275121e+04 5.119050e+04)	(-1.396149e+04 2.272290e+04 5.113778e+04)	(-2.242882e+03 2.831093e+01 5.271995e+01)
2.42878       	(-1.624726e+04 2.287416e+04 5.107036e+04)	(-1.400631e+04 2.284543e+04 5.101702e+04)	(-2.240957e+03 2.872756e+01 5.334148e+01)
2.45598       	(-1.616001e+04 2.266943e+04 5.120832e+04)	(-1.392078e+04 2.264114e+04 5.115483e+04)	(-2.239231e+03 2.828968e+01 5.349584e+01)
2.48318       	(-1.627498e+04 2.260961e+04 5.113208e+04)	(-1.403739e+04 2.258143e+04 5.107835e+04)	(-2.237588e+03 2.818596e+01 5.372949e+01)
2.51038       	(-1.612531e+04 2.239756e+04 5.107308e+04)	(-1.389138e+04 2.236949e+04 5.101943e+04)	(-2.233926e+03 2.806324e+01 5.365505e+01)
2.53615       	(-1.622942e+04 2.241978e+04 5.090193e+04)	(-1.399844e+04 2.239136e+04 5.084844e+04)	(-2.230975e+03 2.842465e+01 5.349369e+01)
2.56192       	(-1.605114e+04 2.213182e+04 5.066743e+04)	(-1.382227e+04 2.210331e+04 5.061440e+04)	(-2.228877e+03 2.851600e+01 5.303537e+01)
2.5893        	(-1.616562e+04 2.218675e+04 5.074522e+04)	(-1.394212e+04 2.215823e+04 5.069303e+04)	(-2.223497e+03 2.851692e+01 5.219150e+01)
2.61497       	(-1.607555e+04 2.209871e+04 5.014624e+04)	(-1.385732e+04 2.206976e+04 5.009508e+04)	(-2.218235e+03 2.894563e+01 5.115060e+01)
2.64064       	(-1.613887e+04 2.187218e+04 4.991066e+04)	(-1.392528e+04 2.184265e+04 4.986068e+04)	(-2.213587e+03 2.952883e+01 4.997821e+01)
2.66631       	(-1.603911e+04 2.235859e+04 5.006430e+04)	(-1.382823e+04 2.232864e+04 5.001519e+04)	(-2.210879e+03 2.995407e+01 4.911691e+01)
2.69198       	(-1.608070e+04 2.201793e+04 5.039293e+04)	(-1.387370e+04 2.198760e+04 5.034478e+04)	(-2.207003e+03 3.032869e+01 4.815443e+01)
2.71765       	(-1.601815e+04 2.204900e+04 5.021979e+04)	(-1.381453e+04 2.201827e+04 5.017297e+04)	(-2.203621e+03 3.072653e+01 4.682537e+01)
2.74331       	(-1.615437e+04 2.212599e+04 5.066226e+04)	(-1.395371e+04 2.209503e+04 5.061668e+04)	(-2.200660e+03 3.096044e+01 4.557226e+01)
2.76665       	(-1.609348e+04 2.174537e+04 5.029185e+04)	(-1.389562e+04 2.171406e+04 5.024726e+04)	(-2.197865e+03 3.130359e+01 4.458934e+01)
2.78998       	(-1.609979e+04 2.149431e+04 5.039603e+04)	(-1.390336e+04 2.146310e+04 5.035212e+04)	(-2.196429e+03 3.120389e+01 4.390200e+01)
2.81332       	(-1.609528e+04 2.173578e+04 5.037447e+04)	(-1.389940e+04 2.170456e+04 5.033115e+04)	(-2.195885e+03 3.122397e+01 4.331843e+01)
2.83665       	(-1.613123e+04 2.087019e+04 4.977807e+04)	(-1.393621e+04 2.083905e+04 4.973531e+04)	(-2.195015e+03 3.113662e+01 4.276389e+01)
2.85999       	(-1.610549e+04 2.091492e+04 4.960475e+04)	(-1.391121e+04 2.088400e+04 4.956247e+04)	(-2.194279e+03 3.092742e+01 4.228067e+01)
2.88332       	(-1.610427e+04 2.073809e+04 4.962824e+04)	(-1.391039e+04 2.070719e+04 4.958645e+04)	(-2.193880e+03 3.089540e+01 4.178970e+01)
2.90666       	(-1.604658e+04 2.077319e+04 4.944660e+04)	(-1.385404e+04 2.074241e+04 4.940508e+04)	(-2.192546e+03 3.078201e+01 4.152381e+01)
2.92999       	(-1.599620e+04 2.053341e+04 4.956467e+04)	(-1.380497e+04 2.050271e+04 4.952328e+04)	(-2.191231e+03 3.069801e+01 4.139301e+01)
2.95333       	(-1.599543e+04 2.079950e+04 4.966291e+04)	(-1.380466e+04 2.076882e+04 4.962123e+04)	(-2.190772e+03 3.067870e+01 4.167837e+01)
2.97666       	(-1.593050e+04 2.081474e+04 4.984408e+04)	(-1.374156e+04 2.078423e+04 4.980242e+04)	(-2.188938e+03 3.050322e+01 4.166017e+01)
3             	(-1.593920e+04 2.071196e+04 4.983846e+04)	(-1.375244e+04 2.068151e+04 4.979694e+04)	(-2.186763e+03 3.044797e+01 4.152061e+01)
3.02128       	(-1.583886e+04 2.068670e+04 4.963377e+04)	(-1.365379e+04 2.065626e+04 4.959250e+04)	(-2.185069e+03 3.044145e+01 4.126447e+01)
3.04352       	(-1.583599e+04 2.102426e+04 4.964190e+04)	(-1.365340e+04 2.099357e+04 4.960131e+04)	(-2.182585e+03 3.068878e+01 4.058522e+01)
3.06576       	(-1.584156e+04 2.108099e+04 5.000429e+04)	(-1.366039e+04 2.105018e+04 4.996411e+04)	(-2.181178e+03 3.080645e+01 4.017720e+01)
3.08855       	(-1.580032e+04 2.127323e+04 4.985280e+04)	(-1.362055e+04 2.124202e+04 4.981316e+04)	(-2.179770e+03 3.121160e+01 3.964617e+01)
3.11192       	(-1.584853e+04 2.072547e+04 4.981895e+04)	(-1.366976e+04 2.069393e+04 4.977972e+04)	(-2.178770e+03 3.153421e+01 3.922968e+01)
3.13469       	(-1.580114e+04 2.083497e+04 4.973129e+04)	(-1.362383e+04 2.080298e+04 4.969249e+04)	(-2.177311e+03 3.198576e+01 3.879609e+01)
3.15873       	(-1.589226e+04 2.119075e+04 5.036406e+04)	(-1.371644e+04 2.115843e+04 5.032583e+04)	(-2.175819e+03 3.231413e+01 3.823435e+01)
3.18347       	(-1.584299e+04 2.127014e+04 5.040435e+04)	(-1.366959e+04 2.123714e+04 5.036674e+04)	(-2.173399e+03 3.299682e+01 3.760924e+01)
3.20749       	(-1.592881e+04 2.145791e+04 5.075694e+04)	(-1.375644e+04 2.142447e+04 5.071963e+04)	(-2.172378e+03 3.344303e+01 3.730487e+01)
3.2315        	(-1.587436e+04 2.137714e+04 5.076556e+04)	(-1.370251e+04 2.134332e+04 5.072869e+04)	(-2.171844e+03 3.381654e+01 3.686825e+01)
3.25552       	(-1.596332e+04 2.157048e+04 5.105447e+04)	(-1.379197e+04 2.153634e+04 5.101809e+04)	(-2.171346e+03 3.414130e+01 3.637917e+01)
3.27953       	(-1.585551e+04 2.194771e+04 5.130054e+04)	(-1.368512e+04 2.191317e+04 5.126480e+04)	(-2.170389e+03 3.453374e+01 3.573979e+01)
3.30355       	(-1.601792e+04 2.192778e+04 5.133144e+04)	(-1.384712e+04 2.189299e+04 5.129581e+04)	(-2.170796e+03 3.479059e+01 3.563280e+01)
3.32842       	(-1.590751e+04 2.236237e+04 5.167610e+04)	(-1.373687e+04 2.232689e+04 5.164106e+04)	(-2.170637e+03 3.547826e+01 3.504545e+01)
3.3533        	(-1.610800e+04 2.298480e+04 5.219235e+04)	(-1.393652e+04 2.294872e+04 5.215763e+04)	(-2.171473e+03 3.607799e+01 3.471687e+01)
3.37817       	(-1.596410e+04 2.264520e+04 5.192986e+04)	(-1.379156e+04 2.260880e+04 5.189546e+04)	(-2.172534e+03 3.640720e+01 3.439634e+01)
3.40408       	(-1.606641e+04 2.282672e+04 5.217018e+04)	(-1.389228e+04 2.278988e+04 5.213561e+04)	(-2.174128e+03 3.683891e+01 3.456157e+01)
3.42999       	(-1.596340e+04 2.283660e+04 5.206770e+04)	(-1.378697e+04 2.279944e+04 5.203294e+04)	(-2.176433e+03 3.716432e+01 3.475991e+01)
3.45713       	(-1.606148e+04 2.284871e+04 5.223883e+04)	(-1.388339e+04 2.281116e+04 5.220409e+04)	(-2.178095e+03 3.754940e+01 3.474008e+01)
3.48428       	(-1.599635e+04 2.315490e+04 5.232347e+04)	(-1.381589e+04 2.311672e+04 5.228880e+04)	(-2.180466e+03 3.818234e+01 3.466490e+01)
3.51142       	(-1.606459e+04 2.332927e+04 5.248130e+04)	(-1.388292e+04 2.329042e+04 5.244696e+04)	(-2.181670e+03 3.884535e+01 3.433580e+01)
3.53713       	(-1.605097e+04 2.350286e+04 5.226536e+04)	(-1.386961e+04 2.346352e+04 5.223195e+04)	(-2.181365e+03 3.934321e+01 3.340391e+01)
3.56285       	(-1.610668e+04 2.398747e+04 5.283958e+04)	(-1.392605e+04 2.394752e+04 5.280729e+04)	(-2.180634e+03 3.994913e+01 3.228701e+01)
3.58856       	(-1.610021e+04 2.386629e+04 5.269384e+04)	(-1.392201e+04 2.382564e+04 5.266286e+04)	(-2.178198e+03 4.065649e+01 3.098077e+01)
3.61599       	(-1.613111e+04 2.360756e+04 5.272574e+04)	(-1.395580e+04 2.356567e+04 5.269653e+04)	(-2.175311e+03 4.188953e+01 2.921232e+01)
3.64342       	(-1.614367e+04 2.365257e+04 5.285935e+04)	(-1.397138e+04 2.360909e+04 5.283197e+04)	(-2.172290e+03 4.347946e+01 2.737720e+01)
3.67085       	(-1.616253e+04 2.336541e+04 5.266670e+04)	(-1.399362e+04 2.332074e+04 5.264098e+04)	(-2.168908e+03 4.466886e+01 2.572217e+01)
3.69828       	(-1.614137e+04 2.342718e+04 5.264492e+04)	(-1.397562e+04 2.338090e+04 5.262101e+04)	(-2.165756e+03 4.628376e+01 2.391337e+01)
3.72342       	(-1.619350e+04 2.369417e+04 5.279986e+04)	(-1.402982e+04 2.364643e+04 5.277740e+04)	(-2.163675e+03 4.774364e+01 2.246202e+01)
3.74857       	(-1.620505e+04 2.349080e+04 5.267450e+04)	(-1.404494e+04 2.344202e+04 5.265330e+04)	(-2.160114e+03 4.877985e+01 2.119579e+01)
3.7765        	(-1.625536e+04 2.343506e+04 5.297837e+04)	(-1.409989e+04 2.338470e+04 5.295907e+04)	(-2.155472e+03 5.036536e+01 1.929599e+01)
3.80134       	(-1.632682e+04 2.300462e+04 5.230759e+04)	(-1.417482e+04 2.295315e+04 5.228895e+04)	(-2.152001e+03 5.146555e+01 1.864074e+01)
3.82617       	(-1.629267e+04 2.234539e+04 5.174579e+04)	(-1.414587e+04 2.229301e+04 5.172825e+04)	(-2.146797e+03 5.237849e+01 1.753981e+01)
3.8479        	(-1.630996e+04 2.142891e+04 5.072383e+04)	(-1.416872e+04 2.137593e+04 5.070758e+04)	(-2.141242e+03 5.297433e+01 1.625322e+01)
3.86963       	(-1.622330e+04 2.089806e+04 5.003201e+04)	(-1.408637e+04 2.084416e+04 5.001697e+04)	(-2.136933e+03 5.389370e+01 1.504193e+01)
3.88825       	(-1.620182e+04 2.043066e+04 4.909768e+04)	(-1.406974e+04 2.037646e+04 4.908356e+04)	(-2.132087e+03 5.420071e+01 1.412356e+01)
3.90422       	(-1.619868e+04 2.097320e+04 4.841143e+04)	(-1.406978e+04 2.091928e+04 4.839707e+04)	(-2.128902e+03 5.392212e+01 1.436227e+01)
3.92337       	(-1.612353e+04 2.163974e+04 4.930376e+04)	(-1.399828e+04 2.158526e+04 4.929038e+04)	(-2.125248e+03 5.447194e+01 1.338115e+01)
3.94253       	(-1.607802e+04 2.132044e+04 4.949208e+04)	(-1.395855e+04 2.126604e+04 4.947909e+04)	(-2.119469e+03 5.440189e+01 1.298385e+01)
3.9569        	(-1.612706e+04 2.189669e+04 4.921038e+04)	(-1.401157e+04 2.184283e+04 4.919713e+04)	(-2.115489e+03 5.385395e+01 1.324312e+01)
3.97126       	(-1.609173e+04 2.196282e+04 4.935217e+04)	(-1.397731e+04 2.190899e+04 4.933911e+04)	(-2.114412e+03 5.382507e+01 1.305762e+01)
3.98563       	(-1.608585e+04 2.277477e+04 4.992105e+04)	(-1.397286e+04 2.272113e+04 4.990810e+04)	(-2.112983e+03 5.364175e+01 1.295241e+01)
4             	(-1.602270e+04 2.202943e+04 4.937570e+04)	(-1.391131e+04 2.197628e+04 4.936268e+04)	(-2.111391e+03 5.315279e+01 1.302447e+01)
4.01639       	(-1.599894e+04 2.157325e+04 4.956181e+04)	(-1.389127e+04 2.152006e+04 4.954874e+04)	(-2.107670e+03 5.318918e+01 1.307212e+01)
4.03495       	(-1.593325e+04 2.153900e+04 5.005359e+04)	(-1.382819e+04 2.148574e+04 5.004003e+04)	(-2.105056e+03 5.326004e+01 1.356137e+01)
4.05548       	(-1.587140e+04 2.095142e+04 4.972128e+04)	(-1.376843e+04 2.089827e+04 4.970618e+04)	(-2.102967e+03 5.315393e+01 1.509865e+01)
4.07852       	(-1.594987e+04 2.118895e+04 5.007002e+04)	(-1.385080e+04 2.113619e+04 5.005352e+04)	(-2.099071e+03 5.276218e+01 1.650521e+01)
4.10215       	(-1.589861e+04 2.187479e+04 5.057208e+04)	(-1.380669e+04 2.182175e+04 5.055504e+04)	(-2.091925e+03 5.303895e+01 1.703575e+01)
4.12578       	(-1.592938e+04 2.241938e+04 5.096582e+04)	(-1.384586e+04 2.236709e+04 5.094774e+04)	(-2.083518e+03 5.229268e+01 1.808670e+01)
4.1494        	(-1.588809e+04 2.234943e+04 5.062884e+04)	(-1.381390e+04 2.229801e+04 5.060987e+04)	(-2.074190e+03 5.141903e+01 1.897286e+01)
4.17442       	(-1.596162e+04 2.306014e+04 5.108549e+04)	(-1.389916e+04 2.300972e+04 5.106480e+04)	(-2.062460e+03 5.041858e+01 2.068453e+01)
4.20022       	(-1.596318e+04 2.317887e+04 5.121169e+04)	(-1.391264e+04 2.312990e+04 5.118954e+04)	(-2.050542e+03 4.897508e+01 2.215554e+01)
4.22688       	(-1.591402e+04 2.344118e+04 5.139111e+04)	(-1.387317e+04 2.339353e+04 5.136725e+04)	(-2.040845e+03 4.765533e+01 2.386444e+01)
4.25265       	(-1.591578e+04 2.312265e+04 5.115774e+04)	(-1.388470e+04 2.307691e+04 5.113247e+04)	(-2.031082e+03 4.574351e+01 2.526893e+01)
4.27756       	(-1.583364e+04 2.307440e+04 5.112855e+04)	(-1.381426e+04 2.303060e+04 5.110175e+04)	(-2.019381e+03 4.380052e+01 2.680224e+01)
4.30336       	(-1.584366e+04 2.335982e+04 5.141592e+04)	(-1.383652e+04 2.331662e+04 5.138763e+04)	(-2.007143e+03 4.320045e+01 2.828993e+01)
4.33016       	(-1.583670e+04 2.303849e+04 5.124372e+04)	(-1.384066e+04 2.299663e+04 5.121447e+04)	(-1.996035e+03 4.185826e+01 2.925402e+01)
4.35695       	(-1.574138e+04 2.273094e+04 5.098872e+04)	(-1.375631e+04 2.269019e+04 5.095861e+04)	(-1.985067e+03 4.075029e+01 3.011813e+01)
4.38491       	(-1.571755e+04 2.310164e+04 5.134206e+04)	(-1.374534e+04 2.306162e+04 5.131147e+04)	(-1.972213e+03 4.002053e+01 3.059512e+01)
4.41287       	(-1.578852e+04 2.291269e+04 5.123731e+04)	(-1.382971e+04 2.287239e+04 5.120698e+04)	(-1.958812e+03 4.029733e+01 3.032794e+01)
4.44083       	(-1.570816e+04 2.287280e+04 5.114725e+04)	(-1.375997e+04 2.283198e+04 5.111723e+04)	(-1.948192e+03 4.081180e+01 3.001316e+01)
4.46879       	(-1.578437e+04 2.287181e+04 5.125206e+04)	(-1.384282e+04 2.283066e+04 5.122212e+04)	(-1.941554e+03 4.115592e+01 2.994078e+01)
4.49674       	(-1.576328e+04 2.296667e+04 5.110577e+04)	(-1.382380e+04 2.292545e+04 5.107558e+04)	(-1.939472e+03 4.122523e+01 3.018674e+01)
4.52635       	(-1.579569e+04 2.304209e+04 5.111269e+04)	(-1.385485e+04 2.300089e+04 5.108165e+04)	(-1.940841e+03 4.120197e+01 3.104159e+01)
4.55421       	(-1.586838e+04 2.317704e+04 5.134200e+04)	(-1.392421e+04 2.313567e+04 5.131029e+04)	(-1.944170e+03 4.136905e+01 3.171739e+01)
4.58207       	(-1.584592e+04 2.287656e+04 5.114443e+04)	(-1.389214e+04 2.283539e+04 5.111129e+04)	(-1.953777e+03 4.116309e+01 3.314097e+01)
4.60819       	(-1.589865e+04 2.258076e+04 5.088955e+04)	(-1.393789e+04 2.253995e+04 5.085538e+04)	(-1.960764e+03 4.081561e+01 3.417056e+01)
4.63431       	(-1.591848e+04 2.250630e+04 5.087877e+04)	(-1.394794e+04 2.246605e+04 5.084346e+04)	(-1.970537e+03 4.025312e+01 3.531679e+01)
4.65869       	(-1.591521e+04 2.213126e+04 5.028759e+04)	(-1.393552e+04 2.209133e+04 5.025172e+04)	(-1.979686e+03 3.993375e+01 3.587245e+01)
4.68307       	(-1.592793e+04 2.202426e+04 5.021296e+04)	(-1.393796e+04 2.198468e+04 5.017636e+04)	(-1.989974e+03 3.958205e+01 3.659912e+01)
4.70745       	(-1.590749e+04 2.173889e+04 4.989162e+04)	(-1.390756e+04 2.169925e+04 4.985468e+04)	(-1.999937e+03 3.964151e+01 3.693899e+01)
4.73183       	(-1.596039e+04 2.160486e+04 4.986179e+04)	(-1.395031e+04 2.156509e+04 4.982424e+04)	(-2.010081e+03 3.976765e+01 3.755148e+01)
4.75621       	(-1.590089e+04 2.173767e+04 4.992838e+04)	(-1.388065e+04 2.169751e+04 4.989020e+04)	(-2.020238e+03 4.016241e+01 3.818219e+01)
4.78059       	(-1.591501e+04 2.179116e+04 5.007554e+04)	(-1.388393e+04 2.175036e+04 5.003662e+04)	(-2.031080e+03 4.080298e+01 3.892129e+01)
4.80497       	(-1.595338e+04 2.141853e+04 5.007349e+04)	(-1.391364e+04 2.137732e+04 5.003434e+04)	(-2.039740e+03 4.120635e+01 3.914921e+01)
4.82935       	(-1.600124e+04 2.129245e+04 5.005606e+04)	(-1.395560e+04 2.125119e+04 5.001724e+04)	(-2.045640e+03 4.126376e+01 3.882371e+01)
4.85373       	(-1.600609e+04 2.165870e+04 5.067397e+04)	(-1.395552e+04 2.161744e+04 5.063581e+04)	(-2.050570e+03 4.126388e+01 3.815607e+01)
4.8781        	(-1.602368e+04 2.165331e+04 5.077758e+04)	(-1.397002e+04 2.161205e+04 5.074042e+04)	(-2.053665e+03 4.126649e+01 3.715515e+01)
4.90248       	(-1.607870e+04 2.161956e+04 5.087825e+04)	(-1.402276e+04 2.157804e+04 5.084210e+04)	(-2.055934e+03 4.151320e+01 3.615078e+01)
4.92686       	(-1.611501e+04 2.165509e+04 5.108303e+04)	(-1.405751e+04 2.161338e+04 5.104793e+04)	(-2.057504e+03 4.170312e+01 3.509773e+01)
4.95124       	(-1.609444e+04 2.197351e+04 5.140819e+04)	(-1.403514e+04 2.193139e+04 5.137414e+04)	(-2.059302e+03 4.212183e+01 3.404862e+01)
4.97562       	(-1.601324e+04 2.227301e+04 5.163581e+04)	(-1.395305e+04 2.223029e+04 5.160259e+04)	(-2.060194e+03 4.271515e+01 3.321894e+01)
5             	(-1.603049e+04 2.222106e+04 5.151942e+04)	(-1.396710e+04 2.217766e+04 5.148703e+04)	(-2.063395e+03 4.340372e+01 3.238622e+01)
5.02564       	(-1.595708e+04 2.203082e+04 5.145742e+04)	(-1.388909e+04 2.198660e+04 5.142630e+04)	(-2.067997e+03 4.421197e+01 3.112298e+01)
5.05062       	(-1.603536e+04 2.195611e+04 5.172893e+04)	(-1.396159e+04 2.191074e+04 5.169897e+04)	(-2.073774e+03 4.537600e+01 2.995647e+01)
5.07561       	(-1.593785e+04 2.183880e+04 5.150841e+04)	(-1.385744e+04 2.179233e+04 5.147981e+04)	(-2.080410e+03 4.646979e+01 2.859936e+01)
5.10129       	(-1.601357e+04 2.173851e+04 5.136453e+04)	(-1.392602e+04 2.169040e+04 5.133820e+04)	(-2.087558e+03 4.810654e+01 2.633115e+01)
5.12696       	(-1.599872e+04 2.143905e+04 5.098112e+04)	(-1.390308e+04 2.138955e+04 5.095676e+04)	(-2.095638e+03 4.950772e+01 2.436408e+01)
5.15342       	(-1.607394e+04 2.171035e+04 5.104722e+04)	(-1.396938e+04 2.165918e+04 5.102556e+04)	(-2.104552e+03 5.116880e+01 2.166081e+01)
5.17907       	(-1.604888e+04 2.204091e+04 5.087736e+04)	(-1.393593e+04 2.198802e+04 5.085836e+04)	(-2.112946e+03 5.289702e+01 1.900199e+01)
5.20473       	(-1.619572e+04 2.282943e+04 5.163334e+04)	(-1.407447e+04 2.277397e+04 5.161717e+04)	(-2.121252e+03 5.546897e+01 1.616960e+01)
5.23124       	(-1.607700e+04 2.322434e+04 5.196856e+04)	(-1.394949e+04 2.316526e+04 5.195608e+04)	(-2.127502e+03 5.908262e+01 1.247931e+01)
5.25603       	(-1.625771e+04 2.409225e+04 5.245239e+04)	(-1.412560e+04 2.403087e+04 5.244175e+04)	(-2.132108e+03 6.137181e+01 1.063744e+01)
5.28169       	(-1.615496e+04 2.406474e+04 5.232550e+04)	(-1.401782e+04 2.400273e+04 5.231462e+04)	(-2.137142e+03 6.200841e+01 1.088643e+01)
5.30734       	(-1.625363e+04 2.398905e+04 5.262766e+04)	(-1.411145e+04 2.392691e+04 5.261615e+04)	(-2.142183e+03 6.213614e+01 1.150723e+01)
5.33208       	(-1.612370e+04 2.398881e+04 5.246968e+04)	(-1.397659e+04 2.392673e+04 5.245683e+04)	(-2.147112e+03 6.207654e+01 1.284583e+01)
5.35682       	(-1.618514e+04 2.341856e+04 5.201927e+04)	(-1.403265e+04 2.335706e+04 5.200522e+04)	(-2.152488e+03 6.149401e+01 1.404277e+01)
5.38064       	(-1.606802e+04 2.319463e+04 5.156716e+04)	(-1.391338e+04 2.313361e+04 5.155264e+04)	(-2.154643e+03 6.101678e+01 1.452922e+01)
5.40541       	(-1.618502e+04 2.376459e+04 5.226660e+04)	(-1.403100e+04 2.370378e+04 5.225202e+04)	(-2.154029e+03 6.081112e+01 1.457391e+01)
5.42828       	(-1.609549e+04 2.329607e+04 5.153944e+04)	(-1.394465e+04 2.323582e+04 5.152460e+04)	(-2.150840e+03 6.024670e+01 1.484226e+01)
5.4521        	(-1.612229e+04 2.298451e+04 5.146128e+04)	(-1.397853e+04 2.292515e+04 5.144652e+04)	(-2.143759e+03 5.936230e+01 1.476104e+01)
5.47593       	(-1.604200e+04 2.257968e+04 5.110256e+04)	(-1.390709e+04 2.252069e+04 5.108858e+04)	(-2.134911e+03 5.899274e+01 1.398351e+01)
5.50088       	(-1.606841e+04 2.252473e+04 5.097894e+04)	(-1.394401e+04 2.246557e+04 5.096631e+04)	(-2.124399e+03 5.916175e+01 1.263148e+01)
5.52465       	(-1.602304e+04 2.316675e+04 5.121254e+04)	(-1.390764e+04 2.310697e+04 5.120033e+04)	(-2.115404e+03 5.977557e+01 1.220346e+01)
5.54842       	(-1.602486e+04 2.318903e+04 5.123406e+04)	(-1.391893e+04 2.312880e+04 5.122185e+04)	(-2.105926e+03 6.022498e+01 1.220503e+01)
5.57218       	(-1.593576e+04 2.315910e+04 5.099803e+04)	(-1.384142e+04 2.309949e+04 5.098576e+04)	(-2.094343e+03 5.961043e+01 1.226668e+01)
5.59735       	(-1.583357e+04 2.354031e+04 5.152444e+04)	(-1.375282e+04 2.348092e+04 5.151239e+04)	(-2.080757e+03 5.938862e+01 1.204514e+01)
5.62104       	(-1.582738e+04 2.362878e+04 5.139502e+04)	(-1.375720e+04 2.356978e+04 5.138291e+04)	(-2.070183e+03 5.900289e+01 1.210997e+01)
5.6463        	(-1.581316e+04 2.355514e+04 5.142974e+04)	(-1.375318e+04 2.349709e+04 5.141664e+04)	(-2.059981e+03 5.804758e+01 1.310015e+01)
5.66988       	(-1.591796e+04 2.367832e+04 5.148865e+04)	(-1.386656e+04 2.362131e+04 5.147428e+04)	(-2.051395e+03 5.700598e+01 1.436486e+01)
5.69527       	(-1.601587e+04 2.378716e+04 5.165762e+04)	(-1.397617e+04 2.373194e+04 5.164213e+04)	(-2.039697e+03 5.522140e+01 1.549850e+01)
5.72067       	(-1.600652e+04 2.359366e+04 5.156682e+04)	(-1.397468e+04 2.354018e+04 5.154966e+04)	(-2.031839e+03 5.348680e+01 1.716074e+01)
5.74606       	(-1.598464e+04 2.319497e+04 5.121311e+04)	(-1.396308e+04 2.314274e+04 5.119535e+04)	(-2.021562e+03 5.223008e+01 1.775948e+01)
5.77146       	(-1.599140e+04 2.329438e+04 5.150064e+04)	(-1.397977e+04 2.324343e+04 5.148237e+04)	(-2.011630e+03 5.094754e+01 1.827377e+01)
5.79685       	(-1.597645e+04 2.293588e+04 5.098088e+04)	(-1.397183e+04 2.288615e+04 5.096185e+04)	(-2.004615e+03 4.973264e+01 1.902990e+01)
5.82224       	(-1.605091e+04 2.305084e+04 5.106479e+04)	(-1.405104e+04 2.300213e+04 5.104448e+04)	(-1.999876e+03 4.871098e+01 2.031134e+01)
5.84764       	(-1.596998e+04 2.300054e+04 5.109693e+04)	(-1.397685e+04 2.295282e+04 5.107616e+04)	(-1.993123e+03 4.772153e+01 2.077324e+01)
5.87303       	(-1.613880e+04 2.354411e+04 5.136497e+04)	(-1.414805e+04 2.349687e+04 5.134343e+04)	(-1.990748e+03 4.724103e+01 2.154450e+01)
5.89842       	(-1.609673e+04 2.327267e+04 5.133537e+04)	(-1.410397e+04 2.322620e+04 5.131250e+04)	(-1.992764e+03 4.646858e+01 2.286742e+01)
5.92382       	(-1.622550e+04 2.307554e+04 5.139885e+04)	(-1.422910e+04 2.302980e+04 5.137469e+04)	(-1.996399e+03 4.573640e+01 2.415573e+01)
5.94921       	(-1.615814e+04 2.265431e+04 5.112503e+04)	(-1.415767e+04 2.260944e+04 5.109944e+04)	(-2.000474e+03 4.486472e+01 2.558309e+01)
5.97461       	(-1.623670e+04 2.249053e+04 5.107034e+04)	(-1.423076e+04 2.244628e+04 5.104331e+04)	(-2.005936e+03 4.425501e+01 2.702164e+01)
6             	(-1.611795e+04 2.234874e+04 5.107116e+04)	(-1.410652e+04 2.230510e+04 5.104316e+04)	(-2.011428e+03 4.363450e+01 2.800114e+01)
