# Force       
0.361          -6.704880e+02 1.682249e+02 5.653702e+03 -4.069742e+02 1.724354e+02 5.661132e+03 -2.635138e+02 -4.210513e+00 -7.429545e+00
0.76133        -1.372334e+03 8.539505e+02 8.238883e+03 -8.265422e+02 8.471520e+02 8.237641e+03 -5.457920e+02 6.798516e+00 1.242013e+00
1.2747559      -2.170009e+03 1.150103e+03 1.266035e+04 -1.221507e+03 1.116453e+03 1.265240e+04 -9.485020e+02 3.365005e+01 7.952313e+00
1.673064461371 -2.311055e+03 1.186789e+03 1.371381e+04 -1.278622e+03 1.142698e+03 1.370858e+04 -1.032433e+03 4.409157e+01 5.226949e+00
2.13016070935902 -2.798592e+03 9.802051e+02 1.408409e+04 -1.302826e+03 9.383884e+02 1.410876e+04 -1.495766e+03 4.181672e+01 -2.466946e+01
2.50128000971138 -3.061984e+03 1.008772e+03 1.444840e+04 -1.430727e+03 9.780772e+02 1.448389e+04 -1.631258e+03 3.069492e+01 -3.548597e+01
2.917257513756131 -3.161402e+03 1.144150e+03 1.590544e+04 -1.589304e+03 1.119664e+03 1.593979e+04 -1.572097e+03 2.448535e+01 -3.435019e+01
3.308566229732567 -3.111451e+03 1.245887e+03 1.686113e+04 -1.675352e+03 1.223349e+03 1.688964e+04 -1.436099e+03 2.253790e+01 -2.851066e+01
3.692540731116595 -2.969011e+03 1.337584e+03 1.761697e+04 -1.754402e+03 1.323526e+03 1.764111e+04 -1.214609e+03 1.405804e+01 -2.413630e+01
4.101951735569119 -2.709398e+03 1.350073e+03 1.808503e+04 -1.792327e+03 1.347841e+03 1.810555e+04 -9.170713e+02 2.231642e+00 -2.051703e+01
4.480193909823364 -2.355529e+03 1.343424e+03 1.803892e+04 -1.761074e+03 1.350649e+03 1.805417e+04 -5.944550e+02 -7.224898e+00 -1.524805e+01
4.881124570988082 -2.076549e+03 1.309628e+03 1.754712e+04 -1.718051e+03 1.321377e+03 1.755709e+04 -3.584982e+02 -1.174882e+01 -9.970628e+00
5.340021285922013 -1.867214e+03 1.210235e+03 1.667429e+04 -1.606333e+03 1.222983e+03 1.668114e+04 -2.608813e+02 -1.274769e+01 -6.850629e+00
5.804291849225308 -1.685454e+03 1.113934e+03 1.572434e+04 -1.485231e+03 1.124107e+03 1.572793e+04 -2.002226e+02 -1.017227e+01 -3.591574e+00
6.254842355721567 -1.524156e+03 9.298865e+02 1.488983e+04 -1.356243e+03 9.367019e+02 1.489147e+04 -1.679129e+02 -6.815344e+00 -1.638487e+00
6.811273357154749 -1.338063e+03 7.093856e+02 1.382304e+04 -1.210119e+03 7.136316e+02 1.382267e+04 -1.279439e+02 -4.246077e+00 3.723956e-01
7.325451019654349 -1.192219e+03 6.316711e+02 1.317749e+04 -1.084123e+03 6.361352e+02 1.317552e+04 -1.080960e+02 -4.464037e+00 1.966991e+00
7.895544704323489 -1.042538e+03 5.766999e+02 1.264689e+04 -9.440679e+02 5.813736e+02 1.264522e+04 -9.847052e+01 -4.673651e+00 1.665951e+00
8.427797033363516 -9.468911e+02 5.208188e+02 1.216107e+04 -8.543672e+02 5.241575e+02 1.215899e+04 -9.252387e+01 -3.338639e+00 2.088874e+00
8.932884914534748 -9.022070e+02 5.931143e+02 1.206477e+04 -8.055432e+02 5.935551e+02 1.206029e+04 -9.666380e+01 -4.408224e-01 4.486631e+00
9.364520711649169 -8.769027e+02 6.214772e+02 1.213373e+04 -7.788257e+02 6.215465e+02 1.212660e+04 -9.807699e+01 -6.929021e-02 7.132662e+00
9.774645996629165 -8.646380e+02 6.006076e+02 1.216816e+04 -7.589885e+02 6.011373e+02 1.216043e+04 -1.056495e+02 -5.297492e-01 7.734931e+00
10.294887105874651 -9.124302e+02 6.274683e+02 1.265073e+04 -7.705070e+02 6.258306e+02 1.264174e+04 -1.419233e+02 1.637690e+00 8.983791e+00
10.724305940031702 -9.700020e+02 6.436626e+02 1.303547e+04 -7.916723e+02 6.413643e+02 1.302692e+04 -1.783297e+02 2.298319e+00 8.545922e+00
11.176474449652039 -1.033782e+03 7.322459e+02 1.347443e+04 -8.367226e+02 7.273764e+02 1.346579e+04 -1.970590e+02 4.869490e+00 8.646858e+00
11.574957317067565 -1.070423e+03 7.368472e+02 1.380548e+04 -8.661614e+02 7.314035e+02 1.379632e+04 -2.042612e+02 5.443736e+00 9.157074e+00
11.970011148465709 -1.101000e+03 7.259033e+02 1.414342e+04 -8.921956e+02 7.215041e+02 1.413392e+04 -2.088047e+02 4.399253e+00 9.490858e+00
12.37020303651949 -1.143335e+03 7.742038e+02 1.442004e+04 -9.380815e+02 7.697377e+02 1.441167e+04 -2.052533e+02 4.466129e+00 8.363995e+00
12.776160270276533 -1.146622e+03 7.869161e+02 1.459841e+04 -9.615340e+02 7.841489e+02 1.458972e+04 -1.850875e+02 2.767255e+00 8.697093e+00
13.271036087295739 -1.153686e+03 7.855049e+02 1.465567e+04 -9.867980e+02 7.844152e+02 1.464773e+04 -1.668877e+02 1.089764e+00 7.934909e+00
13.723216543146311 -1.147957e+03 7.635683e+02 1.462886e+04 -9.921767e+02 7.629942e+02 1.462180e+04 -1.557808e+02 5.740620e-01 7.066997e+00
14.243233506250924 -1.135009e+03 7.365862e+02 1.437962e+04 -9.926217e+02 7.350073e+02 1.437413e+04 -1.423870e+02 1.578849e+00 5.490093e+00
14.73368036424942 -1.102858e+03 6.936963e+02 1.398201e+04 -9.618593e+02 6.916309e+02 1.397815e+04 -1.409989e+02 2.065428e+00 3.862242e+00
15.337652055838655 -1.080407e+03 6.530959e+02 1.354678e+04 -9.446476e+02 6.499691e+02 1.354382e+04 -1.357589e+02 3.126884e+00 2.951625e+00
15.92510515444719 -1.058267e+03 6.311913e+02 1.307926e+04 -9.188626e+02 6.274785e+02 1.307675e+04 -1.394046e+02 3.712736e+00 2.510023e+00
16.526962054137336 -1.076030e+03 6.639620e+02 1.286718e+04 -9.256923e+02 6.588338e+02 1.286590e+04 -1.503377e+02 5.128176e+00 1.272916e+00
17.080289446161135 -1.102311e+03 6.785306e+02 1.270546e+04 -9.224559e+02 6.735593e+02 1.270494e+04 -1.798555e+02 4.971319e+00 5.173807e-01
17.609934514630325 -1.160285e+03 6.960929e+02 1.270176e+04 -9.291306e+02 6.904171e+02 1.270319e+04 -2.311549e+02 5.675792e+00 -1.425192e+00
18.149550164038708 -1.242724e+03 7.355871e+02 1.286030e+04 -9.497737e+02 7.285102e+02 1.286402e+04 -2.929499e+02 7.076949e+00 -3.713769e+00
18.632202694045727 -1.332480e+03 7.745004e+02 1.308874e+04 -9.774903e+02 7.662372e+02 1.309391e+04 -3.549898e+02 8.263172e+00 -5.170341e+00
19.070907714049159 -1.405833e+03 7.632107e+02 1.331228e+04 -1.001347e+03 7.542207e+02 1.331912e+04 -4.044856e+02 8.989975e+00 -6.835322e+00
19.592047986070622 -1.487583e+03 7.925207e+02 1.363580e+04 -1.042211e+03 7.828493e+02 1.364472e+04 -4.453724e+02 9.671396e+00 -8.912971e+00
20.078302897269179 -1.545256e+03 8.102028e+02 1.387278e+04 -1.084505e+03 8.003508e+02 1.388248e+04 -4.607505e+02 9.851987e+00 -9.706239e+00
20.619796694196207 -1.567563e+03 8.177795e+02 1.405873e+04 -1.120228e+03 8.086287e+02 1.406904e+04 -4.473351e+02 9.150837e+00 -1.030651e+01
21.155576568346703 -1.563434e+03 8.321488e+02 1.425404e+04 -1.147189e+03 8.254536e+02 1.426459e+04 -4.162458e+02 6.695206e+00 -1.055027e+01
21.727698675108989 -1.553810e+03 8.626101e+02 1.437111e+04 -1.181490e+03 8.581805e+02 1.438116e+04 -3.723197e+02 4.429611e+00 -1.005224e+01
22.246246713822899 -1.535030e+03 8.695376e+02 1.439320e+04 -1.195456e+03 8.674468e+02 1.440303e+04 -3.395735e+02 2.090737e+00 -9.831090e+00
22.769474288186128 -1.528521e+03 8.578744e+02 1.439711e+04 -1.216836e+03 8.585920e+02 1.440633e+04 -3.116850e+02 -7.176010e-01 -9.219026e+00
23.323161284203479 -1.513450e+03 8.636300e+02 1.429325e+04 -1.225521e+03 8.663033e+02 1.430213e+04 -2.879284e+02 -2.673352e+00 -8.879587e+00
23.915425401525777 -1.486275e+03 8.608292e+02 1.417712e+04 -1.220432e+03 8.647505e+02 1.418579e+04 -2.658429e+02 -3.921320e+00 -8.666894e+00
24.489383008454492 -1.468553e+03 8.569118e+02 1.404053e+04 -1.218923e+03 8.614436e+02 1.404902e+04 -2.496294e+02 -4.531853e+00 -8.497617e+00
25.074758313212737 -1.458785e+03 8.518250e+02 1.387234e+04 -1.220675e+03 8.561215e+02 1.388082e+04 -2.381097e+02 -4.296534e+00 -8.473335e+00
25.684315760326822 -1.437438e+03 8.396752e+02 1.377474e+04 -1.209031e+03 8.436008e+02 1.378320e+04 -2.284076e+02 -3.925584e+00 -8.467052e+00
26.283767016832048 -1.432115e+03 8.425670e+02 1.364948e+04 -1.203994e+03 8.464730e+02 1.365781e+04 -2.281208e+02 -3.905948e+00 -8.326636e+00
26.870831525045894 -1.433956e+03 8.190056e+02 1.362957e+04 -1.198945e+03 8.230036e+02 1.363809e+04 -2.350105e+02 -3.997959e+00 -8.517849e+00
27.412357660204034 -1.451025e+03 8.251495e+02 1.356510e+04 -1.209300e+03 8.292010e+02 1.357366e+04 -2.417245e+02 -4.051510e+00 -8.560850e+00
27.925342719546755 -1.450121e+03 8.234522e+02 1.351076e+04 -1.199482e+03 8.276529e+02 1.351961e+04 -2.506390e+02 -4.200691e+00 -8.848221e+00
28.514789051807973 -1.459539e+03 8.167985e+02 1.346779e+04 -1.197408e+03 8.211473e+02 1.347730e+04 -2.621311e+02 -4.348828e+00 -9.507732e+00
29.010112483815224 -1.505054e+03 8.056992e+02 1.345812e+04 -1.231007e+03 8.106519e+02 1.346837e+04 -2.740478e+02 -4.952637e+00 -1.024876e+01
29.547907141740545 -1.490466e+03 8.063929e+02 1.342296e+04 -1.205080e+03 8.126539e+02 1.343403e+04 -2.853860e+02 -6.260956e+00 -1.106962e+01
30.142235820584599 -1.528181e+03 8.015925e+02 1.341499e+04 -1.226266e+03 8.082647e+02 1.342718e+04 -3.019150e+02 -6.672266e+00 -1.218857e+01
30.717342206692553 -1.557166e+03 7.913331e+02 1.332900e+04 -1.237648e+03 7.986280e+02 1.334254e+04 -3.195186e+02 -7.294927e+00 -1.353980e+01
31.206009534858588 -1.580142e+03 7.995621e+02 1.335258e+04 -1.241298e+03 8.078632e+02 1.336722e+04 -3.388443e+02 -8.301117e+00 -1.463993e+01
31.69776564033241 -1.605323e+03 7.959193e+02 1.335093e+04 -1.247486e+03 8.040228e+02 1.336670e+04 -3.578365e+02 -8.103457e+00 -1.577050e+01
32.293950907055432 -1.674793e+03 7.745208e+02 1.337115e+04 -1.294970e+03 7.819676e+02 1.338798e+04 -3.798235e+02 -7.446783e+00 -1.682380e+01
32.866783169669112 -1.711362e+03 7.632405e+02 1.340578e+04 -1.311081e+03 7.699482e+02 1.342326e+04 -4.002810e+02 -6.707666e+00 -1.748106e+01
33.387535001644203 -1.764879e+03 7.575166e+02 1.345458e+04 -1.348481e+03 7.633445e+02 1.347238e+04 -4.163982e+02 -5.827946e+00 -1.780103e+01
33.899703183337166 -1.779393e+03 7.819870e+02 1.338755e+04 -1.347835e+03 7.861177e+02 1.340473e+04 -4.315582e+02 -4.130640e+00 -1.717587e+01
34.372129978497497 -1.833721e+03 7.723386e+02 1.348000e+04 -1.383566e+03 7.762755e+02 1.349731e+04 -4.501553e+02 -3.936851e+00 -1.730916e+01
34.837390952290207 -1.872770e+03 7.895843e+02 1.350404e+04 -1.408603e+03 7.920475e+02 1.352126e+04 -4.641670e+02 -2.463201e+00 -1.721812e+01
35.301753160635201 -1.931076e+03 7.546084e+02 1.359902e+04 -1.453877e+03 7.556199e+02 1.361727e+04 -4.771994e+02 -1.011595e+00 -1.824303e+01
35.804627975757711 -1.943353e+03 7.744763e+02 1.365380e+04 -1.459161e+03 7.752133e+02 1.367113e+04 -4.841916e+02 -7.369950e-01 -1.732683e+01
36.257117870941293 -1.960167e+03 7.551087e+02 1.370730e+04 -1.477105e+03 7.559868e+02 1.372374e+04 -4.830625e+02 -8.780627e-01 -1.644062e+01
36.675456784267432 -1.992563e+03 7.691223e+02 1.387699e+04 -1.512093e+03 7.698781e+02 1.389267e+04 -4.804706e+02 -7.558174e-01 -1.567600e+01
37.105957479660589 -1.981363e+03 7.337842e+02 1.387286e+04 -1.509144e+03 7.353129e+02 1.388796e+04 -4.722186e+02 -1.528671e+00 -1.509917e+01
37.523057726061992 -1.983566e+03 7.372944e+02 1.389138e+04 -1.519180e+03 7.397170e+02 1.390562e+04 -4.643858e+02 -2.422641e+00 -1.424002e+01
37.930710312736245 -1.993254e+03 7.364827e+02 1.395996e+04 -1.539545e+03 7.396000e+02 1.397345e+04 -4.537085e+02 -3.117373e+00 -1.349558e+01
38.330383531485431 -1.980085e+03 7.453135e+02 1.395753e+04 -1.539995e+03 7.489945e+02 1.397070e+04 -4.400903e+02 -3.680999e+00 -1.316980e+01
38.846828951692366 -1.980427e+03 7.212383e+02 1.394470e+04 -1.553386e+03 7.268000e+02 1.395787e+04 -4.270405e+02 -5.561685e+00 -1.317124e+01
39.396418820853533 -1.976896e+03 7.607903e+02 1.397546e+04 -1.562966e+03 7.671321e+02 1.398720e+04 -4.139298e+02 -6.341817e+00 -1.174190e+01
39.905239522781002 -1.939950e+03 7.485323e+02 1.396353e+04 -1.539695e+03 7.551660e+02 1.397445e+04 -4.002548e+02 -6.633743e+00 -1.092662e+01
40.487997844194695 -1.926699e+03 7.553386e+02 1.399275e+04 -1.547076e+03 7.619304e+02 1.400368e+04 -3.796230e+02 -6.591803e+00 -1.092494e+01
40.942441163069475 -1.904052e+03 7.526726e+02 1.402793e+04 -1.538207e+03 7.588883e+02 1.403834e+04 -3.658444e+02 -6.215669e+00 -1.040783e+01
41.527018606099318 -1.905285e+03 7.744261e+02 1.400343e+04 -1.550263e+03 7.817446e+02 1.401334e+04 -3.550224e+02 -7.318512e+00 -9.911783e+00
41.994887145337664 -1.867270e+03 7.515949e+02 1.400260e+04 -1.524085e+03 7.590522e+02 1.401282e+04 -3.431845e+02 -7.457272e+00 -1.022347e+01
42.516377630462955 -1.807078e+03 7.399937e+02 1.391345e+04 -1.481413e+03 7.468627e+02 1.392257e+04 -3.256653e+02 -6.869064e+00 -9.122668e+00
43.058831792822446 -1.802867e+03 7.696957e+02 1.394848e+04 -1.484645e+03 7.769158e+02 1.395680e+04 -3.182216e+02 -7.220132e+00 -8.322532e+00
43.59734490903719 -1.774623e+03 7.791823e+02 1.383626e+04 -1.465615e+03 7.853459e+02 1.384529e+04 -3.090081e+02 -6.163663e+00 -9.026426e+00
44.149027568555283 -1.744767e+03 7.837675e+02 1.377081e+04 -1.441840e+03 7.903558e+02 1.377958e+04 -3.029266e+02 -6.588219e+00 -8.771458e+00
44.69145887653989 -1.723495e+03 7.717308e+02 1.374484e+04 -1.418527e+03 7.802601e+02 1.375342e+04 -3.049682e+02 -8.529309e+00 -8.578274e+00
45.18890786120383 -1.706326e+03 7.803645e+02 1.364479e+04 -1.398151e+03 7.884256e+02 1.365386e+04 -3.081750e+02 -8.061104e+00 -9.070104e+00
45.710404038278874 -1.696766e+03 7.803059e+02 1.356803e+04 -1.379498e+03 7.888760e+02 1.357766e+04 -3.172680e+02 -8.570193e+00 -9.633285e+00
46.236454111903768 -1.693565e+03 7.937841e+02 1.355744e+04 -1.368864e+03 8.022544e+02 1.356777e+04 -3.247012e+02 -8.470302e+00 -1.032864e+01
46.814402160976819 -1.693334e+03 8.108512e+02 1.354480e+04 -1.360805e+03 8.193663e+02 1.355561e+04 -3.325290e+02 -8.515057e+00 -1.081795e+01
47.350300525463247 -1.709636e+03 8.015316e+02 1.351185e+04 -1.364650e+03 8.102389e+02 1.352320e+04 -3.449858e+02 -8.707329e+00 -1.134679e+01
47.870323925375885 -1.690789e+03 8.007929e+02 1.350620e+04 -1.340453e+03 8.104912e+02 1.351822e+04 -3.503355e+02 -9.698287e+00 -1.201867e+01
48.437320969878691 -1.714644e+03 8.045809e+02 1.351824e+04 -1.350098e+03 8.127948e+02 1.353093e+04 -3.645463e+02 -8.213953e+00 -1.269081e+01
49.000787717293917 -1.729886e+03 8.150591e+02 1.350529e+04 -1.355344e+03 8.234347e+02 1.351892e+04 -3.745423e+02 -8.375530e+00 -1.363070e+01
49.456338922250701 -1.741908e+03 8.279167e+02 1.353605e+04 -1.352776e+03 8.364060e+02 1.355009e+04 -3.891320e+02 -8.489326e+00 -1.404944e+01
49.963742233950889 -1.745553e+03 8.208714e+02 1.354361e+04 -1.344959e+03 8.298329e+02 1.355819e+04 -4.005932e+02 -8.961447e+00 -1.457942e+01
50.41996184436411 -1.760079e+03 8.271797e+02 1.357003e+04 -1.347882e+03 8.364989e+02 1.358523e+04 -4.121977e+02 -9.319196e+00 -1.519967e+01
50.910957084507189 -1.774831e+03 8.339577e+02 1.359925e+04 -1.352467e+03 8.432316e+02 1.361464e+04 -4.223643e+02 -9.273900e+00 -1.538980e+01
51.410614608719115 -1.802801e+03 8.332902e+02 1.362410e+04 -1.372002e+03 8.427946e+02 1.363969e+04 -4.307988e+02 -9.504483e+00 -1.559010e+01
51.953752682263307 -1.819232e+03 8.524291e+02 1.368356e+04 -1.382676e+03 8.617319e+02 1.369918e+04 -4.365558e+02 -9.302784e+00 -1.562449e+01
52.430996020426313 -1.815657e+03 8.495198e+02 1.370553e+04 -1.375149e+03 8.592172e+02 1.372123e+04 -4.405076e+02 -9.697438e+00 -1.570275e+01
52.936025069388741 -1.825985e+03 8.460067e+02 1.374437e+04 -1.384060e+03 8.558269e+02 1.375975e+04 -4.419250e+02 -9.820257e+00 -1.538369e+01
53.444304325779733 -1.848195e+03 8.444989e+02 1.377376e+04 -1.406753e+03 8.545064e+02 1.378911e+04 -4.414424e+02 -1.000747e+01 -1.534645e+01
54.000816986002199 -1.833604e+03 8.671768e+02 1.382545e+04 -1.396193e+03 8.774542e+02 1.384020e+04 -4.374114e+02 -1.027733e+01 -1.475243e+01
54.533329493300215 -1.834695e+03 8.569192e+02 1.384632e+04 -1.402255e+03 8.676081e+02 1.386095e+04 -4.324402e+02 -1.068894e+01 -1.463016e+01
55.049469609677971 -1.831776e+03 8.684737e+02 1.390959e+04 -1.405554e+03 8.792576e+02 1.392367e+04 -4.262225e+02 -1.078396e+01 -1.407972e+01
55.564042675390965 -1.821619e+03 8.653138e+02 1.388885e+04 -1.403287e+03 8.762507e+02 1.390266e+04 -4.183327e+02 -1.093687e+01 -1.380219e+01
56.114105786098278 -1.821630e+03 8.869469e+02 1.393991e+04 -1.413792e+03 8.981423e+02 1.395338e+04 -4.078378e+02 -1.119544e+01 -1.346702e+01
56.660129955494114 -1.798843e+03 8.791478e+02 1.393839e+04 -1.403392e+03 8.906745e+02 1.395140e+04 -3.954503e+02 -1.152670e+01 -1.301042e+01
57.254328831252138 -1.787742e+03 8.853518e+02 1.396054e+04 -1.405442e+03 8.969373e+02 1.397330e+04 -3.823006e+02 -1.158553e+01 -1.276165e+01
57.804924082095496 -1.770764e+03 8.958328e+02 1.395176e+04 -1.399238e+03 9.076330e+02 1.396414e+04 -3.715262e+02 -1.180017e+01 -1.237987e+01
58.362274175053038 -1.761647e+03 9.110173e+02 1.393787e+04 -1.402151e+03 9.227731e+02 1.395001e+04 -3.594960e+02 -1.175579e+01 -1.214148e+01
58.909409649285202 -1.733596e+03 9.064265e+02 1.394920e+04 -1.385250e+03 9.177739e+02 1.396107e+04 -3.483455e+02 -1.134747e+01 -1.187320e+01
59.449996281523042 -1.713981e+03 9.090617e+02 1.391343e+04 -1.374829e+03 9.201271e+02 1.392484e+04 -3.391520e+02 -1.106541e+01 -1.141345e+01
59.947803448085949 -1.698669e+03 9.132278e+02 1.388119e+04 -1.366290e+03 9.243027e+02 1.389226e+04 -3.323792e+02 -1.107496e+01 -1.107417e+01
60.379595921464301 -1.684576e+03 9.090282e+02 1.384944e+04 -1.357217e+03 9.201699e+02 1.386046e+04 -3.273585e+02 -1.114170e+01 -1.102164e+01
60.903645429636008 -1.673140e+03 9.119137e+02 1.384501e+04 -1.351414e+03 9.228703e+02 1.385612e+04 -3.217263e+02 -1.095663e+01 -1.111276e+01
61.439376680794666 -1.656797e+03 9.107661e+02 1.375850e+04 -1.339259e+03 9.214327e+02 1.376948e+04 -3.175383e+02 -1.066656e+01 -1.097619e+01
61.999594771257151 -1.650702e+03 9.194086e+02 1.376260e+04 -1.335978e+03 9.295675e+02 1.377411e+04 -3.147241e+02 -1.015896e+01 -1.151543e+01
62.543178566312683 -1.638870e+03 9.141908e+02 1.370165e+04 -1.325279e+03 9.239264e+02 1.371337e+04 -3.135918e+02 -9.735585e+00 -1.172567e+01
63.062610782975582 -1.634211e+03 9.191399e+02 1.367344e+04 -1.318206e+03 9.291173e+02 1.368525e+04 -3.160044e+02 -9.977434e+00 -1.181597e+01
63.591948438565666 -1.626355e+03 9.017511e+02 1.361280e+04 -1.306615e+03 9.119389e+02 1.362484e+04 -3.197397e+02 -1.018778e+01 -1.204224e+01
64.12511744691561 -1.626025e+03 9.132271e+02 1.363419e+04 -1.301269e+03 9.234617e+02 1.364642e+04 -3.247568e+02 -1.023465e+01 -1.223658e+01
64.713144249949664 -1.638268e+03 8.982717e+02 1.353821e+04 -1.307119e+03 9.085307e+02 1.355070e+04 -3.311495e+02 -1.025907e+01 -1.248978e+01
65.281288436003976 -1.633786e+03 8.986338e+02 1.357292e+04 -1.294736e+03 9.090241e+02 1.358584e+04 -3.390505e+02 -1.039030e+01 -1.291937e+01
65.813525161639049 -1.646666e+03 9.005784e+02 1.355277e+04 -1.298675e+03 9.110519e+02 1.356581e+04 -3.479910e+02 -1.047352e+01 -1.304038e+01
66.367381714534901 -1.682071e+03 8.930107e+02 1.354062e+04 -1.323809e+03 9.036485e+02 1.355435e+04 -3.582628e+02 -1.063786e+01 -1.373261e+01
66.892734253633392 -1.674135e+03 9.015526e+02 1.356595e+04 -1.305773e+03 9.122893e+02 1.358008e+04 -3.683623e+02 -1.073668e+01 -1.412719e+01
67.455225825986773 -1.693622e+03 9.014790e+02 1.357564e+04 -1.314704e+03 9.120804e+02 1.359028e+04 -3.789177e+02 -1.060149e+01 -1.463930e+01
67.97687563424283 -1.704261e+03 9.026709e+02 1.360715e+04 -1.317591e+03 9.131625e+02 1.362232e+04 -3.866700e+02 -1.049153e+01 -1.517198e+01
68.517022761854321 -1.714374e+03 8.947966e+02 1.360936e+04 -1.321539e+03 9.051936e+02 1.362508e+04 -3.928355e+02 -1.039701e+01 -1.572372e+01
69.00229796444907 -1.721212e+03 9.000185e+02 1.362353e+04 -1.323066e+03 9.102953e+02 1.363940e+04 -3.981459e+02 -1.027679e+01 -1.586692e+01
69.523083886469863 -1.744772e+03 9.016005e+02 1.365960e+04 -1.342648e+03 9.118061e+02 1.367557e+04 -4.021232e+02 -1.020566e+01 -1.597332e+01
70.053536034778219 -1.753374e+03 9.065393e+02 1.369407e+04 -1.349074e+03 9.165785e+02 1.371030e+04 -4.042996e+02 -1.003919e+01 -1.623088e+01
70.558294999685003 -1.793090e+03 8.997960e+02 1.372611e+04 -1.387493e+03 9.097551e+02 1.374247e+04 -4.055963e+02 -9.959106e+00 -1.635264e+01
71.079363194246341 -1.776595e+03 9.021794e+02 1.375352e+04 -1.371915e+03 9.118260e+02 1.376971e+04 -4.046796e+02 -9.646520e+00 -1.618688e+01
71.605012182557871 -1.788509e+03 9.034446e+02 1.377877e+04 -1.386625e+03 9.128134e+02 1.379509e+04 -4.018847e+02 -9.368829e+00 -1.631774e+01
72.108886125481817 -1.796427e+03 9.076898e+02 1.382153e+04 -1.396933e+03 9.167262e+02 1.383731e+04 -3.994945e+02 -9.036420e+00 -1.578944e+01
72.62851884577799 -1.810093e+03 9.190665e+02 1.380305e+04 -1.413548e+03 9.289825e+02 1.381808e+04 -3.965457e+02 -9.916064e+00 -1.502903e+01
73.134699918739543 -1.797536e+03 9.082147e+02 1.386259e+04 -1.408567e+03 9.183112e+02 1.387703e+04 -3.889692e+02 -1.009649e+01 -1.444363e+01
73.673004919581714 -1.798278e+03 9.146555e+02 1.386569e+04 -1.414670e+03 9.242977e+02 1.387959e+04 -3.836084e+02 -9.642261e+00 -1.390597e+01
74.173457550411527 -1.796275e+03 9.164374e+02 1.387390e+04 -1.420576e+03 9.259822e+02 1.388751e+04 -3.756996e+02 -9.544861e+00 -1.361191e+01
74.699037719741369 -1.787151e+03 9.165782e+02 1.388519e+04 -1.420644e+03 9.263551e+02 1.389851e+04 -3.665063e+02 -9.776907e+00 -1.332348e+01
75.330114467802602 -1.783910e+03 9.175172e+02 1.389553e+04 -1.427231e+03 9.272727e+02 1.390842e+04 -3.566786e+02 -9.755509e+00 -1.289051e+01
75.904126476392108 -1.776474e+03 9.148104e+02 1.389440e+04 -1.429388e+03 9.243860e+02 1.390689e+04 -3.470860e+02 -9.575580e+00 -1.249359e+01
76.363021382255042 -1.773369e+03 9.277987e+02 1.386045e+04 -1.432715e+03 9.374171e+02 1.387251e+04 -3.406539e+02 -9.618452e+00 -1.205863e+01
76.806903396810497 -1.772563e+03 9.210723e+02 1.382890e+04 -1.435079e+03 9.306880e+02 1.384072e+04 -3.374843e+02 -9.615673e+00 -1.181801e+01
77.286743782035089 -1.751867e+03 9.131690e+02 1.380626e+04 -1.419476e+03 9.229744e+02 1.381802e+04 -3.323909e+02 -9.805396e+00 -1.175364e+01
77.815701416193676 -1.743117e+03 9.199789e+02 1.377236e+04 -1.415042e+03 9.299062e+02 1.378425e+04 -3.280748e+02 -9.927258e+00 -1.188306e+01
78.353917057251692 -1.739687e+03 9.184353e+02 1.373067e+04 -1.413222e+03 9.284807e+02 1.374224e+04 -3.264653e+02 -1.004541e+01 -1.157533e+01
78.916458064609273 -1.732375e+03 9.116457e+02 1.371002e+04 -1.407174e+03 9.215771e+02 1.372168e+04 -3.252012e+02 -9.931374e+00 -1.165402e+01
79.466148795487271 -1.727931e+03 9.201038e+02 1.370671e+04 -1.400144e+03 9.300738e+02 1.371853e+04 -3.277872e+02 -9.970018e+00 -1.182289e+01
80.040801775672833 -1.731250e+03 9.203750e+02 1.368340e+04 -1.401400e+03 9.302573e+02 1.369510e+04 -3.298504e+02 -9.882368e+00 -1.170100e+01
80.591624176782275 -1.736678e+03 9.066548e+02 1.366997e+04 -1.402895e+03 9.162803e+02 1.368192e+04 -3.337831e+02 -9.625531e+00 -1.194499e+01
81.1144057946657 -1.727968e+03 9.028066e+02 1.362039e+04 -1.389329e+03 9.123469e+02 1.363237e+04 -3.386394e+02 -9.540287e+00 -1.198072e+01
81.649956844588061 -1.737945e+03 9.010630e+02 1.361852e+04 -1.395534e+03 9.107142e+02 1.363085e+04 -3.424106e+02 -9.651192e+00 -1.233116e+01
82.216066133288152 -1.744145e+03 9.090961e+02 1.362905e+04 -1.396117e+03 9.185351e+02 1.364157e+04 -3.480278e+02 -9.438999e+00 -1.251972e+01
82.777213359032331 -1.750116e+03 8.948637e+02 1.359830e+04 -1.396732e+03 9.041867e+02 1.361103e+04 -3.533837e+02 -9.323055e+00 -1.272894e+01
83.295878203672729 -1.757733e+03 8.891519e+02 1.363010e+04 -1.397994e+03 8.979223e+02 1.364323e+04 -3.597398e+02 -8.770389e+00 -1.312633e+01
83.859835215560821 -1.771925e+03 8.951664e+02 1.360973e+04 -1.405612e+03 9.038700e+02 1.362328e+04 -3.663123e+02 -8.703592e+00 -1.355498e+01
84.40789762427319 -1.800851e+03 9.024624e+02 1.358993e+04 -1.425495e+03 9.109333e+02 1.360367e+04 -3.753565e+02 -8.470896e+00 -1.373935e+01
84.935983026507245 -1.802522e+03 8.946071e+02 1.360987e+04 -1.419270e+03 9.027706e+02 1.362389e+04 -3.832521e+02 -8.163494e+00 -1.401923e+01
85.429343494862906 -1.814421e+03 8.787902e+02 1.360100e+04 -1.423279e+03 8.870558e+02 1.361535e+04 -3.911417e+02 -8.265596e+00 -1.435106e+01
85.923270151708266 -1.838503e+03 9.001169e+02 1.364933e+04 -1.441514e+03 9.080424e+02 1.366350e+04 -3.969897e+02 -7.925433e+00 -1.417161e+01
86.327850715500389 -1.872085e+03 8.931246e+02 1.365797e+04 -1.467917e+03 9.009309e+02 1.367215e+04 -4.041683e+02 -7.806335e+00 -1.417817e+01
86.767180084112439 -1.852862e+03 8.742001e+02 1.363991e+04 -1.445640e+03 8.822160e+02 1.365419e+04 -4.072220e+02 -8.015858e+00 -1.428280e+01
87.351917273482982 -1.873454e+03 8.839415e+02 1.370185e+04 -1.462344e+03 8.918540e+02 1.371603e+04 -4.111100e+02 -7.912498e+00 -1.418112e+01
87.83153156034507 -1.885248e+03 8.908189e+02 1.375640e+04 -1.474560e+03 8.982423e+02 1.377032e+04 -4.106873e+02 -7.423385e+00 -1.392684e+01
88.288159518321635 -1.891083e+03 8.764401e+02 1.373665e+04 -1.481837e+03 8.838903e+02 1.375049e+04 -4.092466e+02 -7.450142e+00 -1.383650e+01
88.811903995271308 -1.889897e+03 8.762180e+02 1.378311e+04 -1.484523e+03 8.831725e+02 1.379641e+04 -4.053739e+02 -6.954410e+00 -1.329846e+01
89.277638259923819 -1.902183e+03 8.930262e+02 1.385807e+04 -1.500044e+03 8.996377e+02 1.387100e+04 -4.021390e+02 -6.611455e+00 -1.292859e+01
89.696440024247408 -1.899524e+03 8.734524e+02 1.378522e+04 -1.500339e+03 8.803825e+02 1.379780e+04 -3.991851e+02 -6.930088e+00 -1.257958e+01
90.17333139386777 -1.903813e+03 8.823655e+02 1.384741e+04 -1.508297e+03 8.894743e+02 1.385985e+04 -3.955167e+02 -7.108834e+00 -1.243624e+01
90.579335649682093 -1.893170e+03 8.758955e+02 1.382322e+04 -1.500889e+03 8.832800e+02 1.383550e+04 -3.922808e+02 -7.384459e+00 -1.228622e+01
91.086845197363218 -1.896333e+03 8.804427e+02 1.383249e+04 -1.508816e+03 8.881932e+02 1.384458e+04 -3.875164e+02 -7.750501e+00 -1.208221e+01
91.532072548180281 -1.897551e+03 8.997865e+02 1.385114e+04 -1.514205e+03 9.075963e+02 1.386305e+04 -3.833458e+02 -7.809812e+00 -1.190618e+01
91.956115953870082 -1.882635e+03 8.830366e+02 1.382500e+04 -1.505502e+03 8.911999e+02 1.383675e+04 -3.771331e+02 -8.163358e+00 -1.175069e+01
92.444211837513819 -1.887684e+03 8.927224e+02 1.386347e+04 -1.513808e+03 9.006495e+02 1.387501e+04 -3.738760e+02 -7.927095e+00 -1.154291e+01
92.967981276649056 -1.877287e+03 8.910857e+02 1.387156e+04 -1.511176e+03 8.991526e+02 1.388301e+04 -3.661113e+02 -8.066821e+00 -1.145443e+01
93.445666991050771 -1.870131e+03 8.944899e+02 1.382348e+04 -1.509793e+03 9.026783e+02 1.383475e+04 -3.603379e+02 -8.188314e+00 -1.126200e+01
93.929087174986122 -1.864703e+03 8.871293e+02 1.379086e+04 -1.508533e+03 8.954560e+02 1.380196e+04 -3.561698e+02 -8.326702e+00 -1.109519e+01
94.462012056791323 -1.848153e+03 8.886362e+02 1.377293e+04 -1.496102e+03 8.970825e+02 1.378416e+04 -3.520510e+02 -8.446297e+00 -1.123071e+01
95.00729813993236 -1.839760e+03 8.850282e+02 1.378713e+04 -1.491112e+03 8.934601e+02 1.379840e+04 -3.486483e+02 -8.431946e+00 -1.127094e+01
95.535099251676101 -1.838533e+03 9.076905e+02 1.376699e+04 -1.492079e+03 9.162271e+02 1.377797e+04 -3.464539e+02 -8.536618e+00 -1.098610e+01
96.009248068800488 -1.824698e+03 8.902968e+02 1.371715e+04 -1.478627e+03 8.990968e+02 1.372822e+04 -3.460710e+02 -8.800024e+00 -1.106666e+01
96.492443262729168 -1.817207e+03 8.974578e+02 1.370581e+04 -1.470609e+03 9.065358e+02 1.371695e+04 -3.465976e+02 -9.077988e+00 -1.113719e+01
97.114818348982197 -1.810169e+03 8.887958e+02 1.372190e+04 -1.466229e+03 8.991627e+02 1.373324e+04 -3.439406e+02 -1.036694e+01 -1.133750e+01
97.664458753705304 -1.803448e+03 8.853381e+02 1.363120e+04 -1.457387e+03 8.948027e+02 1.364222e+04 -3.460613e+02 -9.464612e+00 -1.102189e+01
98.258272066830216 -1.813019e+03 9.010898e+02 1.365609e+04 -1.460417e+03 9.105591e+02 1.366786e+04 -3.526019e+02 -9.469321e+00 -1.177077e+01
98.77582691454117 -1.810557e+03 8.955656e+02 1.361941e+04 -1.452573e+03 9.060071e+02 1.363164e+04 -3.579843e+02 -1.044155e+01 -1.222377e+01
99.192243910880876 -1.819618e+03 9.017373e+02 1.365604e+04 -1.461098e+03 9.127364e+02 1.366812e+04 -3.585202e+02 -1.099908e+01 -1.207316e+01
99.663284588433541 -1.822179e+03 8.971125e+02 1.362896e+04 -1.454683e+03 9.072643e+02 1.364146e+04 -3.674958e+02 -1.015177e+01 -1.249281e+01
100.13021428996818 -1.822509e+03 8.906824e+02 1.363465e+04 -1.454549e+03 9.003644e+02 1.364694e+04 -3.679602e+02 -9.681970e+00 -1.228758e+01
100.53361788472587 -1.841596e+03 9.011759e+02 1.368271e+04 -1.469463e+03 9.108091e+02 1.369512e+04 -3.721331e+02 -9.633171e+00 -1.240502e+01
101.00335657818511 -1.836809e+03 8.947452e+02 1.364260e+04 -1.460421e+03 9.046482e+02 1.365546e+04 -3.763878e+02 -9.902963e+00 -1.286664e+01
