# iter u_b, T, D
# Process converged in 7 iterations
# u_w=[ 0 10]
0.0 5.965436141812591 1868.204132014431 -2110.45382716393
1.0 5.828486916182776 1866.125711967511 -2132.143973877658
2.0 5.650728193214981 1856.9310429975485 -2050.256196094168
3.0 5.496800951917654 1832.8796108668041 -1716.6637654304277
4.0 5.620842980936738 1852.2491557921405 -2022.7676334417697
5.0 5.441838743482754 1824.3296425620715 -1992.241096971177
6.0 5.248185317701479 1813.3805733552063 -1887.6492475515463
7.0 5.151824535919033 1816.5901646735492 -1853.1753232177896
8.0 5.099841119530021 1808.9758477364428 -1795.8520628786857
9.0 5.120545997993788 0.0 0.0
10.0 0.0 0.0 0.0
