# iter u_b, T, D
# Process converged in 4 iterations
# u_w=[-1.73648178  9.84807753]
0.0 5.663115509567637 1683.6282698920968 -1973.845254882223
1.0 5.49658449050499 1676.8205692009449 -1861.902557569516
2.0 5.363023298144951 1673.6357970899799 -1838.1493561477891
3.0 5.2243600326191615 1658.5433651088756 -1797.52367001003
4.0 5.089714953510085 1655.6681616447197 -1701.7373505758342
5.0 5.037661697136136 1650.2783900417965 -1670.4488455996884
6.0 5.011978291395438 0.0 0.0
7.0 0.0 0.0 0.0
8.0 0.0 0.0 0.0
9.0 0.0 0.0 0.0
10.0 0.0 0.0 0.0
