0.000264	0 0 -1.65337e-10
0.232969	0 0 -0.00156865
0.538474	0 0 -0.00914138
0.850187	0 0 -0.0217332
1.22188981	0 0 -0.0417978
1.4937308508	0 0 -0.0577028
1.7759227561288	0 0 -0.0738698
2.071832368704838	0 0 -0.0905293
2.358528028689585	0 0 -0.10624
2.636255423165118	0 0 -0.121121
2.921510216586153	0 0 -0.135378
3.190167183752677	0 0 -0.147189
3.445373741809564	0 0 -0.157037
3.696770818988961	0 0 -0.164749
3.94749836311724	0 0 -0.170409
4.202560994538813	0 0 -0.173871
4.456025591377492	0 0 -0.175023
4.720755996980673	0 0 -0.173774
4.984967287281697	0 0 -0.170161
5.267923851430426	0 0 -0.164042
5.555618194133154	0 0 -0.155617
5.857526017774421	0 0 -0.145103
6.175096320495119	0 0 -0.132491
6.592471893018471	0 0 -0.114657
6.965517662458937	0 0 -0.0981825
7.321568798133775	0 0 -0.0828453
7.75683094491112	0 0 -0.0652546
8.206236997232455	0 0 -0.0492947
8.62689706896241	0 0 -0.0367051
9.009432817435954	0 0 -0.0276698
9.39230529976936	0 0 -0.0209929
9.755211711793274	0 0 -0.0167795
10.099453780554667	0 0 -0.0145673
10.448790898227163	0 0 -0.0137619
10.738587826069081	0 0 -0.0140207
11.076499081818719	0 0 -0.0150848
11.404364365488686	0 0 -0.0165796
11.656125360761788	0 0 -0.0178711
12.023975875361039	0 0 -0.0195984
12.338095544918849	0 0 -0.0206995
12.689990150337167	0 0 -0.0212683
13.03030417434482	0 0 -0.0209392
13.379702380139891	0 0 -0.0195814
13.753985885795521	0 0 -0.0169259
14.138598025993065	0 0 -0.0129743
14.43682373832535	0 0 -0.00921858
14.751811608577164	0 0 -0.00484199
15.111478639579927	0 0 0.000458844
15.466246391679	0 0 0.00574221
15.804678657503926	0 0 0.0106267
16.173080890804147	0 0 0.0152425
16.546015964243729	0 0 0.0190455
16.904271880999012	0 0 0.0217013
17.283910574604462	0 0 0.0232029
17.657369279275308	0 0 0.0234166
18.018683176179561	0 0 0.0224579
18.344398834628279	0 0 0.0207018
18.716305213978259	0 0 0.01779
19.061494454102363	0 0 0.0144188
19.435949938213419	0 0 0.0103326
19.808566510695208	0 0 0.0060772
20.199745788391187	0 0 0.00162528
20.54837010040454	0 0 -0.00208574
20.828950524560412	0 0 -0.00476986
21.176384718147066	0 0 -0.00759678
21.508931366303219	0 0 -0.00974043
21.871885403686633	0 0 -0.0113295
22.224681837220572	0 0 -0.0120768
22.566098618548438	0 0 -0.0120594
22.88629241483094	0 0 -0.0113809
23.23686447589472	0 0 -0.00996981
23.567610907970728	0 0 -0.0080225
23.923168396935722	0 0 -0.00538241
24.306031849149825	0 0 -0.00198433
24.668870681368105	0 0 0.00154786
25.085112667393354	0 0 0.00589856
25.470520602128303	0 0 0.0100059
25.869498796669998	0 0 0.0142419
26.274013770216165	0 0 0.0183263
26.627294113964091	0 0 0.02163
26.956454711336161	0 0 0.0245034
27.313383702449769	0 0 0.0272625
27.575864169317263	0 0 0.0290844
27.837756932347194	0 0 0.030673
28.116722627730883	0 0 0.0321208
28.384763094300343	0 0 0.0332793
28.697663345784353	0 0 0.0343356
29.039692138655987	0 0 0.0351279
29.488828175001135	0 0 0.0356404
29.890721022252897	0 0 0.0356614
30.244122126634839	0 0 0.0353298
30.652456163067662	0 0 0.0345439
31.059326965183455	0 0 0.0332779
31.446353304503816	0 0 0.0316531
31.75497514435936	0 0 0.0300562
32.116938528958258	0 0 0.0278874
32.454462198422306	0 0 0.0255824
32.729797631013597	0 0 0.0235164
33.095323936664727	0 0 0.0204937
33.406265309985145	0 0 0.0177525
33.69051637290147	0 0 0.0150698
34.043862542392255	0 0 0.0116359
34.408549577722745	0 0 0.0078249
34.777701994179822	0 0 0.00388986
35.075200683708779	0 0 0.000769935
35.429511444665501	0 0 -0.00308756
35.70469787256792	0 0 -0.00596795
36.062830089231262	0 0 -0.00969392
36.379139716701154	0 0 -0.0128017
36.680444367741345	0 0 -0.0157486
37.023958548901376	0 0 -0.0188641
37.380405319876459	0 0 -0.0219182
37.726807723170403	0 0 -0.0246348
38.011233495960802	0 0 -0.0266973
38.335137719653765	0 0 -0.0287703
38.683135720947206	0 0 -0.0306589
38.975670713342154	0 0 -0.0320246
39.30362998149004	0 0 -0.0332237
39.675411403692038	0 0 -0.0341606
40.051586509042615	0 0 -0.0346505
40.437209430640713	0 0 -0.0346614
40.795514214019647	0 0 -0.0342554
41.149088430045396	0 0 -0.0334951
41.547228500074048	0 0 -0.0322689
41.9342439106873	0 0 -0.0307214
42.31397700051393	0 0 -0.0289833
42.675930868600602	0 0 -0.0272265
43.035229281920735	0 0 -0.0253941
43.432226454722759	0 0 -0.023357
43.799803604793695	0 0 -0.0215361
44.158582547955611	0 0 -0.0198947
44.518242617721967	0 0 -0.0183345
44.884671228219823	0 0 -0.0169089
45.248145621282767	0 0 -0.0156789
45.604427233260495	0 0 -0.0146335
45.907014175741047	0 0 -0.0139146
46.296646387195061	0 0 -0.0131918
46.679584106745544	0 0 -0.0127441
47.022393435878868	0 0 -0.0125593
47.418947820656335	0 0 -0.0126101
47.807769640711726	0 0 -0.0129227
48.115754239962833	0 0 -0.0133425
48.377889375211637	0 0 -0.0138339
48.643096903420613	0 0 -0.0144411
48.92481824097235	0 0 -0.0152062
49.221676190357087	0 0 -0.0161641
49.559011905149127	0 0 -0.0173831
49.919684747789496	0 0 -0.0188934
50.215336016326212	0 0 -0.0202009
50.589662801308116	0 0 -0.022045
50.912080981671757	0 0 -0.0237377
51.22733595659448	0 0 -0.0254268
51.559754114205596	0 0 -0.027267
51.843753849920439	0 0 -0.0288836
52.211614007089558	0 0 -0.0309702
52.520226501003982	0 0 -0.0327159
52.881426720872255	0 0 -0.034692
53.281119489031191	0 0 -0.0367373
53.614818826493476	0 0 -0.0382981
53.953974272170967	0 0 -0.0396991
54.237978134919423	0 0 -0.0407346
54.57411180915912	0 0 -0.0417532
54.93752971068615	0 0 -0.042651
55.264651935739764	0 0 -0.0432154
55.611832375882599	0 0 -0.0435843
56.001822527271315	0 0 -0.0436795
56.342980183968081	0 0 -0.0434907
56.701790580223403	0 0 -0.0430188
57.041647856346977	0 0 -0.0423315
57.370245046926428	0 0 -0.0414499
57.742433758228316	0 0 -0.0402244
58.105697818718255	0 0 -0.0388347
58.441005386151268	0 0 -0.0374178
58.806081744094037	0 0 -0.0357133
59.173418940405568	0 0 -0.0338959
59.528824716533926	0 0 -0.0320789
59.911978221807047	0 0 -0.0300307
60.18082706740897	0 0 -0.028594
60.477183320060284	0 0 -0.027062
60.866976979310529	0 0 -0.0250914
61.166181628969014	0 0 -0.0236218
61.520303194903889	0 0 -0.0220168
61.906959049888918	0 0 -0.0204126
62.280551384248191	0 0 -0.0190273
62.604375918222367	0 0 -0.0179527
62.978151987020574	0 0 -0.0168962
63.352672004442425	0 0 -0.0160487
63.737218580333888	0 0 -0.0154012
64.114900831231452	0 0 -0.0149644
64.419436109703	0 0 -0.0147648
64.76766246285294	0 0 -0.0147102
65.124445548713311	0 0 -0.0148381
65.520272017291234	0 0 -0.0152019
65.860394114930955	0 0 -0.0156833
66.247747966104498	0 0 -0.0164222
66.597730037128272	0 0 -0.0172716
66.96220514277347	0 0 -0.0183106
67.357119423990639	0 0 -0.0195943
67.699352034246317	0 0 -0.0208479
68.001861512335864	0 0 -0.0220835
