0.000264	0 0 -1.63652e-10
0.404621	0 0 -0.0051074
0.814769	0 0 -0.0201207
1.3090701	0 0 -0.0467846
1.7191146683867	0 0 -0.0701307
2.157160216271522	0 0 -0.0947197
2.538215438700263	0 0 -0.115096
2.952293380043293	0 0 -0.135768
3.341507902045744	0 0 -0.152266
3.725172633470776	0 0 -0.164551
4.129968243987311	0 0 -0.17246
4.516461372090721	0 0 -0.174762
4.914155000131016	0 0 -0.171916
5.385954184799111	0 0 -0.162771
5.840666775522714	0 0 -0.149189
6.299358790400692	0 0 -0.132891
6.852938030910943	0 0 -0.110834
7.378635855878168	0 0 -0.0902361
7.935251582572731	0 0 -0.0702472
8.479573826710045	0 0 -0.0539311
8.966518895000492	0 0 -0.0424097
9.401129359757586	0 0 -0.0349231
9.816062986981212	0 0 -0.0302024
10.330437394214659	0 0 -0.0271126
10.758873770465764	0 0 -0.0262647
11.214310956824418	0 0 -0.0264463
11.604700590587322	0 0 -0.0269625
12.00624131870055	0 0 -0.0273801
12.404985836483498	0 0 -0.0272688
12.806948062677336	0 0 -0.0263081
13.315958976941184	0 0 -0.0236017
13.773992057978379	0 0 -0.0196814
14.288842010584558	0 0 -0.0136991
14.781400917069318	0 0 -0.00694776
15.385877014281901	0 0 0.00174841
15.95982560607206	0 0 0.00940513
16.584962378486026	0 0 0.0157468
17.117941246111599	0 0 0.0189824
17.646327955799176	0 0 0.0198236
18.191827415537769	0 0 0.0183802
18.660522443486553	0 0 0.015535
19.11208039341367	0 0 0.0118332
19.63433203231757	0 0 0.0068082
20.108511221607667	0 0 0.00212004
20.652436466921749	0 0 -0.00277393
21.204299177259486	0 0 -0.00673191
21.770954629235064	0 0 -0.00942884
22.288165524615614	0 0 -0.0104345
22.805877801614212	0 0 -0.0100584
23.369127614168669	0 0 -0.00813715
23.953947051867768	0 0 -0.00475592
24.532287879357874	0 0 -0.000328988
25.108438533941289	0 0 0.00476302
25.72753385315195	0 0 0.0105687
26.322858882396698	0 0 0.0161197
26.919393928035536	0 0 0.0213538
27.461380147732672	0 0 0.0256644
27.964976305260905	0 0 0.0292709
28.553613172311298	0 0 0.0328512
29.048984308235127	0 0 0.0352518
29.59219202725437	0 0 0.0372216
30.182307444429355	0 0 0.0385036
30.742416683061546	0 0 0.0388794
31.239910660525556	0 0 0.0384292
31.745040980201637	0 0 0.0372494
32.337160476548043	0 0 0.0349405
32.905932174258574	0 0 0.0318404
33.42352719438022	0 0 0.0284368
33.92120398199701	0 0 0.0245323
34.410013868168058	0 0 0.0202563
34.865638184907475	0 0 0.0158458
35.349975975703984	0 0 0.0109686
35.832103704597841	0 0 0.00583615
36.277996235061195	0 0 0.0011176
36.703735394817429	0 0 -0.00331852
37.133109628790599	0 0 -0.00750514
37.540645969716941	0 0 -0.0112027
37.957222482451222	0 0 -0.0146599
38.352066818497747	0 0 -0.0176887
38.88582043762986	0 0 -0.021191
39.425690348530416	0 0 -0.0242013
39.939346899742176	0 0 -0.0264147
40.514952122132328	0 0 -0.0282095
40.984328847945555	0 0 -0.0291194
41.559273312601285	0 0 -0.0296036
42.029018863638548	0 0 -0.029486
42.550271413920633	0 0 -0.0288732
43.091723096285953	0 0 -0.027767
43.624714251115584	0 0 -0.0262841
44.178523215478471	0 0 -0.0245045
44.732459154296144	0 0 -0.0226326
45.210897519086693	0 0 -0.0210218
45.752178171264887	0 0 -0.0194122
46.266305024303698	0 0 -0.018183
46.848487844480452	0 0 -0.0172585
47.380393813993564	0 0 -0.0168672
47.905686230374378	0 0 -0.0169293
48.463076344498809	0 0 -0.0174919
49.023705894465309	0 0 -0.0185679
49.487585791598505	0 0 -0.0198234
49.994310210419663	0 0 -0.0215673
50.455409274353649	0 0 -0.023414
50.938144881035043	0 0 -0.0256301
51.436811468048113	0 0 -0.0280876
51.975026311078366	0 0 -0.0309445
52.469644704818833	0 0 -0.0335769
52.96035538334425	0 0 -0.0362383
53.470414958709426	0 0 -0.0389037
54.025220203367134	0 0 -0.0416405
54.556185173544307	0 0 -0.0439996
55.074929834368938	0 0 -0.0460523
55.598256132583558	0 0 -0.0477691
56.14988595213002	0 0 -0.0491407
56.691727988635087	0 0 -0.0500243
57.280299670840797	0 0 -0.0503992
57.829606698827561	0 0 -0.0502093
58.389955241234539	0 0 -0.0494875
58.939149295224304	0 0 -0.04829
59.479624795439477	0 0 -0.0466992
59.961497165277109	0 0 -0.044965
60.394349257844134	0 0 -0.0432016
60.928644664905498	0 0 -0.0408432
61.46907349849976	0 0 -0.0382928
62.027368701520786	0 0 -0.0355853
62.561818190397254	0 0 -0.0330312
63.082719466651525	0 0 -0.0306587
63.623483554811621	0 0 -0.0283999
64.158498273723936	0 0 -0.0264238
64.728027405070392	0 0 -0.0246847
65.303218298086762	0 0 -0.0233675
65.827343945889254	0 0 -0.0225709
66.39942618520584	0 0 -0.0221633
66.925075922199738	0 0 -0.0221961
67.472320195148683	0 0 -0.0226167
67.995977459543028	0 0 -0.0233406
68.530507026981525	0 0 -0.0243803
69.026947231079731	0 0 -0.0255373
69.54760270051878	0 0 -0.0269434
70.074087126504153	0 0 -0.0284536
70.575491050761627	0 0 -0.0299276
71.096374141114751	0 0 -0.0314559
71.622870804497751	0 0 -0.0329403
72.143281884155627	0 0 -0.0342876
72.64385590129541	0 0 -0.0354311
73.156261100042698	0 0 -0.0363642
73.686411978204291	0 0 -0.0370631
74.198300103438925	0 0 -0.037438
74.726103110248218	0 0 -0.0374981
75.34653224880671	0 0 -0.0371047
75.930430215072619	0 0 -0.0362959
76.378900498426958	0 0 -0.0353958
76.82499202571104	0 0 -0.0343371
77.307968290649086	0 0 -0.0330183
77.839605950214789	0 0 -0.03141
78.377330267012752	0 0 -0.0297146
78.933586000464928	0 0 -0.0279368
79.487978820448703	0 0 -0.0262466
80.048803504728781	0 0 -0.0246531
80.61416505013834	0 0 -0.0232573
81.130191634682134	0 0 -0.0221639
81.672959775388847	0 0 -0.0212865
82.236238660515198	0 0 -0.0206616
82.789459276627809	0 0 -0.0203541
83.31483783466949	0 0 -0.0203662
83.879601179279106	0 0 -0.0207095
84.423561875956096	0 0 -0.0213729
84.943971331687806	0 0 -0.0222969
85.435942655146448	0 0 -0.023418
85.937156638132436	0 0 -0.024775
86.341732135105133	0 0 -0.0260039
86.792773733372741	0 0 -0.0274448
87.358642178281116	0 0 -0.0294084
87.838316330207007	0 0 -0.0310816
88.309836319464154	0 0 -0.0326915
88.830344745730855	0 0 -0.0344091
89.292912691977961	0 0 -0.0357955
89.706040476093534	0 0 -0.0369089
90.182282708450927	0 0 -0.0380239
90.585439783483579	0 0 -0.0388196
91.101833461200016	0 0 -0.039621
91.548532375084505	0 0 -0.0401179
91.962123679438676	0 0 -0.0404194
92.45308045386318	0 0 -0.0405731
92.97738450546548	0 0 -0.0405083
93.459986959467813	0 0 -0.0402285
93.934941494231026	0 0 -0.0397793
94.471900300776014	0 0 -0.0390941
95.015399275528907	0 0 -0.038219
95.542019898221483	0 0 -0.0372535
96.022626963555609	0 0 -0.036328
96.501707157875074	0 0 -0.0354162
97.130099907959647	0 0 -0.0343045
97.674909111970734	0 0 -0.0334162
98.267841374579291	0 0 -0.0326585
98.790358375830309	0 0 -0.0322087
99.199857523461787	0 0 -0.0320009
99.676848104702728	0 0 -0.0319244
100.13626285525511	0 0 -0.0320022
100.54106892184735	0 0 -0.0321774
100.95240101510059	0 0 -0.0324993
