0.0015499     	 -7.770018e+04 6.835079e+04 1.132755e+05 	 -7.762921e+04 6.835110e+04 1.132760e+05 	 -7.097220e+01 -3.069710e-01 -5.329617e-01 
0.00197972    	 -5.748397e+04 6.015259e+04 1.015540e+05 	 -5.741331e+04 6.015294e+04 1.015545e+05 	 -7.066305e+01 -3.543767e-01 -5.509810e-01 
0.00249549    	 -4.321742e+04 5.446492e+04 9.364966e+04 	 -4.314707e+04 5.446533e+04 9.365023e+04 	 -7.035048e+01 -4.053719e-01 -5.630771e-01 
0.00311429    	 -3.309267e+04 5.042995e+04 8.818322e+04 	 -3.302263e+04 5.043042e+04 8.818379e+04 	 -7.003683e+01 -4.615858e-01 -5.705398e-01 
0.00385657    	 -2.592902e+04 4.746580e+04 8.434634e+04 	 -2.585929e+04 4.746633e+04 8.434691e+04 	 -6.972318e+01 -5.236838e-01 -5.714222e-01 
0.00474757    	 -2.141984e+04 4.505580e+04 8.158730e+04 	 -2.135043e+04 4.505639e+04 8.158786e+04 	 -6.940884e+01 -5.925768e-01 -5.662092e-01 
0.00581659    	 -1.855250e+04 4.314267e+04 7.955951e+04 	 -1.848340e+04 4.314334e+04 7.956007e+04 	 -6.909442e+01 -6.692627e-01 -5.547173e-01 
0.00709941    	 -1.640365e+04 4.155150e+04 7.805136e+04 	 -1.633486e+04 4.155225e+04 7.805191e+04 	 -6.878585e+01 -7.548332e-01 -5.405024e-01 
0.00863879    	 -1.492383e+04 4.023633e+04 7.686038e+04 	 -1.485535e+04 4.023718e+04 7.686090e+04 	 -6.848734e+01 -8.493189e-01 -5.244499e-01 
0.0104849     	 -1.417495e+04 3.917009e+04 7.590923e+04 	 -1.410675e+04 3.917104e+04 7.590974e+04 	 -6.820398e+01 -9.510701e-01 -5.073154e-01 
0.0126986     	 -1.340653e+04 3.827333e+04 7.523221e+04 	 -1.333859e+04 3.827439e+04 7.523270e+04 	 -6.794357e+01 -1.057846e+00 -4.868158e-01 
0.0153526     	 -1.294351e+04 3.756903e+04 7.480397e+04 	 -1.287579e+04 3.757019e+04 7.480443e+04 	 -6.772032e+01 -1.167780e+00 -4.612299e-01 
0.0185392     	 -1.259816e+04 3.706663e+04 7.450933e+04 	 -1.253061e+04 3.706791e+04 7.450976e+04 	 -6.755062e+01 -1.279334e+00 -4.308890e-01 
0.0223581     	 -1.213666e+04 3.662367e+04 7.447223e+04 	 -1.206920e+04 3.662506e+04 7.447262e+04 	 -6.745765e+01 -1.391325e+00 -3.927433e-01 
0.026948      	 -1.179908e+04 3.634628e+04 7.455291e+04 	 -1.173161e+04 3.634779e+04 7.455325e+04 	 -6.747039e+01 -1.504955e+00 -3.420488e-01 
0.0324454     	 -1.138483e+04 3.611563e+04 7.471322e+04 	 -1.131721e+04 3.611725e+04 7.471350e+04 	 -6.762373e+01 -1.619606e+00 -2.763757e-01 
0.0390274     	 -1.098590e+04 3.585922e+04 7.493790e+04 	 -1.091792e+04 3.586096e+04 7.493809e+04 	 -6.797279e+01 -1.736495e+00 -1.917000e-01 
0.0469043     	 -1.043442e+04 3.556767e+04 7.529779e+04 	 -1.036588e+04 3.556950e+04 7.529793e+04 	 -6.854441e+01 -1.836492e+00 -1.430320e-01 
0.0563408     	 -9.746313e+03 3.504384e+04 7.570064e+04 	 -9.676877e+03 3.504575e+04 7.570080e+04 	 -6.943651e+01 -1.909102e+00 -1.590219e-01 
0.0674427     	 -9.118011e+03 3.463256e+04 7.603010e+04 	 -9.047231e+03 3.463453e+04 7.603034e+04 	 -7.077994e+01 -1.963969e+00 -2.373045e-01 
0.0802175     	 -8.564496e+03 3.421525e+04 7.625123e+04 	 -8.491803e+03 3.421725e+04 7.625163e+04 	 -7.269225e+01 -1.998516e+00 -3.971118e-01 
0.0950527     	 -8.251175e+03 3.356869e+04 7.622499e+04 	 -8.175722e+03 3.357072e+04 7.622562e+04 	 -7.545306e+01 -2.027283e+00 -6.284927e-01 
0.111212      	 -8.187885e+03 3.289921e+04 7.584791e+04 	 -8.108609e+03 3.290126e+04 7.584885e+04 	 -7.927568e+01 -2.055053e+00 -9.444710e-01 
0.129351      	 -8.339711e+03 3.205637e+04 7.507800e+04 	 -8.255211e+03 3.205845e+04 7.507938e+04 	 -8.450083e+01 -2.082254e+00 -1.376338e+00 
0.148699      	 -8.582203e+03 3.120680e+04 7.418617e+04 	 -8.491313e+03 3.120892e+04 7.418806e+04 	 -9.089074e+01 -2.120276e+00 -1.889884e+00 
0.168968      	 -8.786374e+03 3.049930e+04 7.354604e+04 	 -8.688272e+03 3.050146e+04 7.354848e+04 	 -9.810178e+01 -2.163323e+00 -2.438559e+00 
0.188294      	 -8.863907e+03 2.999281e+04 7.326918e+04 	 -8.758492e+03 2.999501e+04 7.327214e+04 	 -1.054151e+02 -2.198837e+00 -2.966322e+00 
0.208092      	 -8.873196e+03 2.965568e+04 7.315819e+04 	 -8.760128e+03 2.965790e+04 7.316168e+04 	 -1.130680e+02 -2.227498e+00 -3.485569e+00 
0.22789       	 -8.891248e+03 2.935568e+04 7.310728e+04 	 -8.770352e+03 2.935794e+04 7.311127e+04 	 -1.208963e+02 -2.259660e+00 -3.990467e+00 
0.247687      	 -8.907596e+03 2.913762e+04 7.294148e+04 	 -8.778650e+03 2.913990e+04 7.294595e+04 	 -1.289453e+02 -2.277168e+00 -4.467356e+00 
0.266977      	 -8.922218e+03 2.895055e+04 7.280432e+04 	 -8.785067e+03 2.895279e+04 7.280923e+04 	 -1.371510e+02 -2.245025e+00 -4.903472e+00 
0.288537      	 -8.958658e+03 2.865443e+04 7.252548e+04 	 -8.811995e+03 2.865657e+04 7.253082e+04 	 -1.466630e+02 -2.139081e+00 -5.341416e+00 
0.306779      	 -8.999023e+03 2.856746e+04 7.231640e+04 	 -8.843481e+03 2.856946e+04 7.232206e+04 	 -1.555423e+02 -2.006900e+00 -5.663923e+00 
0.327168      	 -9.031848e+03 2.843479e+04 7.195084e+04 	 -8.865335e+03 2.843652e+04 7.195682e+04 	 -1.665128e+02 -1.724582e+00 -5.980057e+00 
0.345353      	 -9.081744e+03 2.834773e+04 7.170804e+04 	 -8.904164e+03 2.834919e+04 7.171430e+04 	 -1.775802e+02 -1.465798e+00 -6.263640e+00 
0.364607      	 -9.122435e+03 2.834815e+04 7.140542e+04 	 -8.931751e+03 2.834935e+04 7.141194e+04 	 -1.906846e+02 -1.198935e+00 -6.516396e+00 
0.385787      	 -9.177125e+03 2.824578e+04 7.101473e+04 	 -8.970073e+03 2.824667e+04 7.102149e+04 	 -2.070523e+02 -8.900104e-01 -6.762921e+00 
0.406967      	 -9.226064e+03 2.821347e+04 7.064304e+04 	 -9.000551e+03 2.821406e+04 7.065005e+04 	 -2.255136e+02 -5.963010e-01 -7.009726e+00 
0.428931      	 -9.302628e+03 2.812943e+04 7.020532e+04 	 -9.055585e+03 2.812969e+04 7.021259e+04 	 -2.470429e+02 -2.574156e-01 -7.264040e+00 
0.447967      	 -9.374330e+03 2.804922e+04 6.975597e+04 	 -9.106278e+03 2.804925e+04 6.976354e+04 	 -2.680520e+02 -2.572186e-02 -7.569075e+00 
0.468412      	 -9.480587e+03 2.800239e+04 6.929971e+04 	 -9.188301e+03 2.800204e+04 6.930749e+04 	 -2.922859e+02 3.470500e-01 -7.774742e+00 
0.485024      	 -9.539747e+03 2.775644e+04 6.890314e+04 	 -9.225992e+03 2.775589e+04 6.891108e+04 	 -3.137555e+02 5.477942e-01 -7.937353e+00 
0.502782      	 -9.619845e+03 2.761577e+04 6.859430e+04 	 -9.282104e+03 2.761487e+04 6.860253e+04 	 -3.377419e+02 8.996422e-01 -8.227846e+00 
0.521198      	 -9.673733e+03 2.742457e+04 6.820617e+04 	 -9.310412e+03 2.742335e+04 6.821460e+04 	 -3.633208e+02 1.216746e+00 -8.431127e+00 
0.538931      	 -9.742356e+03 2.729952e+04 6.793682e+04 	 -9.353360e+03 2.729799e+04 6.794570e+04 	 -3.889961e+02 1.527062e+00 -8.881886e+00 
0.558978      	 -9.808682e+03 2.700426e+04 6.766213e+04 	 -9.390691e+03 2.700227e+04 6.767142e+04 	 -4.179910e+02 1.994785e+00 -9.290538e+00 
0.574728      	 -9.865974e+03 2.682678e+04 6.738621e+04 	 -9.424269e+03 2.682456e+04 6.739598e+04 	 -4.417041e+02 2.224782e+00 -9.769002e+00 
0.591085      	 -9.942792e+03 2.655999e+04 6.713514e+04 	 -9.476712e+03 2.655744e+04 6.714528e+04 	 -4.660800e+02 2.553322e+00 -1.013231e+01 
0.604715      	 -9.983824e+03 2.637623e+04 6.680403e+04 	 -9.497174e+03 2.637339e+04 6.681453e+04 	 -4.866506e+02 2.838607e+00 -1.049657e+01 
0.619919      	 -1.005005e+04 2.623812e+04 6.652314e+04 	 -9.541243e+03 2.623510e+04 6.653406e+04 	 -5.088067e+02 3.021814e+00 -1.091083e+01 
0.633493      	 -1.009958e+04 2.605534e+04 6.627259e+04 	 -9.571187e+03 2.605206e+04 6.628385e+04 	 -5.283911e+02 3.284694e+00 -1.126843e+01 
0.648764      	 -1.015950e+04 2.589098e+04 6.605732e+04 	 -9.609446e+03 2.588744e+04 6.606892e+04 	 -5.500521e+02 3.533808e+00 -1.160423e+01 
0.664729      	 -1.021245e+04 2.581539e+04 6.586357e+04 	 -9.640698e+03 2.581141e+04 6.587557e+04 	 -5.717571e+02 3.974333e+00 -1.199829e+01 
0.682375      	 -1.026420e+04 2.570444e+04 6.565977e+04 	 -9.669183e+03 2.570010e+04 6.567228e+04 	 -5.950128e+02 4.337150e+00 -1.251028e+01 
0.694592      	 -1.032030e+04 2.559042e+04 6.540287e+04 	 -9.709162e+03 2.558565e+04 6.541584e+04 	 -6.111377e+02 4.771910e+00 -1.296615e+01 
0.708474      	 -1.034465e+04 2.549715e+04 6.518739e+04 	 -9.715568e+03 2.549219e+04 6.520075e+04 	 -6.290857e+02 4.957293e+00 -1.336591e+01 
0.719686      	 -1.042344e+04 2.544845e+04 6.502676e+04 	 -9.780337e+03 2.544309e+04 6.504069e+04 	 -6.431060e+02 5.362618e+00 -1.392616e+01 
0.732428      	 -1.045717e+04 2.550161e+04 6.485880e+04 	 -9.798395e+03 2.549611e+04 6.487341e+04 	 -6.587729e+02 5.498134e+00 -1.460976e+01 
0.742338      	 -1.051061e+04 2.536523e+04 6.471467e+04 	 -9.839897e+03 2.535941e+04 6.472980e+04 	 -6.707172e+02 5.820146e+00 -1.512173e+01 
0.752644      	 -1.056293e+04 2.550697e+04 6.461118e+04 	 -9.879799e+03 2.550108e+04 6.462680e+04 	 -6.831327e+02 5.892348e+00 -1.562215e+01 
0.76089       	 -1.060025e+04 2.533337e+04 6.441712e+04 	 -9.907249e+03 2.532732e+04 6.443292e+04 	 -6.929976e+02 6.044961e+00 -1.580438e+01 
0.767721      	 -1.061510e+04 2.526657e+04 6.421463e+04 	 -9.914224e+03 2.526034e+04 6.423140e+04 	 -7.008807e+02 6.230195e+00 -1.676860e+01 
0.775731      	 -1.062098e+04 2.546851e+04 6.417736e+04 	 -9.911154e+03 2.546211e+04 6.419410e+04 	 -7.098304e+02 6.403850e+00 -1.673627e+01 
0.784702      	 -1.063850e+04 2.544031e+04 6.408727e+04 	 -9.918984e+03 2.543368e+04 6.410436e+04 	 -7.195114e+02 6.638123e+00 -1.708482e+01 
0.793314      	 -1.068386e+04 2.541081e+04 6.389546e+04 	 -9.955285e+03 2.540389e+04 6.391346e+04 	 -7.285794e+02 6.917650e+00 -1.799102e+01 
0.8023        	 -1.065118e+04 2.538819e+04 6.380401e+04 	 -9.913547e+03 2.538085e+04 6.382218e+04 	 -7.376360e+02 7.338814e+00 -1.817541e+01 
0.812185      	 -1.069687e+04 2.527510e+04 6.367054e+04 	 -9.949628e+03 2.526751e+04 6.368924e+04 	 -7.472465e+02 7.594356e+00 -1.870301e+01 
0.818661      	 -1.067664e+04 2.504198e+04 6.344235e+04 	 -9.922857e+03 2.503425e+04 6.346163e+04 	 -7.537833e+02 7.731477e+00 -1.927380e+01 
0.826217      	 -1.071999e+04 2.500055e+04 6.337818e+04 	 -9.958484e+03 2.499279e+04 6.339776e+04 	 -7.615106e+02 7.758266e+00 -1.958366e+01 
0.834493      	 -1.068274e+04 2.477320e+04 6.326305e+04 	 -9.912954e+03 2.476556e+04 6.328284e+04 	 -7.697902e+02 7.633789e+00 -1.979703e+01 
0.844228      	 -1.068331e+04 2.472448e+04 6.316284e+04 	 -9.904225e+03 2.471689e+04 6.318281e+04 	 -7.790795e+02 7.586717e+00 -1.996763e+01 
0.855355      	 -1.064836e+04 2.456052e+04 6.309779e+04 	 -9.858980e+03 2.455294e+04 6.311796e+04 	 -7.893790e+02 7.583039e+00 -2.017345e+01 
0.868504      	 -1.063822e+04 2.454132e+04 6.300783e+04 	 -9.837503e+03 2.453357e+04 6.302813e+04 	 -8.007169e+02 7.750405e+00 -2.029902e+01 
0.883115      	 -1.064178e+04 2.438358e+04 6.289739e+04 	 -9.829149e+03 2.437558e+04 6.291783e+04 	 -8.126325e+02 8.005967e+00 -2.043845e+01 
0.899813      	 -1.064363e+04 2.436781e+04 6.280982e+04 	 -9.817726e+03 2.435957e+04 6.283040e+04 	 -8.258997e+02 8.245607e+00 -2.057514e+01 
0.91985       	 -1.067895e+04 2.438462e+04 6.274223e+04 	 -9.837555e+03 2.437612e+04 6.276273e+04 	 -8.413992e+02 8.506088e+00 -2.049587e+01 
0.939888      	 -1.068420e+04 2.438098e+04 6.260586e+04 	 -9.827387e+03 2.437227e+04 6.262608e+04 	 -8.568084e+02 8.707194e+00 -2.021996e+01 
0.959925      	 -1.071108e+04 2.429119e+04 6.248845e+04 	 -9.839060e+03 2.428230e+04 6.250828e+04 	 -8.720235e+02 8.893819e+00 -1.983238e+01 
0.979963      	 -1.072820e+04 2.423836e+04 6.236573e+04 	 -9.841132e+03 2.422927e+04 6.238513e+04 	 -8.870719e+02 9.085941e+00 -1.939781e+01 
1             	 -1.075688e+04 2.424983e+04 6.229556e+04 	 -9.855170e+03 2.424047e+04 6.231447e+04 	 -9.017091e+02 9.359211e+00 -1.890922e+01 
1.02222       	 -1.078829e+04 2.424940e+04 6.229633e+04 	 -9.870940e+03 2.423966e+04 6.231467e+04 	 -9.173510e+02 9.742386e+00 -1.833710e+01 
1.0455        	 -1.079393e+04 2.433444e+04 6.220339e+04 	 -9.860925e+03 2.432422e+04 6.222110e+04 	 -9.330059e+02 1.021130e+01 -1.770799e+01 
1.06823       	 -1.081851e+04 2.432529e+04 6.220624e+04 	 -9.870533e+03 2.431462e+04 6.222343e+04 	 -9.479787e+02 1.067643e+01 -1.718182e+01 
1.09095       	 -1.087611e+04 2.441429e+04 6.219315e+04 	 -9.913615e+03 2.440309e+04 6.220980e+04 	 -9.624901e+02 1.119826e+01 -1.665189e+01 
1.11313       	 -1.084967e+04 2.455090e+04 6.218183e+04 	 -9.873621e+03 2.453922e+04 6.219805e+04 	 -9.760534e+02 1.167917e+01 -1.622248e+01 
1.1353        	 -1.090896e+04 2.469864e+04 6.224794e+04 	 -9.920061e+03 2.468643e+04 6.226374e+04 	 -9.889002e+02 1.221405e+01 -1.579766e+01 
1.15692       	 -1.089954e+04 2.480880e+04 6.224286e+04 	 -9.898772e+03 2.479616e+04 6.225831e+04 	 -1.000768e+03 1.264272e+01 -1.545309e+01 
1.17799       	 -1.094595e+04 2.493964e+04 6.233175e+04 	 -9.933880e+03 2.492649e+04 6.234678e+04 	 -1.012074e+03 1.315738e+01 -1.503623e+01 
1.19907       	 -1.090339e+04 2.506825e+04 6.231946e+04 	 -9.880722e+03 2.505461e+04 6.233415e+04 	 -1.022668e+03 1.363736e+01 -1.468913e+01 
1.2177        	 -1.095162e+04 2.509214e+04 6.241059e+04 	 -9.920406e+03 2.507811e+04 6.242502e+04 	 -1.031213e+03 1.403754e+01 -1.443287e+01 
1.23434       	 -1.091663e+04 2.512853e+04 6.239660e+04 	 -9.878091e+03 2.511419e+04 6.241086e+04 	 -1.038536e+03 1.433128e+01 -1.426197e+01 
1.25302       	 -1.093794e+04 2.534200e+04 6.263455e+04 	 -9.891152e+03 2.532718e+04 6.264844e+04 	 -1.046791e+03 1.481442e+01 -1.388671e+01 
1.27377       	 -1.092455e+04 2.564655e+04 6.287189e+04 	 -9.869520e+03 2.563148e+04 6.288556e+04 	 -1.055025e+03 1.507068e+01 -1.367231e+01 
1.29192       	 -1.097503e+04 2.579587e+04 6.301544e+04 	 -9.913167e+03 2.578033e+04 6.302863e+04 	 -1.061864e+03 1.554013e+01 -1.319217e+01 
1.30962       	 -1.098483e+04 2.599229e+04 6.316903e+04 	 -9.916431e+03 2.597682e+04 6.318230e+04 	 -1.068399e+03 1.547161e+01 -1.326912e+01 
1.32733       	 -1.100956e+04 2.624653e+04 6.336754e+04 	 -9.934634e+03 2.623036e+04 6.338016e+04 	 -1.074927e+03 1.616240e+01 -1.261958e+01 
1.34078       	 -1.100343e+04 2.624545e+04 6.331622e+04 	 -9.924043e+03 2.622931e+04 6.332888e+04 	 -1.079382e+03 1.613977e+01 -1.266234e+01 
1.35543       	 -1.102732e+04 2.644351e+04 6.352083e+04 	 -9.943293e+03 2.642687e+04 6.353299e+04 	 -1.084028e+03 1.664205e+01 -1.215798e+01 
1.36886       	 -1.099991e+04 2.641412e+04 6.353440e+04 	 -9.911298e+03 2.639739e+04 6.354649e+04 	 -1.088608e+03 1.672966e+01 -1.208582e+01 
1.3832        	 -1.101186e+04 2.659042e+04 6.367813e+04 	 -9.918597e+03 2.657312e+04 6.368986e+04 	 -1.093260e+03 1.730556e+01 -1.173271e+01 
1.39579       	 -1.098579e+04 2.654867e+04 6.361062e+04 	 -9.888516e+03 2.653126e+04 6.362246e+04 	 -1.097274e+03 1.741212e+01 -1.183770e+01 
1.40984       	 -1.099921e+04 2.671555e+04 6.381203e+04 	 -9.897174e+03 2.669761e+04 6.382368e+04 	 -1.102037e+03 1.793666e+01 -1.164863e+01 
1.42325       	 -1.098504e+04 2.675046e+04 6.381782e+04 	 -9.878110e+03 2.673229e+04 6.382949e+04 	 -1.106931e+03 1.817466e+01 -1.167605e+01 
1.43843       	 -1.098715e+04 2.692269e+04 6.402210e+04 	 -9.874581e+03 2.690406e+04 6.403365e+04 	 -1.112569e+03 1.863456e+01 -1.154450e+01 
1.45247       	 -1.097480e+04 2.687868e+04 6.397366e+04 	 -9.857077e+03 2.685984e+04 6.398537e+04 	 -1.117721e+03 1.884424e+01 -1.170755e+01 
1.46811       	 -1.097892e+04 2.696458e+04 6.402632e+04 	 -9.855323e+03 2.694535e+04 6.403799e+04 	 -1.123593e+03 1.923389e+01 -1.167706e+01 
1.48376       	 -1.095502e+04 2.694036e+04 6.398929e+04 	 -9.825563e+03 2.692088e+04 6.400107e+04 	 -1.129453e+03 1.948302e+01 -1.178086e+01 
1.50097       	 -1.096191e+04 2.702544e+04 6.400924e+04 	 -9.826350e+03 2.700560e+04 6.402114e+04 	 -1.135562e+03 1.984141e+01 -1.189843e+01 
1.51879       	 -1.095506e+04 2.702519e+04 6.396927e+04 	 -9.813212e+03 2.700499e+04 6.398131e+04 	 -1.141845e+03 2.019554e+01 -1.204071e+01 
1.53661       	 -1.095295e+04 2.700228e+04 6.390791e+04 	 -9.805169e+03 2.698174e+04 6.392020e+04 	 -1.147779e+03 2.053775e+01 -1.229229e+01 
1.55206       	 -1.096002e+04 2.690781e+04 6.371104e+04 	 -9.807628e+03 2.688696e+04 6.372368e+04 	 -1.152392e+03 2.084925e+01 -1.264146e+01 
1.56929       	 -1.095350e+04 2.685108e+04 6.365629e+04 	 -9.796322e+03 2.682994e+04 6.366941e+04 	 -1.157182e+03 2.114072e+01 -1.311506e+01 
1.58524       	 -1.096452e+04 2.680940e+04 6.351887e+04 	 -9.803029e+03 2.678790e+04 6.353243e+04 	 -1.161486e+03 2.149719e+01 -1.356914e+01 
1.60183       	 -1.096249e+04 2.675126e+04 6.341020e+04 	 -9.796775e+03 2.672938e+04 6.342426e+04 	 -1.165717e+03 2.188339e+01 -1.406385e+01 
1.61842       	 -1.097563e+04 2.666973e+04 6.330585e+04 	 -9.806660e+03 2.664750e+04 6.332059e+04 	 -1.168975e+03 2.223038e+01 -1.474179e+01 
1.63501       	 -1.096772e+04 2.662452e+04 6.323665e+04 	 -9.796420e+03 2.660198e+04 6.325209e+04 	 -1.171300e+03 2.253457e+01 -1.543284e+01 
1.65088       	 -1.097251e+04 2.660977e+04 6.317252e+04 	 -9.799356e+03 2.658691e+04 6.318855e+04 	 -1.173158e+03 2.286508e+01 -1.602935e+01 
1.6675        	 -1.097284e+04 2.661648e+04 6.315226e+04 	 -9.798369e+03 2.659330e+04 6.316891e+04 	 -1.174467e+03 2.318476e+01 -1.665656e+01 
1.68413       	 -1.097624e+04 2.662309e+04 6.313913e+04 	 -9.801356e+03 2.659963e+04 6.315641e+04 	 -1.174888e+03 2.345716e+01 -1.728032e+01 
1.70271       	 -1.096829e+04 2.665390e+04 6.317729e+04 	 -9.793733e+03 2.663016e+04 6.319523e+04 	 -1.174553e+03 2.373885e+01 -1.793951e+01 
1.71922       	 -1.096834e+04 2.660749e+04 6.311385e+04 	 -9.794708e+03 2.658355e+04 6.313228e+04 	 -1.173631e+03 2.393441e+01 -1.843467e+01 
1.73574       	 -1.095671e+04 2.665058e+04 6.310679e+04 	 -9.784181e+03 2.662647e+04 6.312569e+04 	 -1.172526e+03 2.410299e+01 -1.889718e+01 
1.75226       	 -1.095790e+04 2.666304e+04 6.310971e+04 	 -9.786481e+03 2.663874e+04 6.312895e+04 	 -1.171421e+03 2.429628e+01 -1.924503e+01 
1.76877       	 -1.096748e+04 2.678011e+04 6.315063e+04 	 -9.797491e+03 2.675586e+04 6.317025e+04 	 -1.169992e+03 2.425531e+01 -1.961415e+01 
1.78529       	 -1.098295e+04 2.692555e+04 6.324108e+04 	 -9.814520e+03 2.690133e+04 6.326079e+04 	 -1.168431e+03 2.422039e+01 -1.971105e+01 
1.80181       	 -1.099044e+04 2.705968e+04 6.329704e+04 	 -9.823624e+03 2.703568e+04 6.331698e+04 	 -1.166816e+03 2.400494e+01 -1.993604e+01 
1.81982       	 -1.103169e+04 2.727580e+04 6.348847e+04 	 -9.866589e+03 2.725197e+04 6.350835e+04 	 -1.165104e+03 2.383364e+01 -1.988368e+01 
1.83269       	 -1.102718e+04 2.720064e+04 6.336678e+04 	 -9.863528e+03 2.717711e+04 6.338682e+04 	 -1.163652e+03 2.352720e+01 -2.004353e+01 
1.84664       	 -1.104687e+04 2.734097e+04 6.353244e+04 	 -9.885000e+03 2.731754e+04 6.355236e+04 	 -1.161872e+03 2.343289e+01 -1.992909e+01 
1.86058       	 -1.103119e+04 2.731130e+04 6.352109e+04 	 -9.871102e+03 2.728827e+04 6.354118e+04 	 -1.160089e+03 2.303269e+01 -2.008662e+01 
1.87452       	 -1.103829e+04 2.740340e+04 6.364336e+04 	 -9.880465e+03 2.738048e+04 6.366337e+04 	 -1.157828e+03 2.291710e+01 -2.000956e+01 
1.88707       	 -1.100305e+04 2.731002e+04 6.355981e+04 	 -9.847438e+03 2.728752e+04 6.357989e+04 	 -1.155608e+03 2.249614e+01 -2.007831e+01 
1.90118       	 -1.100503e+04 2.742566e+04 6.369594e+04 	 -9.852072e+03 2.740333e+04 6.371591e+04 	 -1.152959e+03 2.232781e+01 -1.996863e+01 
1.91354       	 -1.098612e+04 2.734519e+04 6.358750e+04 	 -9.835375e+03 2.732318e+04 6.360747e+04 	 -1.150745e+03 2.200148e+01 -1.996531e+01 
1.92795       	 -1.099390e+04 2.746941e+04 6.375692e+04 	 -9.845471e+03 2.744754e+04 6.377671e+04 	 -1.148429e+03 2.186274e+01 -1.979676e+01 
1.93996       	 -1.098711e+04 2.741730e+04 6.362345e+04 	 -9.840574e+03 2.739568e+04 6.364321e+04 	 -1.146531e+03 2.161985e+01 -1.975879e+01 
1.95497       	 -1.099669e+04 2.755384e+04 6.387210e+04 	 -9.852237e+03 2.753232e+04 6.389164e+04 	 -1.144449e+03 2.152591e+01 -1.953645e+01 
1.96623       	 -1.098820e+04 2.742130e+04 6.369171e+04 	 -9.845214e+03 2.739993e+04 6.371122e+04 	 -1.142983e+03 2.136585e+01 -1.951354e+01 
1.97748       	 -1.099297e+04 2.744070e+04 6.380241e+04 	 -9.851361e+03 2.741936e+04 6.382180e+04 	 -1.141610e+03 2.133777e+01 -1.939537e+01 
1.98874       	 -1.097457e+04 2.740538e+04 6.377647e+04 	 -9.834149e+03 2.738410e+04 6.379584e+04 	 -1.140420e+03 2.127437e+01 -1.936461e+01 
2             	 -1.096612e+04 2.742333e+04 6.384113e+04 	 -9.826783e+03 2.740206e+04 6.386043e+04 	 -1.139332e+03 2.126671e+01 -1.929722e+01 
2.01299       	 -1.094492e+04 2.749869e+04 6.387353e+04 	 -9.806665e+03 2.747744e+04 6.389277e+04 	 -1.138258e+03 2.125390e+01 -1.924515e+01 
2.02772       	 -1.094391e+04 2.749254e+04 6.397297e+04 	 -9.806686e+03 2.747126e+04 6.399212e+04 	 -1.137222e+03 2.127728e+01 -1.915059e+01 
2.0442        	 -1.094178e+04 2.754501e+04 6.401127e+04 	 -9.805512e+03 2.752369e+04 6.403034e+04 	 -1.136269e+03 2.131263e+01 -1.907732e+01 
2.05987       	 -1.093582e+04 2.753629e+04 6.399091e+04 	 -9.800229e+03 2.751495e+04 6.400988e+04 	 -1.135588e+03 2.134566e+01 -1.897142e+01 
2.07728       	 -1.092893e+04 2.750974e+04 6.405105e+04 	 -9.794187e+03 2.748832e+04 6.406993e+04 	 -1.134740e+03 2.142097e+01 -1.887312e+01 
2.09375       	 -1.092107e+04 2.748805e+04 6.402173e+04 	 -9.787068e+03 2.746657e+04 6.404049e+04 	 -1.134004e+03 2.148178e+01 -1.875974e+01 
2.11225       	 -1.091208e+04 2.753557e+04 6.403476e+04 	 -9.778799e+03 2.751397e+04 6.405343e+04 	 -1.133277e+03 2.160129e+01 -1.867157e+01 
2.13          	 -1.091106e+04 2.751578e+04 6.398330e+04 	 -9.778498e+03 2.749405e+04 6.400191e+04 	 -1.132561e+03 2.173230e+01 -1.860922e+01 
2.14776       	 -1.091068e+04 2.748415e+04 6.394313e+04 	 -9.778750e+03 2.746221e+04 6.396172e+04 	 -1.131930e+03 2.194196e+01 -1.858538e+01 
2.16551       	 -1.091092e+04 2.745408e+04 6.392493e+04 	 -9.779404e+03 2.743190e+04 6.394350e+04 	 -1.131520e+03 2.218073e+01 -1.857078e+01 
2.18327       	 -1.091311e+04 2.743137e+04 6.389749e+04 	 -9.781972e+03 2.740887e+04 6.391609e+04 	 -1.131137e+03 2.249424e+01 -1.859981e+01 
2.20102       	 -1.090464e+04 2.743698e+04 6.385468e+04 	 -9.773766e+03 2.741419e+04 6.387331e+04 	 -1.130872e+03 2.278523e+01 -1.863762e+01 
2.21878       	 -1.090285e+04 2.743786e+04 6.384373e+04 	 -9.772091e+03 2.741475e+04 6.386241e+04 	 -1.130760e+03 2.310626e+01 -1.867950e+01 
2.23653       	 -1.089645e+04 2.741254e+04 6.383428e+04 	 -9.765589e+03 2.738918e+04 6.385305e+04 	 -1.130859e+03 2.336244e+01 -1.876870e+01 
2.25429       	 -1.091164e+04 2.750426e+04 6.386900e+04 	 -9.780559e+03 2.748065e+04 6.388788e+04 	 -1.131082e+03 2.361137e+01 -1.887563e+01 
2.27204       	 -1.090615e+04 2.751095e+04 6.386422e+04 	 -9.774748e+03 2.748717e+04 6.388327e+04 	 -1.131404e+03 2.377669e+01 -1.905180e+01 
2.29024       	 -1.092993e+04 2.759772e+04 6.394387e+04 	 -9.798098e+03 2.757375e+04 6.396307e+04 	 -1.131834e+03 2.396634e+01 -1.919800e+01 
2.30602       	 -1.093894e+04 2.760106e+04 6.386918e+04 	 -9.806667e+03 2.757706e+04 6.388859e+04 	 -1.132271e+03 2.399813e+01 -1.941484e+01 
2.32381       	 -1.096707e+04 2.775637e+04 6.407053e+04 	 -9.834456e+03 2.773232e+04 6.409004e+04 	 -1.132613e+03 2.405225e+01 -1.951312e+01 
2.33707       	 -1.096363e+04 2.770990e+04 6.388163e+04 	 -9.830760e+03 2.768596e+04 6.390134e+04 	 -1.132869e+03 2.393784e+01 -1.971436e+01 
2.3518        	 -1.098802e+04 2.776660e+04 6.409560e+04 	 -9.855025e+03 2.774256e+04 6.411536e+04 	 -1.132995e+03 2.403743e+01 -1.975981e+01 
2.36451       	 -1.096741e+04 2.771768e+04 6.396431e+04 	 -9.834462e+03 2.769372e+04 6.398431e+04 	 -1.132951e+03 2.395682e+01 -2.000030e+01 
2.37863       	 -1.098473e+04 2.784104e+04 6.409791e+04 	 -9.852059e+03 2.781687e+04 6.411805e+04 	 -1.132675e+03 2.416916e+01 -2.013996e+01 
2.39185       	 -1.097173e+04 2.777554e+04 6.402239e+04 	 -9.839312e+03 2.775135e+04 6.404277e+04 	 -1.132417e+03 2.418339e+01 -2.038571e+01 
2.40669       	 -1.096880e+04 2.784513e+04 6.418656e+04 	 -9.836876e+03 2.782073e+04 6.420714e+04 	 -1.131924e+03 2.440101e+01 -2.058065e+01 
2.42048       	 -1.096237e+04 2.777199e+04 6.408748e+04 	 -9.830756e+03 2.774750e+04 6.410826e+04 	 -1.131618e+03 2.449281e+01 -2.078828e+01 
2.43534       	 -1.096200e+04 2.784662e+04 6.417015e+04 	 -9.830841e+03 2.782192e+04 6.419116e+04 	 -1.131161e+03 2.469368e+01 -2.100468e+01 
2.45103       	 -1.094028e+04 2.776546e+04 6.413899e+04 	 -9.809459e+03 2.774065e+04 6.416020e+04 	 -1.130823e+03 2.481499e+01 -2.120355e+01 
2.46766       	 -1.093164e+04 2.778681e+04 6.413547e+04 	 -9.801207e+03 2.776188e+04 6.415690e+04 	 -1.130432e+03 2.492904e+01 -2.143012e+01 
2.4843        	 -1.091396e+04 2.773717e+04 6.407712e+04 	 -9.783732e+03 2.771222e+04 6.409876e+04 	 -1.130229e+03 2.494871e+01 -2.163542e+01 
2.50149       	 -1.090669e+04 2.773521e+04 6.414740e+04 	 -9.776651e+03 2.771028e+04 6.416922e+04 	 -1.130037e+03 2.492915e+01 -2.181540e+01 
2.51811       	 -1.090132e+04 2.775236e+04 6.410737e+04 	 -9.771431e+03 2.772749e+04 6.412923e+04 	 -1.129888e+03 2.487005e+01 -2.186374e+01 
2.53532       	 -1.090983e+04 2.783725e+04 6.418077e+04 	 -9.780134e+03 2.781251e+04 6.420276e+04 	 -1.129696e+03 2.474271e+01 -2.198835e+01 
2.55319       	 -1.093831e+04 2.792878e+04 6.429977e+04 	 -9.808932e+03 2.790415e+04 6.432169e+04 	 -1.129382e+03 2.463008e+01 -2.192588e+01 
2.56673       	 -1.093367e+04 2.782263e+04 6.412179e+04 	 -9.804620e+03 2.779804e+04 6.414397e+04 	 -1.129052e+03 2.459536e+01 -2.217621e+01 
2.58167       	 -1.094605e+04 2.791612e+04 6.426421e+04 	 -9.817455e+03 2.789152e+04 6.428647e+04 	 -1.128594e+03 2.459955e+01 -2.225860e+01 
2.59561       	 -1.093796e+04 2.790785e+04 6.421674e+04 	 -9.809788e+03 2.788333e+04 6.423924e+04 	 -1.128170e+03 2.452639e+01 -2.250880e+01 
2.61117       	 -1.093770e+04 2.795283e+04 6.433988e+04 	 -9.810021e+03 2.792825e+04 6.436251e+04 	 -1.127677e+03 2.457994e+01 -2.262347e+01 
2.62672       	 -1.093171e+04 2.793739e+04 6.430872e+04 	 -9.804431e+03 2.791283e+04 6.433159e+04 	 -1.127284e+03 2.455996e+01 -2.286765e+01 
2.64369       	 -1.091983e+04 2.796895e+04 6.441793e+04 	 -9.792944e+03 2.794424e+04 6.444092e+04 	 -1.126885e+03 2.471393e+01 -2.299190e+01 
2.65853       	 -1.092637e+04 2.793596e+04 6.432015e+04 	 -9.799817e+03 2.791122e+04 6.434339e+04 	 -1.126551e+03 2.474052e+01 -2.324513e+01 
2.67405       	 -1.091794e+04 2.795009e+04 6.435371e+04 	 -9.791629e+03 2.792523e+04 6.437710e+04 	 -1.126312e+03 2.486537e+01 -2.339421e+01 
2.69121       	 -1.090719e+04 2.797970e+04 6.447689e+04 	 -9.780957e+03 2.795481e+04 6.450053e+04 	 -1.126229e+03 2.489209e+01 -2.363207e+01 
2.70665       	 -1.090455e+04 2.801488e+04 6.440430e+04 	 -9.778169e+03 2.798993e+04 6.442805e+04 	 -1.126382e+03 2.494616e+01 -2.375030e+01 
2.72391       	 -1.090592e+04 2.806141e+04 6.455194e+04 	 -9.779340e+03 2.803653e+04 6.457588e+04 	 -1.126582e+03 2.487622e+01 -2.393762e+01 
2.73924       	 -1.091974e+04 2.809391e+04 6.451894e+04 	 -9.792875e+03 2.806907e+04 6.454291e+04 	 -1.126868e+03 2.483789e+01 -2.397136e+01 
2.75663       	 -1.093585e+04 2.827835e+04 6.465459e+04 	 -9.808542e+03 2.825374e+04 6.467864e+04 	 -1.127310e+03 2.461648e+01 -2.404855e+01 
2.77094       	 -1.097450e+04 2.826688e+04 6.459829e+04 	 -9.847081e+03 2.824235e+04 6.462246e+04 	 -1.127423e+03 2.452530e+01 -2.416347e+01 
2.783         	 -1.095927e+04 2.816697e+04 6.449553e+04 	 -9.831894e+03 2.814269e+04 6.451994e+04 	 -1.127373e+03 2.427747e+01 -2.441204e+01 
2.79656       	 -1.097814e+04 2.832259e+04 6.459254e+04 	 -9.850948e+03 2.829841e+04 6.461709e+04 	 -1.127188e+03 2.418310e+01 -2.454693e+01 
2.80928       	 -1.095220e+04 2.826832e+04 6.450453e+04 	 -9.825192e+03 2.824439e+04 6.452928e+04 	 -1.127012e+03 2.392707e+01 -2.474604e+01 
2.82395       	 -1.096321e+04 2.842681e+04 6.462758e+04 	 -9.836496e+03 2.840290e+04 6.465242e+04 	 -1.126711e+03 2.390208e+01 -2.483326e+01 
2.83652       	 -1.095890e+04 2.834298e+04 6.447254e+04 	 -9.832374e+03 2.831927e+04 6.449748e+04 	 -1.126530e+03 2.371586e+01 -2.493869e+01 
2.85015       	 -1.096487e+04 2.841797e+04 6.457207e+04 	 -9.838673e+03 2.839425e+04 6.459705e+04 	 -1.126199e+03 2.372214e+01 -2.498022e+01 
2.86263       	 -1.095164e+04 2.831357e+04 6.444703e+04 	 -9.825739e+03 2.828994e+04 6.447211e+04 	 -1.125905e+03 2.363271e+01 -2.508276e+01 
2.87637       	 -1.095378e+04 2.843138e+04 6.450269e+04 	 -9.828207e+03 2.840777e+04 6.452783e+04 	 -1.125574e+03 2.360978e+01 -2.514086e+01 
2.89182       	 -1.093794e+04 2.844354e+04 6.447948e+04 	 -9.812583e+03 2.842002e+04 6.450468e+04 	 -1.125353e+03 2.351597e+01 -2.520564e+01 
2.90728       	 -1.093926e+04 2.841753e+04 6.445855e+04 	 -9.814092e+03 2.839410e+04 6.448378e+04 	 -1.125170e+03 2.343210e+01 -2.523577e+01 
2.92273       	 -1.093220e+04 2.837896e+04 6.438748e+04 	 -9.807105e+03 2.835561e+04 6.441277e+04 	 -1.125094e+03 2.334997e+01 -2.529131e+01 
2.93819       	 -1.093290e+04 2.836731e+04 6.433342e+04 	 -9.807771e+03 2.834401e+04 6.435869e+04 	 -1.125128e+03 2.330404e+01 -2.527613e+01 
2.95364       	 -1.093373e+04 2.833835e+04 6.430388e+04 	 -9.808511e+03 2.831506e+04 6.432914e+04 	 -1.125217e+03 2.328941e+01 -2.526184e+01 
2.96909       	 -1.092921e+04 2.833493e+04 6.427247e+04 	 -9.803740e+03 2.831164e+04 6.429771e+04 	 -1.125465e+03 2.329688e+01 -2.524658e+01 
2.98455       	 -1.094576e+04 2.838141e+04 6.426571e+04 	 -9.819944e+03 2.835806e+04 6.429088e+04 	 -1.125812e+03 2.335404e+01 -2.516763e+01 
3             	 -1.095366e+04 2.834902e+04 6.423772e+04 	 -9.827393e+03 2.832557e+04 6.426285e+04 	 -1.126271e+03 2.344538e+01 -2.512898e+01 
3.01724       	 -1.097896e+04 2.845275e+04 6.435143e+04 	 -9.852157e+03 2.842916e+04 6.437642e+04 	 -1.126801e+03 2.358862e+01 -2.499040e+01 
3.03236       	 -1.096242e+04 2.835625e+04 6.419766e+04 	 -9.835046e+03 2.833250e+04 6.422263e+04 	 -1.127375e+03 2.375015e+01 -2.497000e+01 
3.04934       	 -1.098137e+04 2.846510e+04 6.432342e+04 	 -9.853440e+03 2.844110e+04 6.434828e+04 	 -1.127931e+03 2.400031e+01 -2.485986e+01 
3.06518       	 -1.097657e+04 2.840048e+04 6.419818e+04 	 -9.848103e+03 2.837620e+04 6.422302e+04 	 -1.128464e+03 2.428065e+01 -2.483941e+01 
3.08282       	 -1.098558e+04 2.848500e+04 6.434042e+04 	 -9.856595e+03 2.846035e+04 6.436517e+04 	 -1.128988e+03 2.465439e+01 -2.475381e+01 
3.10154       	 -1.098241e+04 2.844570e+04 6.434321e+04 	 -9.852783e+03 2.842067e+04 6.436790e+04 	 -1.129624e+03 2.503296e+01 -2.468406e+01 
3.11987       	 -1.096755e+04 2.842171e+04 6.433102e+04 	 -9.837236e+03 2.839632e+04 6.435562e+04 	 -1.130311e+03 2.538207e+01 -2.459405e+01 
3.13821       	 -1.095574e+04 2.840307e+04 6.428088e+04 	 -9.824657e+03 2.837734e+04 6.430537e+04 	 -1.131086e+03 2.573094e+01 -2.449327e+01 
3.15694       	 -1.095413e+04 2.835206e+04 6.424003e+04 	 -9.822186e+03 2.832597e+04 6.426443e+04 	 -1.131945e+03 2.609521e+01 -2.439698e+01 
3.17568       	 -1.095661e+04 2.836178e+04 6.428069e+04 	 -9.823658e+03 2.833538e+04 6.430492e+04 	 -1.132955e+03 2.639278e+01 -2.423500e+01 
3.19322       	 -1.095223e+04 2.824736e+04 6.419615e+04 	 -9.818426e+03 2.822069e+04 6.422031e+04 	 -1.133799e+03 2.667051e+01 -2.415911e+01 
3.21076       	 -1.096070e+04 2.825322e+04 6.423493e+04 	 -9.826002e+03 2.822633e+04 6.425904e+04 	 -1.134703e+03 2.688897e+01 -2.411225e+01 
3.22829       	 -1.094702e+04 2.828733e+04 6.420056e+04 	 -9.811401e+03 2.826022e+04 6.422466e+04 	 -1.135622e+03 2.711082e+01 -2.409796e+01 
3.24507       	 -1.095329e+04 2.831842e+04 6.418381e+04 	 -9.816647e+03 2.829127e+04 6.420796e+04 	 -1.136643e+03 2.715074e+01 -2.415206e+01 
3.26148       	 -1.097160e+04 2.841713e+04 6.421244e+04 	 -9.833899e+03 2.838995e+04 6.423647e+04 	 -1.137705e+03 2.717935e+01 -2.403168e+01 
3.27907       	 -1.098934e+04 2.854640e+04 6.434925e+04 	 -9.850586e+03 2.851926e+04 6.437325e+04 	 -1.138753e+03 2.713485e+01 -2.400001e+01 
3.29665       	 -1.103146e+04 2.868013e+04 6.439580e+04 	 -9.891981e+03 2.865295e+04 6.441960e+04 	 -1.139478e+03 2.717990e+01 -2.379654e+01 
3.30992       	 -1.101003e+04 2.845296e+04 6.408782e+04 	 -9.870147e+03 2.842579e+04 6.411175e+04 	 -1.139881e+03 2.716993e+01 -2.392775e+01 
3.32492       	 -1.103157e+04 2.864754e+04 6.425785e+04 	 -9.891406e+03 2.862022e+04 6.428169e+04 	 -1.140160e+03 2.732943e+01 -2.383553e+01 
3.3387        	 -1.101470e+04 2.852608e+04 6.415465e+04 	 -9.874274e+03 2.849880e+04 6.417858e+04 	 -1.140422e+03 2.728340e+01 -2.392720e+01 
3.35408       	 -1.101675e+04 2.866478e+04 6.425566e+04 	 -9.876188e+03 2.863725e+04 6.427950e+04 	 -1.140558e+03 2.752515e+01 -2.384426e+01 
3.36876       	 -1.101433e+04 2.855648e+04 6.411348e+04 	 -9.873555e+03 2.852895e+04 6.413734e+04 	 -1.140771e+03 2.753485e+01 -2.386899e+01 
3.38537       	 -1.100393e+04 2.867490e+04 6.423973e+04 	 -9.863060e+03 2.864710e+04 6.426355e+04 	 -1.140874e+03 2.780509e+01 -2.382164e+01 
3.40036       	 -1.099866e+04 2.856990e+04 6.401998e+04 	 -9.857576e+03 2.854205e+04 6.404386e+04 	 -1.141089e+03 2.784709e+01 -2.387899e+01 
3.41574       	 -1.098670e+04 2.851802e+04 6.404387e+04 	 -9.845321e+03 2.849004e+04 6.406770e+04 	 -1.141383e+03 2.797578e+01 -2.383759e+01 
3.43292       	 -1.098282e+04 2.861703e+04 6.409200e+04 	 -9.841055e+03 2.858895e+04 6.411580e+04 	 -1.141763e+03 2.808756e+01 -2.380302e+01 
3.4501        	 -1.098054e+04 2.859971e+04 6.405466e+04 	 -9.838244e+03 2.857161e+04 6.407839e+04 	 -1.142301e+03 2.809676e+01 -2.372684e+01 
3.46729       	 -1.100998e+04 2.867646e+04 6.405204e+04 	 -9.867214e+03 2.864838e+04 6.407552e+04 	 -1.142764e+03 2.807444e+01 -2.348166e+01 
3.48061       	 -1.102174e+04 2.851849e+04 6.371673e+04 	 -9.878713e+03 2.849049e+04 6.374027e+04 	 -1.143029e+03 2.800218e+01 -2.354495e+01 
3.49545       	 -1.103873e+04 2.856158e+04 6.385788e+04 	 -9.895631e+03 2.853358e+04 6.388125e+04 	 -1.143099e+03 2.799360e+01 -2.337578e+01 
3.50806       	 -1.103904e+04 2.843657e+04 6.362872e+04 	 -9.895995e+03 2.840861e+04 6.365225e+04 	 -1.143045e+03 2.796495e+01 -2.352568e+01 
3.52212       	 -1.104855e+04 2.846662e+04 6.374771e+04 	 -9.905775e+03 2.843854e+04 6.377118e+04 	 -1.142780e+03 2.807533e+01 -2.347095e+01 
3.5366        	 -1.104254e+04 2.851472e+04 6.366448e+04 	 -9.900063e+03 2.848665e+04 6.368808e+04 	 -1.142478e+03 2.807040e+01 -2.359605e+01 
3.55258       	 -1.105362e+04 2.852173e+04 6.372625e+04 	 -9.911589e+03 2.849349e+04 6.374978e+04 	 -1.142026e+03 2.824809e+01 -2.353509e+01 
3.56701       	 -1.103778e+04 2.837045e+04 6.351705e+04 	 -9.896158e+03 2.834223e+04 6.354070e+04 	 -1.141626e+03 2.822146e+01 -2.365321e+01 
3.58305       	 -1.103647e+04 2.843068e+04 6.356449e+04 	 -9.895397e+03 2.840229e+04 6.358817e+04 	 -1.141073e+03 2.839295e+01 -2.367925e+01 
3.59694       	 -1.102610e+04 2.826325e+04 6.332238e+04 	 -9.885539e+03 2.823486e+04 6.334624e+04 	 -1.140564e+03 2.838266e+01 -2.386252e+01 
3.61187       	 -1.101432e+04 2.826806e+04 6.337174e+04 	 -9.874336e+03 2.823957e+04 6.339566e+04 	 -1.139981e+03 2.848820e+01 -2.391596e+01 
3.6274        	 -1.101029e+04 2.823965e+04 6.338996e+04 	 -9.870860e+03 2.821115e+04 6.341399e+04 	 -1.139426e+03 2.850779e+01 -2.402584e+01 
3.6436        	 -1.099590e+04 2.823914e+04 6.335932e+04 	 -9.857068e+03 2.821056e+04 6.338339e+04 	 -1.138834e+03 2.858469e+01 -2.407757e+01 
3.66142       	 -1.099220e+04 2.828803e+04 6.342500e+04 	 -9.854037e+03 2.825937e+04 6.344918e+04 	 -1.138160e+03 2.865303e+01 -2.417986e+01 
3.67835       	 -1.098239e+04 2.823561e+04 6.331445e+04 	 -9.844734e+03 2.820690e+04 6.333870e+04 	 -1.137658e+03 2.870705e+01 -2.425076e+01 
3.69528       	 -1.096679e+04 2.822587e+04 6.330085e+04 	 -9.829640e+03 2.819717e+04 6.332522e+04 	 -1.137148e+03 2.869404e+01 -2.437424e+01 
3.71221       	 -1.097202e+04 2.816864e+04 6.331460e+04 	 -9.835195e+03 2.813995e+04 6.333903e+04 	 -1.136823e+03 2.869171e+01 -2.443430e+01 
3.72913       	 -1.096783e+04 2.821734e+04 6.330939e+04 	 -9.831268e+03 2.818876e+04 6.333393e+04 	 -1.136566e+03 2.858839e+01 -2.454556e+01 
3.74719       	 -1.098962e+04 2.836196e+04 6.345371e+04 	 -9.853337e+03 2.833345e+04 6.347821e+04 	 -1.136278e+03 2.850822e+01 -2.450054e+01 
3.76405       	 -1.100053e+04 2.833399e+04 6.338246e+04 	 -9.864484e+03 2.830555e+04 6.340708e+04 	 -1.136045e+03 2.843875e+01 -2.461437e+01 
3.7822        	 -1.102192e+04 2.844788e+04 6.352643e+04 	 -9.886354e+03 2.841945e+04 6.355092e+04 	 -1.135570e+03 2.842256e+01 -2.449077e+01 
3.79581       	 -1.101322e+04 2.825660e+04 6.321393e+04 	 -9.878013e+03 2.822823e+04 6.323857e+04 	 -1.135210e+03 2.837274e+01 -2.463495e+01 
3.81152       	 -1.103692e+04 2.842203e+04 6.338373e+04 	 -9.902300e+03 2.839361e+04 6.340831e+04 	 -1.134624e+03 2.841654e+01 -2.458036e+01 
3.82498       	 -1.101594e+04 2.826840e+04 6.321871e+04 	 -9.881765e+03 2.824002e+04 6.324342e+04 	 -1.134175e+03 2.838255e+01 -2.471025e+01 
3.83956       	 -1.101970e+04 2.835836e+04 6.335156e+04 	 -9.886140e+03 2.832990e+04 6.337628e+04 	 -1.133558e+03 2.846703e+01 -2.471896e+01 
3.85415       	 -1.100692e+04 2.833148e+04 6.328258e+04 	 -9.873829e+03 2.830300e+04 6.330739e+04 	 -1.133092e+03 2.848436e+01 -2.480438e+01 
3.87035       	 -1.098786e+04 2.843568e+04 6.342313e+04 	 -9.855225e+03 2.840706e+04 6.344798e+04 	 -1.132630e+03 2.861782e+01 -2.484714e+01 
3.88888       	 -1.098254e+04 2.849224e+04 6.358462e+04 	 -9.850313e+03 2.846349e+04 6.360946e+04 	 -1.132227e+03 2.875270e+01 -2.483655e+01 
3.90475       	 -1.096731e+04 2.848055e+04 6.343801e+04 	 -9.835073e+03 2.845177e+04 6.346281e+04 	 -1.132239e+03 2.877910e+01 -2.480088e+01 
3.9238        	 -1.098786e+04 2.871582e+04 6.370157e+04 	 -9.855464e+03 2.868690e+04 6.372615e+04 	 -1.132400e+03 2.891739e+01 -2.457510e+01 
3.93904       	 -1.098938e+04 2.852810e+04 6.353792e+04 	 -9.856866e+03 2.849917e+04 6.356243e+04 	 -1.132510e+03 2.892603e+01 -2.451096e+01 
3.95428       	 -1.101294e+04 2.861009e+04 6.366245e+04 	 -9.880365e+03 2.858111e+04 6.368677e+04 	 -1.132579e+03 2.898148e+01 -2.431447e+01 
3.96952       	 -1.101409e+04 2.863755e+04 6.365421e+04 	 -9.881373e+03 2.860854e+04 6.367851e+04 	 -1.132717e+03 2.901134e+01 -2.429155e+01 
3.98476       	 -1.103461e+04 2.871834e+04 6.374670e+04 	 -9.901947e+03 2.868922e+04 6.377080e+04 	 -1.132666e+03 2.912402e+01 -2.410646e+01 
4             	 -1.101954e+04 2.870485e+04 6.369869e+04 	 -9.886797e+03 2.867570e+04 6.372278e+04 	 -1.132741e+03 2.915111e+01 -2.409295e+01 
4.01587       	 -1.103351e+04 2.880241e+04 6.373922e+04 	 -9.900782e+03 2.877304e+04 6.376313e+04 	 -1.132728e+03 2.937063e+01 -2.390965e+01 
4.02882       	 -1.101591e+04 2.857215e+04 6.350770e+04 	 -9.883120e+03 2.854275e+04 6.353166e+04 	 -1.132791e+03 2.940450e+01 -2.395388e+01 
4.04332       	 -1.102176e+04 2.873811e+04 6.361105e+04 	 -9.888926e+03 2.870842e+04 6.363491e+04 	 -1.132830e+03 2.969504e+01 -2.385194e+01 
4.05574       	 -1.100677e+04 2.854848e+04 6.345918e+04 	 -9.873750e+03 2.851871e+04 6.348309e+04 	 -1.133022e+03 2.977016e+01 -2.390979e+01 
4.06963       	 -1.099774e+04 2.860689e+04 6.360392e+04 	 -9.864494e+03 2.857689e+04 6.362778e+04 	 -1.133245e+03 3.000137e+01 -2.385867e+01 
4.08416       	 -1.098096e+04 2.865465e+04 6.356298e+04 	 -9.847320e+03 2.862451e+04 6.358686e+04 	 -1.133643e+03 3.014301e+01 -2.388682e+01 
4.10052       	 -1.097754e+04 2.870071e+04 6.367563e+04 	 -9.843373e+03 2.867029e+04 6.369950e+04 	 -1.134168e+03 3.041436e+01 -2.386917e+01 
4.11749       	 -1.097494e+04 2.867841e+04 6.369054e+04 	 -9.840175e+03 2.864777e+04 6.371443e+04 	 -1.134769e+03 3.064644e+01 -2.388606e+01 
4.13446       	 -1.096774e+04 2.868286e+04 6.367858e+04 	 -9.832273e+03 2.865196e+04 6.370242e+04 	 -1.135469e+03 3.090523e+01 -2.384218e+01 
4.15143       	 -1.095775e+04 2.865069e+04 6.366119e+04 	 -9.821511e+03 2.861961e+04 6.368498e+04 	 -1.136235e+03 3.108070e+01 -2.379213e+01 
4.1684        	 -1.096616e+04 2.860327e+04 6.366414e+04 	 -9.828978e+03 2.857201e+04 6.368779e+04 	 -1.137183e+03 3.126414e+01 -2.365719e+01 
4.18573       	 -1.095957e+04 2.862727e+04 6.364600e+04 	 -9.821517e+03 2.859598e+04 6.366958e+04 	 -1.138056e+03 3.129119e+01 -2.358197e+01 
4.20269       	 -1.097587e+04 2.865538e+04 6.368714e+04 	 -9.836931e+03 2.862408e+04 6.371058e+04 	 -1.138938e+03 3.129991e+01 -2.343110e+01 
4.22003       	 -1.097309e+04 2.872011e+04 6.367531e+04 	 -9.833414e+03 2.868883e+04 6.369874e+04 	 -1.139672e+03 3.127042e+01 -2.343481e+01 
4.23736       	 -1.101938e+04 2.875609e+04 6.371799e+04 	 -9.879193e+03 2.872483e+04 6.374129e+04 	 -1.140185e+03 3.126746e+01 -2.329776e+01 
4.25028       	 -1.100536e+04 2.850297e+04 6.343247e+04 	 -9.864835e+03 2.847172e+04 6.345591e+04 	 -1.140524e+03 3.125314e+01 -2.344278e+01 
4.2647        	 -1.102774e+04 2.862967e+04 6.359483e+04 	 -9.887028e+03 2.859838e+04 6.361824e+04 	 -1.140711e+03 3.128127e+01 -2.341272e+01 
4.27832       	 -1.100665e+04 2.856919e+04 6.347923e+04 	 -9.865649e+03 2.853793e+04 6.350277e+04 	 -1.141001e+03 3.126285e+01 -2.354225e+01 
4.29367       	 -1.100392e+04 2.867356e+04 6.361421e+04 	 -9.862627e+03 2.864224e+04 6.363776e+04 	 -1.141291e+03 3.132390e+01 -2.354498e+01 
4.30937       	 -1.100209e+04 2.854438e+04 6.358077e+04 	 -9.860584e+03 2.851308e+04 6.360434e+04 	 -1.141504e+03 3.129341e+01 -2.357026e+01 
4.32708       	 -1.098587e+04 2.866512e+04 6.364237e+04 	 -9.844206e+03 2.863380e+04 6.366597e+04 	 -1.141665e+03 3.132048e+01 -2.359684e+01 
4.34631       	 -1.097752e+04 2.864807e+04 6.365935e+04 	 -9.835810e+03 2.861675e+04 6.368295e+04 	 -1.141712e+03 3.132000e+01 -2.359543e+01 
4.36307       	 -1.096458e+04 2.853046e+04 6.349502e+04 	 -9.822578e+03 2.849923e+04 6.351860e+04 	 -1.141999e+03 3.123214e+01 -2.358152e+01 
4.3818        	 -1.098922e+04 2.866718e+04 6.365214e+04 	 -9.846976e+03 2.863602e+04 6.367561e+04 	 -1.142247e+03 3.115222e+01 -2.347096e+01 
4.39765       	 -1.098631e+04 2.853084e+04 6.347461e+04 	 -9.843818e+03 2.849979e+04 6.349810e+04 	 -1.142492e+03 3.104797e+01 -2.349515e+01 
4.41537       	 -1.101079e+04 2.867203e+04 6.363713e+04 	 -9.868084e+03 2.864107e+04 6.366052e+04 	 -1.142706e+03 3.095710e+01 -2.339221e+01 
4.42963       	 -1.100341e+04 2.854885e+04 6.343463e+04 	 -9.860368e+03 2.851803e+04 6.345811e+04 	 -1.143045e+03 3.081815e+01 -2.347099e+01 
4.44547       	 -1.103109e+04 2.869180e+04 6.361058e+04 	 -9.887833e+03 2.866104e+04 6.363396e+04 	 -1.143252e+03 3.076214e+01 -2.337814e+01 
4.45933       	 -1.102070e+04 2.860534e+04 6.347522e+04 	 -9.877234e+03 2.857468e+04 6.349870e+04 	 -1.143463e+03 3.066031e+01 -2.348900e+01 
4.47478       	 -1.104550e+04 2.871289e+04 6.364900e+04 	 -9.901974e+03 2.868221e+04 6.367242e+04 	 -1.143524e+03 3.067964e+01 -2.342318e+01 
4.48759       	 -1.102462e+04 2.854464e+04 6.343714e+04 	 -9.880947e+03 2.851402e+04 6.346074e+04 	 -1.143678e+03 3.062234e+01 -2.359518e+01 
4.50182       	 -1.103154e+04 2.864738e+04 6.356648e+04 	 -9.887889e+03 2.861667e+04 6.359008e+04 	 -1.143651e+03 3.070530e+01 -2.360290e+01 
4.5146        	 -1.101391e+04 2.847009e+04 6.340806e+04 	 -9.870251e+03 2.843942e+04 6.343184e+04 	 -1.143657e+03 3.067424e+01 -2.378135e+01 
4.52888       	 -1.101713e+04 2.854383e+04 6.353458e+04 	 -9.873555e+03 2.851306e+04 6.355841e+04 	 -1.143575e+03 3.076939e+01 -2.383795e+01 
4.54234       	 -1.099976e+04 2.849228e+04 6.341275e+04 	 -9.856194e+03 2.846152e+04 6.343674e+04 	 -1.143569e+03 3.075693e+01 -2.399108e+01 
4.55759       	 -1.099971e+04 2.853493e+04 6.355887e+04 	 -9.856183e+03 2.850409e+04 6.358294e+04 	 -1.143528e+03 3.083721e+01 -2.406083e+01 
4.57339       	 -1.098922e+04 2.854467e+04 6.352870e+04 	 -9.845684e+03 2.851383e+04 6.355289e+04 	 -1.143541e+03 3.084354e+01 -2.418614e+01 
4.59117       	 -1.098570e+04 2.858407e+04 6.363641e+04 	 -9.842116e+03 2.855317e+04 6.366067e+04 	 -1.143581e+03 3.090594e+01 -2.426105e+01 
4.60975       	 -1.097946e+04 2.856679e+04 6.364583e+04 	 -9.835759e+03 2.853589e+04 6.367020e+04 	 -1.143702e+03 3.089543e+01 -2.437086e+01 
4.62672       	 -1.097863e+04 2.847394e+04 6.358443e+04 	 -9.834670e+03 2.844305e+04 6.360885e+04 	 -1.143962e+03 3.088308e+01 -2.441906e+01 
4.64449       	 -1.096775e+04 2.855109e+04 6.356650e+04 	 -9.823521e+03 2.852027e+04 6.359102e+04 	 -1.144233e+03 3.081679e+01 -2.451688e+01 
4.66227       	 -1.098092e+04 2.849560e+04 6.361501e+04 	 -9.836397e+03 2.846482e+04 6.363955e+04 	 -1.144527e+03 3.077936e+01 -2.454562e+01 
4.68103       	 -1.097682e+04 2.859433e+04 6.363985e+04 	 -9.831919e+03 2.856362e+04 6.366451e+04 	 -1.144904e+03 3.071712e+01 -2.465787e+01 
4.69782       	 -1.100674e+04 2.853723e+04 6.362037e+04 	 -9.861366e+03 2.850656e+04 6.364503e+04 	 -1.145371e+03 3.066884e+01 -2.465974e+01 
4.71372       	 -1.099987e+04 2.856733e+04 6.353915e+04 	 -9.854207e+03 2.853668e+04 6.356398e+04 	 -1.145661e+03 3.065289e+01 -2.482291e+01 
4.73162       	 -1.103358e+04 2.863619e+04 6.370308e+04 	 -9.887759e+03 2.860554e+04 6.372788e+04 	 -1.145819e+03 3.064397e+01 -2.480273e+01 
4.74503       	 -1.100260e+04 2.847285e+04 6.340760e+04 	 -9.856502e+03 2.844220e+04 6.343259e+04 	 -1.146096e+03 3.065284e+01 -2.499050e+01 
4.76003       	 -1.101942e+04 2.859965e+04 6.358080e+04 	 -9.873065e+03 2.856898e+04 6.360583e+04 	 -1.146360e+03 3.067680e+01 -2.502969e+01 
4.77603       	 -1.100439e+04 2.853677e+04 6.359248e+04 	 -9.857708e+03 2.850605e+04 6.361769e+04 	 -1.146682e+03 3.072171e+01 -2.520743e+01 
4.79326       	 -1.099071e+04 2.862260e+04 6.366109e+04 	 -9.843730e+03 2.859183e+04 6.368641e+04 	 -1.146985e+03 3.077322e+01 -2.531619e+01 
4.81205       	 -1.097699e+04 2.864228e+04 6.372723e+04 	 -9.829728e+03 2.861143e+04 6.375266e+04 	 -1.147257e+03 3.084454e+01 -2.542720e+01 
4.82914       	 -1.098223e+04 2.859275e+04 6.366069e+04 	 -9.834441e+03 2.856198e+04 6.368616e+04 	 -1.147787e+03 3.076893e+01 -2.546832e+01 
4.84812       	 -1.102716e+04 2.876812e+04 6.387070e+04 	 -9.878792e+03 2.873741e+04 6.389597e+04 	 -1.148373e+03 3.071300e+01 -2.527236e+01 
4.86193       	 -1.100998e+04 2.857581e+04 6.360626e+04 	 -9.861123e+03 2.854520e+04 6.363159e+04 	 -1.148853e+03 3.060551e+01 -2.532862e+01 
4.87727       	 -1.104932e+04 2.870816e+04 6.379350e+04 	 -9.900219e+03 2.867753e+04 6.381873e+04 	 -1.149104e+03 3.062620e+01 -2.522876e+01 
4.89091       	 -1.103597e+04 2.862730e+04 6.371437e+04 	 -9.886577e+03 2.859681e+04 6.373969e+04 	 -1.149391e+03 3.048771e+01 -2.531546e+01 
4.90454       	 -1.106486e+04 2.872930e+04 6.379900e+04 	 -9.915463e+03 2.869869e+04 6.382425e+04 	 -1.149397e+03 3.061801e+01 -2.525459e+01 
4.91818       	 -1.104778e+04 2.874354e+04 6.377794e+04 	 -9.898308e+03 2.871304e+04 6.380327e+04 	 -1.149467e+03 3.049614e+01 -2.532591e+01 
4.93182       	 -1.106856e+04 2.876434e+04 6.382597e+04 	 -9.919350e+03 2.873366e+04 6.385127e+04 	 -1.149207e+03 3.068055e+01 -2.530522e+01 
4.94545       	 -1.104554e+04 2.871147e+04 6.376817e+04 	 -9.896451e+03 2.868082e+04 6.379357e+04 	 -1.149090e+03 3.065909e+01 -2.540168e+01 
4.95909       	 -1.106404e+04 2.870088e+04 6.383671e+04 	 -9.915337e+03 2.867004e+04 6.386213e+04 	 -1.148704e+03 3.083856e+01 -2.542213e+01 
4.97273       	 -1.104083e+04 2.864989e+04 6.375893e+04 	 -9.892408e+03 2.861901e+04 6.378447e+04 	 -1.148421e+03 3.088845e+01 -2.553731e+01 
4.98636       	 -1.105003e+04 2.870932e+04 6.377390e+04 	 -9.901959e+03 2.867825e+04 6.379948e+04 	 -1.148076e+03 3.106783e+01 -2.557907e+01 
5             	 -1.102618e+04 2.855534e+04 6.372154e+04 	 -9.878286e+03 2.852418e+04 6.374727e+04 	 -1.147889e+03 3.115651e+01 -2.572187e+01 
5.01471       	 -1.102132e+04 2.862870e+04 6.382355e+04 	 -9.873666e+03 2.859738e+04 6.384933e+04 	 -1.147649e+03 3.132815e+01 -2.577706e+01 
5.02767       	 -1.101055e+04 2.852090e+04 6.364788e+04 	 -9.863026e+03 2.848950e+04 6.367379e+04 	 -1.147529e+03 3.139774e+01 -2.591200e+01 
5.04218       	 -1.100587e+04 2.858588e+04 6.376979e+04 	 -9.858432e+03 2.855436e+04 6.379578e+04 	 -1.147443e+03 3.151904e+01 -2.598672e+01 
5.05842       	 -1.100018e+04 2.854808e+04 6.380368e+04 	 -9.852708e+03 2.851648e+04 6.382976e+04 	 -1.147476e+03 3.159242e+01 -2.607700e+01 
5.07438       	 -1.098685e+04 2.855184e+04 6.378545e+04 	 -9.839392e+03 2.852015e+04 6.381158e+04 	 -1.147459e+03 3.169174e+01 -2.613153e+01 
5.09218       	 -1.098707e+04 2.859005e+04 6.389401e+04 	 -9.839664e+03 2.855828e+04 6.392019e+04 	 -1.147404e+03 3.177007e+01 -2.617817e+01 
5.11033       	 -1.097872e+04 2.858595e+04 6.387484e+04 	 -9.831293e+03 2.855410e+04 6.390102e+04 	 -1.147425e+03 3.184973e+01 -2.618468e+01 
5.12926       	 -1.096033e+04 2.863708e+04 6.387191e+04 	 -9.813107e+03 2.860520e+04 6.389810e+04 	 -1.147225e+03 3.187544e+01 -2.618597e+01 
5.14668       	 -1.096669e+04 2.847582e+04 6.383210e+04 	 -9.819506e+03 2.844396e+04 6.385822e+04 	 -1.147187e+03 3.185702e+01 -2.612599e+01 
5.16564       	 -1.096067e+04 2.856340e+04 6.386554e+04 	 -9.813712e+03 2.853156e+04 6.389167e+04 	 -1.146955e+03 3.183992e+01 -2.612689e+01 
5.1846        	 -1.097265e+04 2.853665e+04 6.388745e+04 	 -9.825917e+03 2.850484e+04 6.391350e+04 	 -1.146736e+03 3.180264e+01 -2.605802e+01 
5.20356       	 -1.095730e+04 2.864177e+04 6.388048e+04 	 -9.810699e+03 2.860997e+04 6.390652e+04 	 -1.146598e+03 3.179491e+01 -2.603919e+01 
5.22253       	 -1.097932e+04 2.861835e+04 6.393226e+04 	 -9.832919e+03 2.858662e+04 6.395820e+04 	 -1.146399e+03 3.172872e+01 -2.593738e+01 
5.24104       	 -1.098596e+04 2.860567e+04 6.392964e+04 	 -9.839794e+03 2.857393e+04 6.395559e+04 	 -1.146165e+03 3.174670e+01 -2.594497e+01 
5.25869       	 -1.098063e+04 2.856275e+04 6.390417e+04 	 -9.834475e+03 2.853108e+04 6.393011e+04 	 -1.146160e+03 3.167548e+01 -2.593348e+01 
5.2777        	 -1.097168e+04 2.864070e+04 6.396513e+04 	 -9.825443e+03 2.860899e+04 6.399100e+04 	 -1.146241e+03 3.170719e+01 -2.587668e+01 
5.29575       	 -1.097143e+04 2.863049e+04 6.393350e+04 	 -9.825054e+03 2.859891e+04 6.395932e+04 	 -1.146380e+03 3.158325e+01 -2.582379e+01 
5.31429       	 -1.100843e+04 2.875057e+04 6.403310e+04 	 -9.861744e+03 2.871904e+04 6.405874e+04 	 -1.146689e+03 3.152956e+01 -2.563985e+01 
5.32919       	 -1.100056e+04 2.861323e+04 6.386812e+04 	 -9.853732e+03 2.858171e+04 6.389383e+04 	 -1.146826e+03 3.151867e+01 -2.571395e+01 
5.34596       	 -1.102625e+04 2.871484e+04 6.403428e+04 	 -9.879329e+03 2.868326e+04 6.405993e+04 	 -1.146924e+03 3.158070e+01 -2.565013e+01 
5.36018       	 -1.101688e+04 2.861465e+04 6.388397e+04 	 -9.869823e+03 2.858313e+04 6.390975e+04 	 -1.147053e+03 3.151963e+01 -2.577134e+01 
5.37618       	 -1.103238e+04 2.879024e+04 6.402042e+04 	 -9.885236e+03 2.875863e+04 6.404615e+04 	 -1.147145e+03 3.160442e+01 -2.573010e+01 
5.39139       	 -1.101942e+04 2.868180e+04 6.394565e+04 	 -9.872016e+03 2.865023e+04 6.397148e+04 	 -1.147401e+03 3.156753e+01 -2.582634e+01 
5.4083        	 -1.101280e+04 2.878539e+04 6.405129e+04 	 -9.865236e+03 2.875371e+04 6.407710e+04 	 -1.147564e+03 3.167740e+01 -2.580295e+01 
5.4252        	 -1.100290e+04 2.870527e+04 6.400700e+04 	 -9.855153e+03 2.867363e+04 6.403284e+04 	 -1.147747e+03 3.163663e+01 -2.584435e+01 
5.44211       	 -1.101769e+04 2.873269e+04 6.405106e+04 	 -9.869812e+03 2.870098e+04 6.407685e+04 	 -1.147880e+03 3.171572e+01 -2.579641e+01 
5.45642       	 -1.100686e+04 2.861383e+04 6.393506e+04 	 -9.858874e+03 2.858212e+04 6.396097e+04 	 -1.147987e+03 3.170214e+01 -2.591096e+01 
5.4724        	 -1.101764e+04 2.870237e+04 6.404067e+04 	 -9.869566e+03 2.867057e+04 6.406653e+04 	 -1.148073e+03 3.180122e+01 -2.586346e+01 
5.48593       	 -1.100030e+04 2.858361e+04 6.392380e+04 	 -9.852211e+03 2.855178e+04 6.394983e+04 	 -1.148090e+03 3.182816e+01 -2.602997e+01 
5.50105       	 -1.100494e+04 2.863519e+04 6.399642e+04 	 -9.856877e+03 2.860326e+04 6.402246e+04 	 -1.148065e+03 3.192879e+01 -2.603259e+01 
5.51573       	 -1.098838e+04 2.858288e+04 6.391488e+04 	 -9.840421e+03 2.855091e+04 6.394108e+04 	 -1.147959e+03 3.196411e+01 -2.619426e+01 
5.53187       	 -1.098142e+04 2.859094e+04 6.399367e+04 	 -9.833571e+03 2.855891e+04 6.401992e+04 	 -1.147850e+03 3.203889e+01 -2.624973e+01 
5.54921       	 -1.097034e+04 2.859069e+04 6.401058e+04 	 -9.822546e+03 2.855863e+04 6.403695e+04 	 -1.147791e+03 3.206189e+01 -2.637276e+01 
5.56654       	 -1.096160e+04 2.858304e+04 6.395856e+04 	 -9.813808e+03 2.855104e+04 6.398500e+04 	 -1.147797e+03 3.200493e+01 -2.643905e+01 
5.58539       	 -1.096312e+04 2.866619e+04 6.403679e+04 	 -9.815225e+03 2.863427e+04 6.406322e+04 	 -1.147893e+03 3.192330e+01 -2.643754e+01 
5.60424       	 -1.097503e+04 2.869522e+04 6.410344e+04 	 -9.827128e+03 2.866347e+04 6.412988e+04 	 -1.147903e+03 3.174393e+01 -2.644436e+01 
5.62308       	 -1.100391e+04 2.878257e+04 6.417651e+04 	 -9.856097e+03 2.875099e+04 6.420278e+04 	 -1.147814e+03 3.157783e+01 -2.626083e+01 
5.63816       	 -1.100544e+04 2.866485e+04 6.402646e+04 	 -9.857674e+03 2.863337e+04 6.405283e+04 	 -1.147763e+03 3.148340e+01 -2.636508e+01 
5.65461       	 -1.102932e+04 2.875438e+04 6.415280e+04 	 -9.881585e+03 2.872297e+04 6.417901e+04 	 -1.147735e+03 3.141633e+01 -2.621073e+01 
5.669         	 -1.101529e+04 2.870941e+04 6.409331e+04 	 -9.867629e+03 2.867813e+04 6.411959e+04 	 -1.147657e+03 3.128402e+01 -2.627538e+01 
5.68476       	 -1.102889e+04 2.878141e+04 6.416005e+04 	 -9.881290e+03 2.875016e+04 6.418620e+04 	 -1.147595e+03 3.124636e+01 -2.615370e+01 
5.70052       	 -1.102543e+04 2.875146e+04 6.416496e+04 	 -9.877857e+03 2.872039e+04 6.419116e+04 	 -1.147568e+03 3.106823e+01 -2.619990e+01 
5.71716       	 -1.102399e+04 2.875288e+04 6.424477e+04 	 -9.876473e+03 2.872189e+04 6.427084e+04 	 -1.147520e+03 3.098895e+01 -2.607560e+01 
5.73063       	 -1.101775e+04 2.869388e+04 6.409417e+04 	 -9.870215e+03 2.866311e+04 6.412036e+04 	 -1.147532e+03 3.076786e+01 -2.618499e+01 
5.74559       	 -1.102672e+04 2.876106e+04 6.419175e+04 	 -9.879293e+03 2.873041e+04 6.421784e+04 	 -1.147424e+03 3.064793e+01 -2.608826e+01 
5.75898       	 -1.102264e+04 2.866403e+04 6.410896e+04 	 -9.875324e+03 2.863361e+04 6.413519e+04 	 -1.147314e+03 3.042093e+01 -2.622738e+01 
5.77316       	 -1.103610e+04 2.872265e+04 6.420712e+04 	 -9.889164e+03 2.869235e+04 6.423328e+04 	 -1.146938e+03 3.030107e+01 -2.615730e+01 
5.7845        	 -1.100996e+04 2.858797e+04 6.404638e+04 	 -9.863408e+03 2.855789e+04 6.407271e+04 	 -1.146553e+03 3.007248e+01 -2.632764e+01 
5.79718       	 -1.101828e+04 2.867409e+04 6.415349e+04 	 -9.872209e+03 2.864409e+04 6.417980e+04 	 -1.146075e+03 3.000437e+01 -2.631083e+01 
5.80986       	 -1.100323e+04 2.857778e+04 6.411324e+04 	 -9.857577e+03 2.854799e+04 6.413968e+04 	 -1.145656e+03 2.978513e+01 -2.643733e+01 
5.82448       	 -1.100425e+04 2.869972e+04 6.426332e+04 	 -9.859017e+03 2.866999e+04 6.428972e+04 	 -1.145235e+03 2.972755e+01 -2.639779e+01 
5.83702       	 -1.099204e+04 2.862704e+04 6.409463e+04 	 -9.847107e+03 2.859749e+04 6.412111e+04 	 -1.144933e+03 2.954513e+01 -2.648322e+01 
5.8506        	 -1.100812e+04 2.870117e+04 6.423684e+04 	 -9.863574e+03 2.867164e+04 6.426328e+04 	 -1.144545e+03 2.952771e+01 -2.644412e+01 
5.86305       	 -1.099531e+04 2.862488e+04 6.411812e+04 	 -9.851021e+03 2.859545e+04 6.414465e+04 	 -1.144292e+03 2.943491e+01 -2.652890e+01 
5.87675       	 -1.100485e+04 2.869132e+04 6.423981e+04 	 -9.860873e+03 2.866187e+04 6.426633e+04 	 -1.143973e+03 2.945469e+01 -2.651583e+01 
5.88907       	 -1.098760e+04 2.860570e+04 6.409388e+04 	 -9.843807e+03 2.857629e+04 6.412047e+04 	 -1.143790e+03 2.941240e+01 -2.659666e+01 
5.90294       	 -1.099923e+04 2.871018e+04 6.419878e+04 	 -9.855670e+03 2.868075e+04 6.422537e+04 	 -1.143563e+03 2.942694e+01 -2.659067e+01 
5.9168        	 -1.098417e+04 2.855319e+04 6.414868e+04 	 -9.840787e+03 2.852378e+04 6.417530e+04 	 -1.143386e+03 2.940886e+01 -2.662405e+01 
5.93344       	 -1.098734e+04 2.871719e+04 6.422027e+04 	 -9.844126e+03 2.868775e+04 6.424684e+04 	 -1.143216e+03 2.944029e+01 -2.657065e+01 
5.95008       	 -1.097714e+04 2.867421e+04 6.416097e+04 	 -9.834123e+03 2.864474e+04 6.418753e+04 	 -1.143021e+03 2.946821e+01 -2.655612e+01 
5.96672       	 -1.097896e+04 2.866174e+04 6.417731e+04 	 -9.836093e+03 2.863223e+04 6.420386e+04 	 -1.142865e+03 2.950333e+01 -2.654989e+01 
5.98336       	 -1.097191e+04 2.865145e+04 6.410519e+04 	 -9.829197e+03 2.862189e+04 6.413175e+04 	 -1.142715e+03 2.955683e+01 -2.655960e+01 
6             	 -1.097586e+04 2.865371e+04 6.411681e+04 	 -9.833273e+03 2.862412e+04 6.414332e+04 	 -1.142591e+03 2.959235e+01 -2.651979e+01 
