0.0015499     	 -1.168489e+05 8.736376e+04 1.410845e+05 	 -1.167471e+05 8.736428e+04 1.410853e+05 	 -1.017908e+02 -5.172005e-01 -7.681781e-01 
0.00197972    	 -8.600871e+04 7.529557e+04 1.242105e+05 	 -8.590745e+04 7.529618e+04 1.242113e+05 	 -1.012674e+02 -6.053333e-01 -7.887943e-01 
0.00249549    	 -6.491628e+04 6.684731e+04 1.127264e+05 	 -6.481554e+04 6.684801e+04 1.127272e+05 	 -1.007439e+02 -7.010986e-01 -7.983288e-01 
0.00311429    	 -5.106636e+04 6.045702e+04 1.048259e+05 	 -5.096615e+04 6.045783e+04 1.048267e+05 	 -1.002190e+02 -8.058766e-01 -7.973557e-01 
0.00385657    	 -4.291439e+04 5.540098e+04 9.910472e+04 	 -4.281470e+04 5.540190e+04 9.910551e+04 	 -9.968886e+01 -9.209945e-01 -7.858580e-01 
0.00474757    	 -3.691989e+04 5.138258e+04 9.499873e+04 	 -3.682073e+04 5.138362e+04 9.499949e+04 	 -9.916000e+01 -1.048243e+00 -7.682872e-01 
0.00581659    	 -3.273080e+04 4.808923e+04 9.187856e+04 	 -3.263216e+04 4.809042e+04 9.187931e+04 	 -9.863683e+01 -1.188282e+00 -7.465545e-01 
0.00709941    	 -3.040084e+04 4.549341e+04 8.937845e+04 	 -3.030272e+04 4.549474e+04 8.937917e+04 	 -9.812364e+01 -1.339077e+00 -7.233634e-01 
0.00863879    	 -2.835345e+04 4.330276e+04 8.762843e+04 	 -2.825582e+04 4.330426e+04 8.762912e+04 	 -9.762625e+01 -1.496944e+00 -6.948151e-01 
0.0104849     	 -2.693997e+04 4.161318e+04 8.646845e+04 	 -2.684281e+04 4.161484e+04 8.646911e+04 	 -9.715913e+01 -1.659067e+00 -6.581623e-01 
0.0126986     	 -2.595426e+04 4.031503e+04 8.570341e+04 	 -2.585752e+04 4.031685e+04 8.570402e+04 	 -9.674093e+01 -1.822565e+00 -6.133682e-01 
0.0153526     	 -2.471334e+04 3.936671e+04 8.553708e+04 	 -2.461695e+04 3.936869e+04 8.553764e+04 	 -9.639636e+01 -1.985544e+00 -5.552833e-01 
0.0185392     	 -2.375744e+04 3.869495e+04 8.568697e+04 	 -2.366129e+04 3.869710e+04 8.568745e+04 	 -9.615302e+01 -2.149330e+00 -4.753009e-01 
0.0223581     	 -2.265928e+04 3.819869e+04 8.608924e+04 	 -2.256323e+04 3.820100e+04 8.608961e+04 	 -9.604178e+01 -2.312724e+00 -3.686458e-01 
0.026948      	 -2.162037e+04 3.764912e+04 8.665344e+04 	 -2.152426e+04 3.765160e+04 8.665367e+04 	 -9.611140e+01 -2.478963e+00 -2.243073e-01 
0.0324454     	 -2.023634e+04 3.704807e+04 8.761750e+04 	 -2.014000e+04 3.705069e+04 8.761762e+04 	 -9.633666e+01 -2.615296e+00 -1.240361e-01 
0.0390274     	 -1.861035e+04 3.597851e+04 8.866933e+04 	 -1.851360e+04 3.598122e+04 8.866942e+04 	 -9.675534e+01 -2.709918e+00 -9.295721e-02 
0.0469043     	 -1.707921e+04 3.523071e+04 8.961563e+04 	 -1.698172e+04 3.523348e+04 8.961576e+04 	 -9.748467e+01 -2.772005e+00 -1.250317e-01 
0.0561576     	 -1.571930e+04 3.428470e+04 9.043864e+04 	 -1.562072e+04 3.428750e+04 9.043888e+04 	 -9.858090e+01 -2.802546e+00 -2.351049e-01 
0.0665295     	 -1.493715e+04 3.318921e+04 9.065794e+04 	 -1.483703e+04 3.319203e+04 9.065832e+04 	 -1.001239e+02 -2.818678e+00 -3.807856e-01 
0.0781979     	 -1.475043e+04 3.178184e+04 9.015286e+04 	 -1.464820e+04 3.178466e+04 9.015344e+04 	 -1.022280e+02 -2.821823e+00 -5.755662e-01 
0.091181      	 -1.501157e+04 2.996748e+04 8.877860e+04 	 -1.490640e+04 2.997029e+04 8.877944e+04 	 -1.051730e+02 -2.814453e+00 -8.394007e-01 
0.105607      	 -1.550132e+04 2.815509e+04 8.725822e+04 	 -1.539182e+04 2.815789e+04 8.725941e+04 	 -1.095007e+02 -2.804935e+00 -1.197217e+00 
0.118956      	 -1.579436e+04 2.686328e+04 8.624551e+04 	 -1.567947e+04 2.686608e+04 8.624713e+04 	 -1.148864e+02 -2.797450e+00 -1.615885e+00 
0.133889      	 -1.588329e+04 2.585859e+04 8.595762e+04 	 -1.576098e+04 2.586139e+04 8.595976e+04 	 -1.223126e+02 -2.794075e+00 -2.138365e+00 
0.147858      	 -1.586378e+04 2.509860e+04 8.625265e+04 	 -1.573317e+04 2.510143e+04 8.625533e+04 	 -1.306117e+02 -2.832851e+00 -2.672751e+00 
0.163352      	 -1.579280e+04 2.458120e+04 8.631472e+04 	 -1.565204e+04 2.458419e+04 8.631795e+04 	 -1.407665e+02 -2.983200e+00 -3.228624e+00 
0.180085      	 -1.581769e+04 2.397020e+04 8.641100e+04 	 -1.566506e+04 2.397339e+04 8.641479e+04 	 -1.526346e+02 -3.193179e+00 -3.794302e+00 
0.196818      	 -1.576743e+04 2.328217e+04 8.629651e+04 	 -1.560188e+04 2.328555e+04 8.630084e+04 	 -1.655532e+02 -3.378687e+00 -4.326603e+00 
0.209567      	 -1.583652e+04 2.333378e+04 8.627870e+04 	 -1.565999e+04 2.333729e+04 8.628343e+04 	 -1.765361e+02 -3.511676e+00 -4.736385e+00 
0.223938      	 -1.602121e+04 2.275303e+04 8.608764e+04 	 -1.583174e+04 2.275663e+04 8.609271e+04 	 -1.894703e+02 -3.600775e+00 -5.062373e+00 
0.239776      	 -1.596785e+04 2.236169e+04 8.555467e+04 	 -1.576303e+04 2.236517e+04 8.556010e+04 	 -2.048197e+02 -3.478218e+00 -5.426435e+00 
0.255291      	 -1.605295e+04 2.231387e+04 8.523921e+04 	 -1.583145e+04 2.231727e+04 8.524496e+04 	 -2.214966e+02 -3.395323e+00 -5.746210e+00 
0.268589      	 -1.605625e+04 2.202689e+04 8.485925e+04 	 -1.581848e+04 2.203017e+04 8.486522e+04 	 -2.377749e+02 -3.283520e+00 -5.975313e+00 
0.283516      	 -1.624591e+04 2.210881e+04 8.471851e+04 	 -1.598758e+04 2.211192e+04 8.472479e+04 	 -2.583288e+02 -3.108106e+00 -6.281017e+00 
0.297846      	 -1.621887e+04 2.180555e+04 8.422322e+04 	 -1.593863e+04 2.180840e+04 8.422990e+04 	 -2.802363e+02 -2.854719e+00 -6.681147e+00 
0.313449      	 -1.635349e+04 2.181063e+04 8.374133e+04 	 -1.604702e+04 2.181315e+04 8.374848e+04 	 -3.064732e+02 -2.514533e+00 -7.147891e+00 
0.326652      	 -1.646877e+04 2.173650e+04 8.331490e+04 	 -1.613743e+04 2.173881e+04 8.332261e+04 	 -3.313449e+02 -2.318058e+00 -7.705025e+00 
0.338465      	 -1.654376e+04 2.182823e+04 8.278968e+04 	 -1.618786e+04 2.183018e+04 8.279761e+04 	 -3.559004e+02 -1.952293e+00 -7.928131e+00 
0.349135      	 -1.666060e+04 2.163400e+04 8.271765e+04 	 -1.628058e+04 2.163580e+04 8.272605e+04 	 -3.800228e+02 -1.805153e+00 -8.391775e+00 
0.360969      	 -1.674688e+04 2.152652e+04 8.249412e+04 	 -1.633876e+04 2.152792e+04 8.250295e+04 	 -4.081278e+02 -1.398826e+00 -8.823450e+00 
0.371987      	 -1.684230e+04 2.141313e+04 8.223217e+04 	 -1.640582e+04 2.141430e+04 8.224135e+04 	 -4.364837e+02 -1.172566e+00 -9.184814e+00 
0.383836      	 -1.691151e+04 2.102614e+04 8.222147e+04 	 -1.644216e+04 2.102696e+04 8.223123e+04 	 -4.693582e+02 -8.221836e-01 -9.756167e+00 
0.394106      	 -1.696950e+04 2.086624e+04 8.196107e+04 	 -1.646976e+04 2.086663e+04 8.197140e+04 	 -4.997387e+02 -3.871985e-01 -1.033532e+01 
0.404204      	 -1.703234e+04 2.070043e+04 8.183091e+04 	 -1.650096e+04 2.070054e+04 8.184197e+04 	 -5.313829e+02 -1.173349e-01 -1.106744e+01 
0.415036      	 -1.713206e+04 2.050356e+04 8.174958e+04 	 -1.656502e+04 2.050316e+04 8.176151e+04 	 -5.670425e+02 3.944474e-01 -1.193252e+01 
0.424471      	 -1.722634e+04 2.051716e+04 8.169326e+04 	 -1.662648e+04 2.051622e+04 8.170578e+04 	 -5.998571e+02 9.468137e-01 -1.252108e+01 
0.434749      	 -1.735276e+04 2.037264e+04 8.145243e+04 	 -1.671647e+04 2.037099e+04 8.146564e+04 	 -6.362903e+02 1.654315e+00 -1.320430e+01 
0.444329      	 -1.743297e+04 2.036477e+04 8.136185e+04 	 -1.676152e+04 2.036251e+04 8.137562e+04 	 -6.714494e+02 2.265143e+00 -1.376865e+01 
0.454252      	 -1.759150e+04 2.002589e+04 8.136593e+04 	 -1.688304e+04 2.002232e+04 8.137996e+04 	 -7.084552e+02 3.572551e+00 -1.402622e+01 
0.463348      	 -1.762754e+04 1.999885e+04 8.129268e+04 	 -1.688440e+04 1.999459e+04 8.130762e+04 	 -7.431435e+02 4.257124e+00 -1.494421e+01 
0.473473      	 -1.775347e+04 1.981819e+04 8.137453e+04 	 -1.697189e+04 1.981240e+04 8.139017e+04 	 -7.815750e+02 5.788181e+00 -1.564359e+01 
0.481216      	 -1.782228e+04 2.001181e+04 8.126551e+04 	 -1.701082e+04 2.000510e+04 8.128207e+04 	 -8.114635e+02 6.705271e+00 -1.655894e+01 
0.489863      	 -1.789766e+04 1.981336e+04 8.134377e+04 	 -1.705271e+04 1.980510e+04 8.136097e+04 	 -8.449558e+02 8.260623e+00 -1.720247e+01 
0.497833      	 -1.804128e+04 2.002286e+04 8.136659e+04 	 -1.716520e+04 2.001345e+04 8.138493e+04 	 -8.760798e+02 9.414575e+00 -1.833992e+01 
0.505442      	 -1.810681e+04 2.006305e+04 8.116406e+04 	 -1.720003e+04 2.005223e+04 8.118307e+04 	 -9.067800e+02 1.081779e+01 -1.901584e+01 
0.511401      	 -1.826455e+04 2.057662e+04 8.121302e+04 	 -1.733346e+04 2.056560e+04 8.123291e+04 	 -9.310918e+02 1.102455e+01 -1.988626e+01 
0.517287      	 -1.841984e+04 2.103638e+04 8.121149e+04 	 -1.746444e+04 2.102456e+04 8.123199e+04 	 -9.553981e+02 1.181194e+01 -2.049983e+01 
0.52202       	 -1.834104e+04 2.033798e+04 8.094560e+04 	 -1.736714e+04 2.032569e+04 8.096760e+04 	 -9.738989e+02 1.229025e+01 -2.199366e+01 
0.526947      	 -1.834956e+04 2.098052e+04 8.090637e+04 	 -1.735678e+04 2.096678e+04 8.093006e+04 	 -9.927839e+02 1.374288e+01 -2.369139e+01 
0.532716      	 -1.839193e+04 2.167716e+04 8.106776e+04 	 -1.737780e+04 2.166243e+04 8.109073e+04 	 -1.014129e+03 1.473135e+01 -2.297660e+01 
0.539206      	 -1.854527e+04 2.190945e+04 8.123321e+04 	 -1.750759e+04 2.189303e+04 8.125735e+04 	 -1.037684e+03 1.641728e+01 -2.414273e+01 
0.54535       	 -1.862198e+04 2.223837e+04 8.116621e+04 	 -1.756266e+04 2.222022e+04 8.119239e+04 	 -1.059314e+03 1.815409e+01 -2.618580e+01 
0.552036      	 -1.870801e+04 2.242355e+04 8.122016e+04 	 -1.762458e+04 2.240342e+04 8.124688e+04 	 -1.083434e+03 2.013284e+01 -2.671579e+01 
0.556906      	 -1.866296e+04 2.220444e+04 8.103226e+04 	 -1.756167e+04 2.218331e+04 8.105979e+04 	 -1.101296e+03 2.113294e+01 -2.752891e+01 
0.562444      	 -1.871117e+04 2.221377e+04 8.091060e+04 	 -1.758954e+04 2.219127e+04 8.093935e+04 	 -1.121625e+03 2.249868e+01 -2.874690e+01 
0.568607      	 -1.875268e+04 2.226793e+04 8.093498e+04 	 -1.760878e+04 2.224374e+04 8.096491e+04 	 -1.143903e+03 2.419341e+01 -2.993569e+01 
0.575454      	 -1.874827e+04 2.234166e+04 8.097260e+04 	 -1.758000e+04 2.231583e+04 8.100389e+04 	 -1.168271e+03 2.582621e+01 -3.128978e+01 
0.583174      	 -1.875638e+04 2.263326e+04 8.106490e+04 	 -1.756170e+04 2.260577e+04 8.109767e+04 	 -1.194685e+03 2.749022e+01 -3.276187e+01 
0.591857      	 -1.877442e+04 2.288865e+04 8.125139e+04 	 -1.755141e+04 2.285926e+04 8.128585e+04 	 -1.223008e+03 2.938670e+01 -3.446186e+01 
0.601575      	 -1.878555e+04 2.306544e+04 8.148054e+04 	 -1.753261e+04 2.303357e+04 8.151668e+04 	 -1.252934e+03 3.186887e+01 -3.614457e+01 
0.612642      	 -1.880720e+04 2.313556e+04 8.160454e+04 	 -1.752143e+04 2.310087e+04 8.164253e+04 	 -1.285765e+03 3.468430e+01 -3.799293e+01 
0.625138      	 -1.883101e+04 2.339396e+04 8.178569e+04 	 -1.750965e+04 2.335627e+04 8.182565e+04 	 -1.321364e+03 3.768502e+01 -3.995554e+01 
0.639022      	 -1.889311e+04 2.344524e+04 8.191357e+04 	 -1.753259e+04 2.340449e+04 8.195575e+04 	 -1.360525e+03 4.074301e+01 -4.217761e+01 
0.653461      	 -1.893373e+04 2.351747e+04 8.186108e+04 	 -1.753354e+04 2.347404e+04 8.190526e+04 	 -1.400194e+03 4.342936e+01 -4.417602e+01 
0.669963      	 -1.894095e+04 2.357659e+04 8.163703e+04 	 -1.749766e+04 2.353080e+04 8.168257e+04 	 -1.443285e+03 4.579523e+01 -4.554008e+01 
0.686464      	 -1.903201e+04 2.372725e+04 8.128975e+04 	 -1.754614e+04 2.367952e+04 8.133624e+04 	 -1.485875e+03 4.773281e+01 -4.648998e+01 
0.702966      	 -1.905472e+04 2.382916e+04 8.070630e+04 	 -1.752696e+04 2.377981e+04 8.075338e+04 	 -1.527764e+03 4.935314e+01 -4.708358e+01 
0.714848      	 -1.922200e+04 2.415903e+04 8.023384e+04 	 -1.766257e+04 2.410865e+04 8.028146e+04 	 -1.559436e+03 5.038209e+01 -4.761439e+01 
0.726254      	 -1.923849e+04 2.398676e+04 7.979545e+04 	 -1.764857e+04 2.393545e+04 7.984358e+04 	 -1.589917e+03 5.130645e+01 -4.813081e+01 
0.73603       	 -1.930174e+04 2.393280e+04 7.930671e+04 	 -1.768546e+04 2.388082e+04 7.935555e+04 	 -1.616276e+03 5.198550e+01 -4.884315e+01 
0.747029      	 -1.934691e+04 2.366671e+04 7.879198e+04 	 -1.770254e+04 2.361390e+04 7.884153e+04 	 -1.644362e+03 5.280776e+01 -4.955940e+01 
0.758028      	 -1.938390e+04 2.353083e+04 7.824141e+04 	 -1.771277e+04 2.347739e+04 7.829171e+04 	 -1.671124e+03 5.343487e+01 -5.030091e+01 
0.767707      	 -1.943172e+04 2.358743e+04 7.761225e+04 	 -1.773766e+04 2.353355e+04 7.766323e+04 	 -1.694056e+03 5.387505e+01 -5.097229e+01 
0.777386      	 -1.945614e+04 2.343578e+04 7.702817e+04 	 -1.774060e+04 2.338168e+04 7.707985e+04 	 -1.715538e+03 5.410451e+01 -5.168179e+01 
0.787065      	 -1.945342e+04 2.337095e+04 7.644715e+04 	 -1.771760e+04 2.331668e+04 7.649945e+04 	 -1.735829e+03 5.426414e+01 -5.230542e+01 
0.796743      	 -1.948302e+04 2.313400e+04 7.586517e+04 	 -1.772799e+04 2.307974e+04 7.591803e+04 	 -1.755030e+03 5.426035e+01 -5.285214e+01 
0.806422      	 -1.950586e+04 2.293143e+04 7.531422e+04 	 -1.773201e+04 2.287727e+04 7.536753e+04 	 -1.773845e+03 5.416469e+01 -5.331581e+01 
0.816611      	 -1.952654e+04 2.265672e+04 7.475409e+04 	 -1.773383e+04 2.260261e+04 7.480767e+04 	 -1.792714e+03 5.410837e+01 -5.358356e+01 
0.826799      	 -1.953366e+04 2.245530e+04 7.404445e+04 	 -1.772274e+04 2.240153e+04 7.409840e+04 	 -1.810919e+03 5.377542e+01 -5.395295e+01 
0.836987      	 -1.957854e+04 2.216019e+04 7.348496e+04 	 -1.774994e+04 2.210642e+04 7.353894e+04 	 -1.828604e+03 5.376641e+01 -5.398753e+01 
0.847176      	 -1.956672e+04 2.191771e+04 7.286890e+04 	 -1.772086e+04 2.186452e+04 7.292331e+04 	 -1.845858e+03 5.319015e+01 -5.441810e+01 
0.857364      	 -1.959242e+04 2.173872e+04 7.234816e+04 	 -1.772995e+04 2.168565e+04 7.240247e+04 	 -1.862473e+03 5.307160e+01 -5.431455e+01 
0.867552      	 -1.958122e+04 2.153584e+04 7.179622e+04 	 -1.770339e+04 2.148334e+04 7.185074e+04 	 -1.877833e+03 5.249918e+01 -5.452063e+01 
0.87774       	 -1.961692e+04 2.109226e+04 7.122542e+04 	 -1.772469e+04 2.103989e+04 7.127969e+04 	 -1.892229e+03 5.236443e+01 -5.426149e+01 
0.887929      	 -1.961543e+04 2.089270e+04 7.062277e+04 	 -1.771016e+04 2.084086e+04 7.067699e+04 	 -1.905268e+03 5.184039e+01 -5.421643e+01 
0.898117      	 -1.962038e+04 2.048560e+04 7.001924e+04 	 -1.770269e+04 2.043402e+04 7.007293e+04 	 -1.917688e+03 5.157995e+01 -5.368652e+01 
0.908305      	 -1.961961e+04 2.033766e+04 6.955379e+04 	 -1.769008e+04 2.028663e+04 6.960707e+04 	 -1.929533e+03 5.102922e+01 -5.328275e+01 
0.918494      	 -1.961915e+04 2.013443e+04 6.915470e+04 	 -1.767861e+04 2.008376e+04 6.920721e+04 	 -1.940549e+03 5.066937e+01 -5.251406e+01 
0.928682      	 -1.961918e+04 2.016960e+04 6.885877e+04 	 -1.766830e+04 2.011955e+04 6.891061e+04 	 -1.950885e+03 5.005421e+01 -5.184037e+01 
0.93887       	 -1.960131e+04 2.026948e+04 6.861994e+04 	 -1.764067e+04 2.021976e+04 6.867083e+04 	 -1.960647e+03 4.971737e+01 -5.089713e+01 
0.949059      	 -1.958947e+04 2.036754e+04 6.840995e+04 	 -1.761977e+04 2.031843e+04 6.846004e+04 	 -1.969703e+03 4.910469e+01 -5.009276e+01 
0.959247      	 -1.960615e+04 2.039582e+04 6.825243e+04 	 -1.762754e+04 2.034679e+04 6.830145e+04 	 -1.978608e+03 4.902181e+01 -4.901820e+01 
0.969435      	 -1.957152e+04 2.051251e+04 6.793860e+04 	 -1.758474e+04 2.046396e+04 6.798683e+04 	 -1.986783e+03 4.854731e+01 -4.822685e+01 
0.979623      	 -1.958950e+04 2.053671e+04 6.773382e+04 	 -1.759524e+04 2.048823e+04 6.778080e+04 	 -1.994260e+03 4.848151e+01 -4.698450e+01 
0.989812      	 -1.956467e+04 2.073337e+04 6.759231e+04 	 -1.756399e+04 2.068531e+04 6.763825e+04 	 -2.000681e+03 4.805523e+01 -4.593363e+01 
1             	 -1.959028e+04 2.072829e+04 6.751422e+04 	 -1.758355e+04 2.068014e+04 6.755878e+04 	 -2.006728e+03 4.815413e+01 -4.455159e+01 
1.01136       	 -1.958752e+04 2.090851e+04 6.744703e+04 	 -1.757412e+04 2.086045e+04 6.749041e+04 	 -2.013399e+03 4.806203e+01 -4.337446e+01 
1.02135       	 -1.962052e+04 2.099048e+04 6.727988e+04 	 -1.760097e+04 2.094231e+04 6.732212e+04 	 -2.019552e+03 4.817575e+01 -4.223680e+01 
1.03134       	 -1.964175e+04 2.106082e+04 6.721578e+04 	 -1.761648e+04 2.101245e+04 6.725689e+04 	 -2.025269e+03 4.836457e+01 -4.111045e+01 
1.04132       	 -1.968530e+04 2.119510e+04 6.724181e+04 	 -1.765419e+04 2.114660e+04 6.728162e+04 	 -2.031109e+03 4.849969e+01 -3.981529e+01 
1.05234       	 -1.970767e+04 2.132678e+04 6.729038e+04 	 -1.767019e+04 2.127805e+04 6.732884e+04 	 -2.037479e+03 4.872603e+01 -3.845935e+01 
1.06362       	 -1.973258e+04 2.149205e+04 6.727543e+04 	 -1.768868e+04 2.144329e+04 6.731251e+04 	 -2.043900e+03 4.875974e+01 -3.708656e+01 
1.07369       	 -1.972757e+04 2.154370e+04 6.710292e+04 	 -1.767807e+04 2.149494e+04 6.713901e+04 	 -2.049504e+03 4.876043e+01 -3.608754e+01 
1.08485       	 -1.974371e+04 2.160914e+04 6.709354e+04 	 -1.768803e+04 2.156059e+04 6.712864e+04 	 -2.055682e+03 4.855669e+01 -3.509732e+01 
1.09601       	 -1.975451e+04 2.149316e+04 6.694141e+04 	 -1.769251e+04 2.144506e+04 6.697572e+04 	 -2.061992e+03 4.810719e+01 -3.431577e+01 
1.10746       	 -1.973538e+04 2.147795e+04 6.680396e+04 	 -1.766680e+04 2.143053e+04 6.683754e+04 	 -2.068585e+03 4.742125e+01 -3.357994e+01 
1.1192        	 -1.973420e+04 2.151521e+04 6.669093e+04 	 -1.765850e+04 2.146878e+04 6.672355e+04 	 -2.075706e+03 4.642776e+01 -3.262211e+01 
1.13094       	 -1.973403e+04 2.157632e+04 6.651111e+04 	 -1.765132e+04 2.153101e+04 6.654268e+04 	 -2.082712e+03 4.530784e+01 -3.156434e+01 
1.14269       	 -1.973192e+04 2.145639e+04 6.630947e+04 	 -1.764280e+04 2.141231e+04 6.633998e+04 	 -2.089112e+03 4.408568e+01 -3.051490e+01 
1.15427       	 -1.973910e+04 2.156958e+04 6.599560e+04 	 -1.764328e+04 2.152684e+04 6.602494e+04 	 -2.095817e+03 4.273691e+01 -2.933217e+01 
1.16586       	 -1.974877e+04 2.151865e+04 6.567105e+04 	 -1.764608e+04 2.147761e+04 6.569906e+04 	 -2.102693e+03 4.103513e+01 -2.801349e+01 
1.17744       	 -1.977615e+04 2.148214e+04 6.541093e+04 	 -1.766592e+04 2.144296e+04 6.543753e+04 	 -2.110237e+03 3.918232e+01 -2.660222e+01 
1.18903       	 -1.977396e+04 2.145847e+04 6.497011e+04 	 -1.765593e+04 2.142118e+04 6.499520e+04 	 -2.118025e+03 3.728220e+01 -2.509734e+01 
1.20061       	 -1.978212e+04 2.129194e+04 6.445250e+04 	 -1.765631e+04 2.125633e+04 6.447623e+04 	 -2.125809e+03 3.561168e+01 -2.373211e+01 
1.2122        	 -1.978812e+04 2.111632e+04 6.404771e+04 	 -1.765433e+04 2.108217e+04 6.407038e+04 	 -2.133785e+03 3.414897e+01 -2.266423e+01 
1.22362       	 -1.979517e+04 2.097373e+04 6.363652e+04 	 -1.765345e+04 2.094079e+04 6.365838e+04 	 -2.141724e+03 3.293945e+01 -2.185901e+01 
1.23503       	 -1.981309e+04 2.087873e+04 6.338656e+04 	 -1.766319e+04 2.084699e+04 6.340783e+04 	 -2.149900e+03 3.174451e+01 -2.127801e+01 
1.24645       	 -1.982073e+04 2.091047e+04 6.321808e+04 	 -1.766233e+04 2.087988e+04 6.323879e+04 	 -2.158400e+03 3.059336e+01 -2.071189e+01 
1.25787       	 -1.986755e+04 2.092981e+04 6.313755e+04 	 -1.770017e+04 2.090058e+04 6.315768e+04 	 -2.167377e+03 2.922630e+01 -2.012917e+01 
1.26929       	 -1.990767e+04 2.102520e+04 6.324644e+04 	 -1.773207e+04 2.099725e+04 6.326621e+04 	 -2.175602e+03 2.794886e+01 -1.976699e+01 
1.2807        	 -1.992436e+04 2.125602e+04 6.324545e+04 	 -1.773987e+04 2.122940e+04 6.326484e+04 	 -2.184495e+03 2.661379e+01 -1.938435e+01 
1.29212       	 -1.999342e+04 2.113346e+04 6.334485e+04 	 -1.779979e+04 2.110822e+04 6.336393e+04 	 -2.193626e+03 2.524379e+01 -1.908230e+01 
1.30318       	 -1.999142e+04 2.112898e+04 6.330008e+04 	 -1.778939e+04 2.110511e+04 6.331900e+04 	 -2.202038e+03 2.386457e+01 -1.892213e+01 
1.31424       	 -2.003165e+04 2.116331e+04 6.329625e+04 	 -1.782074e+04 2.114081e+04 6.331495e+04 	 -2.210907e+03 2.249704e+01 -1.870155e+01 
1.32513       	 -2.003786e+04 2.102070e+04 6.331015e+04 	 -1.781842e+04 2.099969e+04 6.332868e+04 	 -2.219436e+03 2.101012e+01 -1.853048e+01 
1.33601       	 -2.005253e+04 2.102252e+04 6.332776e+04 	 -1.782493e+04 2.100295e+04 6.334619e+04 	 -2.227608e+03 1.956899e+01 -1.842953e+01 
1.34672       	 -2.003799e+04 2.086541e+04 6.333140e+04 	 -1.780237e+04 2.084691e+04 6.334982e+04 	 -2.235624e+03 1.849881e+01 -1.842252e+01 
1.35647       	 -2.000901e+04 2.081503e+04 6.327346e+04 	 -1.776648e+04 2.079765e+04 6.329176e+04 	 -2.242533e+03 1.738446e+01 -1.829803e+01 
1.36622       	 -1.999656e+04 2.077480e+04 6.331684e+04 	 -1.774708e+04 2.075820e+04 6.333515e+04 	 -2.249475e+03 1.660065e+01 -1.830256e+01 
1.37597       	 -2.000217e+04 2.064025e+04 6.338250e+04 	 -1.774589e+04 2.062466e+04 6.340074e+04 	 -2.256280e+03 1.559071e+01 -1.824132e+01 
1.38557       	 -1.998677e+04 2.063920e+04 6.338083e+04 	 -1.772415e+04 2.062435e+04 6.339904e+04 	 -2.262615e+03 1.485549e+01 -1.821067e+01 
1.39517       	 -1.997061e+04 2.057102e+04 6.352157e+04 	 -1.770196e+04 2.055694e+04 6.353971e+04 	 -2.268648e+03 1.408155e+01 -1.813303e+01 
1.40462       	 -1.994511e+04 2.046440e+04 6.369389e+04 	 -1.767030e+04 2.045095e+04 6.371187e+04 	 -2.274814e+03 1.344976e+01 -1.798209e+01 
1.41407       	 -1.991145e+04 2.051122e+04 6.379736e+04 	 -1.763035e+04 2.049837e+04 6.381527e+04 	 -2.281101e+03 1.285366e+01 -1.791234e+01 
1.42338       	 -1.989796e+04 2.050408e+04 6.393913e+04 	 -1.761048e+04 2.049179e+04 6.395689e+04 	 -2.287477e+03 1.228795e+01 -1.776620e+01 
1.43268       	 -1.988324e+04 2.060394e+04 6.404560e+04 	 -1.758957e+04 2.059192e+04 6.406321e+04 	 -2.293664e+03 1.201760e+01 -1.760722e+01 
1.44198       	 -1.987979e+04 2.059688e+04 6.418041e+04 	 -1.757995e+04 2.058521e+04 6.419791e+04 	 -2.299834e+03 1.167105e+01 -1.749892e+01 
1.45128       	 -1.986698e+04 2.061933e+04 6.426845e+04 	 -1.756188e+04 2.060776e+04 6.428601e+04 	 -2.305097e+03 1.156359e+01 -1.756053e+01 
1.46042       	 -1.985855e+04 2.062609e+04 6.432552e+04 	 -1.754810e+04 2.061461e+04 6.434305e+04 	 -2.310447e+03 1.147623e+01 -1.753335e+01 
1.46957       	 -1.986379e+04 2.084270e+04 6.434570e+04 	 -1.754829e+04 2.083131e+04 6.436306e+04 	 -2.315504e+03 1.138708e+01 -1.736644e+01 
1.47939       	 -1.989285e+04 2.083154e+04 6.447131e+04 	 -1.757193e+04 2.082041e+04 6.448848e+04 	 -2.320925e+03 1.113020e+01 -1.716673e+01 
1.48852       	 -1.988978e+04 2.082647e+04 6.446874e+04 	 -1.756337e+04 2.081564e+04 6.448564e+04 	 -2.326410e+03 1.082937e+01 -1.690274e+01 
1.49766       	 -1.991490e+04 2.094058e+04 6.459347e+04 	 -1.758268e+04 2.093008e+04 6.460988e+04 	 -2.332226e+03 1.050764e+01 -1.641052e+01 
1.50679       	 -1.992113e+04 2.102906e+04 6.470135e+04 	 -1.758382e+04 2.101894e+04 6.471730e+04 	 -2.337305e+03 1.011708e+01 -1.595241e+01 
1.5161        	 -1.991563e+04 2.097161e+04 6.481713e+04 	 -1.757358e+04 2.096193e+04 6.483251e+04 	 -2.342054e+03 9.678251e+00 -1.537072e+01 
1.5254        	 -1.992909e+04 2.108358e+04 6.486168e+04 	 -1.758253e+04 2.107442e+04 6.487634e+04 	 -2.346566e+03 9.159613e+00 -1.466067e+01 
1.53471       	 -1.994065e+04 2.115980e+04 6.493798e+04 	 -1.758946e+04 2.115120e+04 6.495198e+04 	 -2.351184e+03 8.598320e+00 -1.400132e+01 
1.54461       	 -1.995250e+04 2.111259e+04 6.509576e+04 	 -1.759570e+04 2.110482e+04 6.510885e+04 	 -2.356800e+03 7.774662e+00 -1.309110e+01 
1.5539        	 -1.995620e+04 2.117058e+04 6.515938e+04 	 -1.759416e+04 2.116350e+04 6.517176e+04 	 -2.362032e+03 7.085580e+00 -1.237989e+01 
1.56381       	 -1.996322e+04 2.120029e+04 6.538748e+04 	 -1.759642e+04 2.119386e+04 6.539911e+04 	 -2.366795e+03 6.430275e+00 -1.162532e+01 
1.57373       	 -1.996270e+04 2.129355e+04 6.555406e+04 	 -1.759040e+04 2.128784e+04 6.556507e+04 	 -2.372295e+03 5.713099e+00 -1.100526e+01 
1.58299       	 -1.997598e+04 2.137085e+04 6.562667e+04 	 -1.759828e+04 2.136591e+04 6.563701e+04 	 -2.377709e+03 4.946324e+00 -1.033401e+01 
1.59226       	 -1.999514e+04 2.163290e+04 6.580740e+04 	 -1.761200e+04 2.162874e+04 6.581688e+04 	 -2.383147e+03 4.154901e+00 -9.480007e+00 
1.60153       	 -2.004448e+04 2.187746e+04 6.600511e+04 	 -1.765571e+04 2.187400e+04 6.601385e+04 	 -2.388774e+03 3.462056e+00 -8.736293e+00 
1.6108        	 -2.005422e+04 2.184149e+04 6.617110e+04 	 -1.765947e+04 2.183867e+04 6.617898e+04 	 -2.394754e+03 2.815188e+00 -7.874794e+00 
1.61985       	 -2.006486e+04 2.194530e+04 6.618468e+04 	 -1.766457e+04 2.194298e+04 6.619174e+04 	 -2.400291e+03 2.322826e+00 -7.064590e+00 
1.6289        	 -2.009833e+04 2.196962e+04 6.622473e+04 	 -1.769289e+04 2.196760e+04 6.623116e+04 	 -2.405448e+03 2.014565e+00 -6.422807e+00 
1.63795       	 -2.012866e+04 2.210171e+04 6.620600e+04 	 -1.771818e+04 2.209988e+04 6.621199e+04 	 -2.410481e+03 1.836802e+00 -5.994836e+00 
1.647         	 -2.012692e+04 2.201325e+04 6.623075e+04 	 -1.771117e+04 2.201152e+04 6.623633e+04 	 -2.415749e+03 1.732938e+00 -5.572538e+00 
1.65605       	 -2.015349e+04 2.202840e+04 6.628648e+04 	 -1.773294e+04 2.202665e+04 6.629187e+04 	 -2.420559e+03 1.753709e+00 -5.385275e+00 
1.6651        	 -2.016592e+04 2.206532e+04 6.629130e+04 	 -1.774070e+04 2.206342e+04 6.629662e+04 	 -2.425216e+03 1.899942e+00 -5.321158e+00 
1.67415       	 -2.017819e+04 2.211621e+04 6.627266e+04 	 -1.774760e+04 2.211436e+04 6.627780e+04 	 -2.430590e+03 1.846432e+00 -5.133659e+00 
1.68321       	 -2.018079e+04 2.201089e+04 6.625698e+04 	 -1.774399e+04 2.200939e+04 6.626164e+04 	 -2.436806e+03 1.493565e+00 -4.664234e+00 
1.69226       	 -2.019535e+04 2.205925e+04 6.629729e+04 	 -1.775294e+04 2.205791e+04 6.630147e+04 	 -2.442413e+03 1.342087e+00 -4.180264e+00 
1.70131       	 -2.018959e+04 2.211970e+04 6.634601e+04 	 -1.774222e+04 2.211838e+04 6.634985e+04 	 -2.447369e+03 1.324285e+00 -3.833810e+00 
1.71036       	 -2.019644e+04 2.222218e+04 6.648740e+04 	 -1.774340e+04 2.222112e+04 6.649069e+04 	 -2.453035e+03 1.057330e+00 -3.288366e+00 
1.71941       	 -2.022141e+04 2.243737e+04 6.669196e+04 	 -1.776360e+04 2.243641e+04 6.669484e+04 	 -2.457809e+03 9.566560e-01 -2.885719e+00 
1.72846       	 -2.023571e+04 2.264333e+04 6.704177e+04 	 -1.777321e+04 2.264238e+04 6.704421e+04 	 -2.462500e+03 9.473806e-01 -2.436665e+00 
1.73751       	 -2.024913e+04 2.289602e+04 6.736389e+04 	 -1.778093e+04 2.289520e+04 6.736564e+04 	 -2.468198e+03 8.206425e-01 -1.742725e+00 
1.74656       	 -2.027264e+04 2.308038e+04 6.759524e+04 	 -1.779886e+04 2.307963e+04 6.759622e+04 	 -2.473785e+03 7.443969e-01 -9.790120e-01 
1.75562       	 -2.027612e+04 2.316409e+04 6.772423e+04 	 -1.779686e+04 2.316339e+04 6.772442e+04 	 -2.479258e+03 7.022259e-01 -1.957540e-01 
1.76467       	 -2.027658e+04 2.315139e+04 6.783493e+04 	 -1.779180e+04 2.315069e+04 6.783427e+04 	 -2.484773e+03 6.960068e-01 6.583229e-01 
1.77372       	 -2.026860e+04 2.313569e+04 6.784893e+04 	 -1.777875e+04 2.313484e+04 6.784744e+04 	 -2.489850e+03 8.501805e-01 1.495202e+00 
1.78277       	 -2.028119e+04 2.309550e+04 6.794273e+04 	 -1.778629e+04 2.309429e+04 6.794047e+04 	 -2.494896e+03 1.213080e+00 2.260559e+00 
1.79182       	 -2.031144e+04 2.295169e+04 6.799520e+04 	 -1.781136e+04 2.295009e+04 6.799222e+04 	 -2.500086e+03 1.602854e+00 2.978292e+00 
1.80087       	 -2.030428e+04 2.299110e+04 6.809155e+04 	 -1.779829e+04 2.298907e+04 6.808775e+04 	 -2.505988e+03 2.032045e+00 3.806097e+00 
1.80992       	 -2.029623e+04 2.298680e+04 6.809535e+04 	 -1.778493e+04 2.298424e+04 6.809094e+04 	 -2.511297e+03 2.561753e+00 4.409802e+00 
1.81897       	 -2.031069e+04 2.299390e+04 6.827595e+04 	 -1.779338e+04 2.299091e+04 6.827082e+04 	 -2.517311e+03 2.992247e+00 5.124949e+00 
1.82803       	 -2.030108e+04 2.306952e+04 6.839526e+04 	 -1.777872e+04 2.306597e+04 6.838967e+04 	 -2.522368e+03 3.552733e+00 5.596457e+00 
1.83708       	 -2.030072e+04 2.317873e+04 6.855743e+04 	 -1.777253e+04 2.317483e+04 6.855101e+04 	 -2.528182e+03 3.907405e+00 6.417416e+00 
1.84613       	 -2.030343e+04 2.324115e+04 6.878321e+04 	 -1.776930e+04 2.323671e+04 6.877596e+04 	 -2.534129e+03 4.438766e+00 7.250011e+00 
1.85518       	 -2.033396e+04 2.354408e+04 6.890653e+04 	 -1.779431e+04 2.353895e+04 6.889859e+04 	 -2.539646e+03 5.133643e+00 7.946794e+00 
1.86423       	 -2.033332e+04 2.357614e+04 6.910382e+04 	 -1.778929e+04 2.357037e+04 6.909556e+04 	 -2.544029e+03 5.770360e+00 8.256593e+00 
1.87328       	 -2.035669e+04 2.365832e+04 6.927878e+04 	 -1.780778e+04 2.365222e+04 6.927017e+04 	 -2.548905e+03 6.101847e+00 8.607344e+00 
1.88233       	 -2.037563e+04 2.389937e+04 6.942803e+04 	 -1.782297e+04 2.389262e+04 6.941940e+04 	 -2.552654e+03 6.747899e+00 8.632565e+00 
1.89138       	 -2.040205e+04 2.405142e+04 6.956786e+04 	 -1.784496e+04 2.404417e+04 6.955899e+04 	 -2.557087e+03 7.248144e+00 8.867272e+00 
1.90044       	 -2.042824e+04 2.418185e+04 6.972843e+04 	 -1.786580e+04 2.417425e+04 6.971929e+04 	 -2.562438e+03 7.599232e+00 9.144658e+00 
1.90949       	 -2.046031e+04 2.428432e+04 6.988888e+04 	 -1.789168e+04 2.427654e+04 6.987941e+04 	 -2.568629e+03 7.774477e+00 9.468263e+00 
1.91854       	 -2.048659e+04 2.446256e+04 7.008403e+04 	 -1.791307e+04 2.445452e+04 7.007450e+04 	 -2.573519e+03 8.037418e+00 9.531744e+00 
1.92759       	 -2.049831e+04 2.465905e+04 7.020405e+04 	 -1.791912e+04 2.465106e+04 7.019439e+04 	 -2.579187e+03 7.988380e+00 9.653783e+00 
1.93664       	 -2.051678e+04 2.479159e+04 7.034336e+04 	 -1.793227e+04 2.478374e+04 7.033351e+04 	 -2.584511e+03 7.852326e+00 9.849393e+00 
1.94569       	 -2.051594e+04 2.468957e+04 7.042963e+04 	 -1.792597e+04 2.468188e+04 7.041977e+04 	 -2.589979e+03 7.692490e+00 9.862968e+00 
1.95474       	 -2.052534e+04 2.475750e+04 7.046075e+04 	 -1.793016e+04 2.474986e+04 7.045091e+04 	 -2.595183e+03 7.638620e+00 9.840828e+00 
1.96379       	 -2.054031e+04 2.460523e+04 7.041014e+04 	 -1.793993e+04 2.459760e+04 7.040003e+04 	 -2.600378e+03 7.630215e+00 1.011067e+01 
1.97285       	 -2.056896e+04 2.461987e+04 7.037071e+04 	 -1.796335e+04 2.461193e+04 7.036027e+04 	 -2.605608e+03 7.943235e+00 1.043834e+01 
1.9819        	 -2.057588e+04 2.463672e+04 7.029006e+04 	 -1.796530e+04 2.462829e+04 7.027927e+04 	 -2.610587e+03 8.437047e+00 1.079913e+01 
1.99095       	 -2.058373e+04 2.442609e+04 7.025355e+04 	 -1.796846e+04 2.441685e+04 7.024268e+04 	 -2.615270e+03 9.245560e+00 1.086966e+01 
2             	 -2.060471e+04 2.422828e+04 7.013827e+04 	 -1.798344e+04 2.421829e+04 7.012737e+04 	 -2.621278e+03 9.986049e+00 1.089093e+01 
2.00885       	 -2.060112e+04 2.418789e+04 7.005318e+04 	 -1.797368e+04 2.417725e+04 7.004251e+04 	 -2.627442e+03 1.064566e+01 1.067732e+01 
2.0177        	 -2.061997e+04 2.413511e+04 6.991661e+04 	 -1.798434e+04 2.412431e+04 6.990599e+04 	 -2.635628e+03 1.079880e+01 1.061966e+01 
2.02647       	 -2.062355e+04 2.397122e+04 6.976026e+04 	 -1.797998e+04 2.396043e+04 6.974999e+04 	 -2.643561e+03 1.079575e+01 1.026835e+01 
2.03524       	 -2.062915e+04 2.393513e+04 6.969639e+04 	 -1.797788e+04 2.392413e+04 6.968662e+04 	 -2.651268e+03 1.099451e+01 9.769193e+00 
2.04401       	 -2.065568e+04 2.388889e+04 6.975938e+04 	 -1.799683e+04 2.387750e+04 6.975036e+04 	 -2.658849e+03 1.139532e+01 9.019441e+00 
2.05278       	 -2.068043e+04 2.387690e+04 6.967661e+04 	 -1.801459e+04 2.386492e+04 6.966800e+04 	 -2.665833e+03 1.197946e+01 8.615023e+00 
2.06155       	 -2.070249e+04 2.383660e+04 6.969640e+04 	 -1.803020e+04 2.382387e+04 6.968813e+04 	 -2.672290e+03 1.273188e+01 8.276149e+00 
2.07032       	 -2.070187e+04 2.385346e+04 6.966467e+04 	 -1.802185e+04 2.383986e+04 6.965644e+04 	 -2.680014e+03 1.359900e+01 8.228374e+00 
2.07909       	 -2.071226e+04 2.384179e+04 6.982677e+04 	 -1.802430e+04 2.382746e+04 6.981829e+04 	 -2.687960e+03 1.432184e+01 8.482322e+00 
2.08786       	 -2.070935e+04 2.399369e+04 6.996528e+04 	 -1.801308e+04 2.397906e+04 6.995633e+04 	 -2.696270e+03 1.462945e+01 8.951224e+00 
2.09663       	 -2.072644e+04 2.430679e+04 7.015818e+04 	 -1.802220e+04 2.429174e+04 7.014874e+04 	 -2.704239e+03 1.505455e+01 9.440007e+00 
2.1054        	 -2.071773e+04 2.445244e+04 7.031553e+04 	 -1.800529e+04 2.443728e+04 7.030542e+04 	 -2.712432e+03 1.516069e+01 1.011169e+01 
2.11418       	 -2.072524e+04 2.446352e+04 7.028710e+04 	 -1.800563e+04 2.444818e+04 7.027674e+04 	 -2.719612e+03 1.534870e+01 1.035944e+01 
2.12295       	 -2.071348e+04 2.438788e+04 7.016747e+04 	 -1.798740e+04 2.437232e+04 7.015709e+04 	 -2.726086e+03 1.556438e+01 1.038445e+01 
2.13172       	 -2.072672e+04 2.433732e+04 7.005791e+04 	 -1.799335e+04 2.432163e+04 7.004730e+04 	 -2.733372e+03 1.568296e+01 1.060882e+01 
2.14049       	 -2.070342e+04 2.418410e+04 6.995327e+04 	 -1.796265e+04 2.416850e+04 6.994210e+04 	 -2.740768e+03 1.559697e+01 1.117526e+01 
2.14993       	 -2.066152e+04 2.417564e+04 6.995055e+04 	 -1.791371e+04 2.416013e+04 6.993876e+04 	 -2.747810e+03 1.551048e+01 1.178458e+01 
2.1587        	 -2.064008e+04 2.402343e+04 6.978899e+04 	 -1.788486e+04 2.400825e+04 6.977657e+04 	 -2.755221e+03 1.517875e+01 1.242210e+01 
2.16746       	 -2.063615e+04 2.398306e+04 6.984395e+04 	 -1.787483e+04 2.396772e+04 6.983147e+04 	 -2.761319e+03 1.533306e+01 1.247415e+01 
2.17622       	 -2.064298e+04 2.399939e+04 6.981282e+04 	 -1.787631e+04 2.398366e+04 6.980051e+04 	 -2.766674e+03 1.572108e+01 1.231179e+01 
2.18499       	 -2.061909e+04 2.408991e+04 6.983574e+04 	 -1.784749e+04 2.407373e+04 6.982380e+04 	 -2.771602e+03 1.618377e+01 1.193639e+01 
2.19375       	 -2.060708e+04 2.413589e+04 6.990980e+04 	 -1.782994e+04 2.411967e+04 6.989816e+04 	 -2.777136e+03 1.622099e+01 1.164511e+01 
2.20251       	 -2.057828e+04 2.435781e+04 7.006365e+04 	 -1.779554e+04 2.434176e+04 7.005229e+04 	 -2.782734e+03 1.605475e+01 1.135773e+01 
2.21128       	 -2.057148e+04 2.435950e+04 7.018533e+04 	 -1.778243e+04 2.434372e+04 7.017417e+04 	 -2.789043e+03 1.577691e+01 1.115606e+01 
2.22004       	 -2.056960e+04 2.454365e+04 7.031426e+04 	 -1.777428e+04 2.452810e+04 7.030338e+04 	 -2.795321e+03 1.554718e+01 1.088446e+01 
2.2288        	 -2.058050e+04 2.457890e+04 7.050298e+04 	 -1.778102e+04 2.456311e+04 7.049302e+04 	 -2.799479e+03 1.579263e+01 9.961305e+00 
2.23757       	 -2.057698e+04 2.471310e+04 7.057117e+04 	 -1.777434e+04 2.469696e+04 7.056240e+04 	 -2.802645e+03 1.613410e+01 8.771061e+00 
2.24633       	 -2.056511e+04 2.464564e+04 7.060457e+04 	 -1.775803e+04 2.462972e+04 7.059648e+04 	 -2.807083e+03 1.591858e+01 8.093870e+00 
2.25509       	 -2.057081e+04 2.460497e+04 7.060596e+04 	 -1.776037e+04 2.458891e+04 7.059879e+04 	 -2.810435e+03 1.605199e+01 7.175646e+00 
2.26386       	 -2.057601e+04 2.454071e+04 7.060226e+04 	 -1.776204e+04 2.452468e+04 7.059589e+04 	 -2.813979e+03 1.603292e+01 6.360538e+00 
2.27262       	 -2.057524e+04 2.453618e+04 7.060005e+04 	 -1.775702e+04 2.452052e+04 7.059401e+04 	 -2.818222e+03 1.565824e+01 6.043113e+00 
2.28139       	 -2.058883e+04 2.450398e+04 7.054954e+04 	 -1.776848e+04 2.448844e+04 7.054423e+04 	 -2.820349e+03 1.554571e+01 5.308714e+00 
2.29015       	 -2.058572e+04 2.460207e+04 7.050585e+04 	 -1.776367e+04 2.458648e+04 7.050142e+04 	 -2.822052e+03 1.559061e+01 4.431614e+00 
2.29891       	 -2.061133e+04 2.454350e+04 7.043549e+04 	 -1.778629e+04 2.452832e+04 7.043164e+04 	 -2.825042e+03 1.517954e+01 3.849296e+00 
2.30768       	 -2.061800e+04 2.467322e+04 7.033313e+04 	 -1.779088e+04 2.465800e+04 7.032991e+04 	 -2.827116e+03 1.521669e+01 3.218439e+00 
2.31716       	 -2.064214e+04 2.454201e+04 7.038939e+04 	 -1.781264e+04 2.452668e+04 7.038677e+04 	 -2.829499e+03 1.532616e+01 2.617234e+00 
2.32591       	 -2.069492e+04 2.461591e+04 7.021026e+04 	 -1.786166e+04 2.460059e+04 7.020796e+04 	 -2.833256e+03 1.531860e+01 2.295296e+00 
2.33467       	 -2.074691e+04 2.469018e+04 7.015256e+04 	 -1.791086e+04 2.467454e+04 7.015061e+04 	 -2.836048e+03 1.564390e+01 1.956638e+00 
2.34417       	 -2.078594e+04 2.467698e+04 7.018735e+04 	 -1.794744e+04 2.466069e+04 7.018574e+04 	 -2.838492e+03 1.628543e+01 1.612446e+00 
2.35368       	 -2.082515e+04 2.460230e+04 7.015734e+04 	 -1.798542e+04 2.458502e+04 7.015630e+04 	 -2.839734e+03 1.727473e+01 1.034290e+00 
2.36241       	 -2.086769e+04 2.461272e+04 7.006366e+04 	 -1.802657e+04 2.459431e+04 7.006341e+04 	 -2.841113e+03 1.841012e+01 2.496703e-01 
2.37115       	 -2.092011e+04 2.464062e+04 7.004478e+04 	 -1.807771e+04 2.462088e+04 7.004535e+04 	 -2.842398e+03 1.973748e+01 -5.722539e-01 
2.37988       	 -2.092706e+04 2.450267e+04 6.995705e+04 	 -1.808262e+04 2.448179e+04 6.995802e+04 	 -2.844436e+03 2.087297e+01 -9.731467e-01 
2.38861       	 -2.097198e+04 2.443408e+04 6.991438e+04 	 -1.812493e+04 2.441211e+04 6.991561e+04 	 -2.847047e+03 2.197476e+01 -1.226665e+00 
2.39735       	 -2.098102e+04 2.441061e+04 6.986714e+04 	 -1.813133e+04 2.438767e+04 6.986857e+04 	 -2.849693e+03 2.293089e+01 -1.423629e+00 
2.40608       	 -2.100420e+04 2.435807e+04 6.991542e+04 	 -1.815260e+04 2.433428e+04 6.991701e+04 	 -2.851607e+03 2.379575e+01 -1.589838e+00 
2.41482       	 -2.100470e+04 2.446250e+04 6.990885e+04 	 -1.815193e+04 2.443792e+04 6.991066e+04 	 -2.852767e+03 2.457705e+01 -1.811888e+00 
2.42355       	 -2.102160e+04 2.427809e+04 6.994132e+04 	 -1.816753e+04 2.425277e+04 6.994319e+04 	 -2.854075e+03 2.532131e+01 -1.869707e+00 
2.433         	 -2.103914e+04 2.439563e+04 7.005276e+04 	 -1.818424e+04 2.436965e+04 7.005477e+04 	 -2.854906e+03 2.598259e+01 -2.014328e+00 
2.44172       	 -2.105753e+04 2.447362e+04 7.012342e+04 	 -1.820154e+04 2.444720e+04 7.012551e+04 	 -2.855990e+03 2.641862e+01 -2.091304e+00 
2.45045       	 -2.107659e+04 2.452701e+04 7.029279e+04 	 -1.821792e+04 2.450048e+04 7.029491e+04 	 -2.858668e+03 2.653202e+01 -2.119179e+00 
2.45917       	 -2.108847e+04 2.459318e+04 7.029317e+04 	 -1.822766e+04 2.456666e+04 7.029547e+04 	 -2.860814e+03 2.651430e+01 -2.294163e+00 
2.46789       	 -2.108375e+04 2.453339e+04 7.028029e+04 	 -1.822055e+04 2.450717e+04 7.028270e+04 	 -2.863209e+03 2.622953e+01 -2.406256e+00 
2.47662       	 -2.109895e+04 2.445726e+04 7.025308e+04 	 -1.823223e+04 2.443132e+04 7.025552e+04 	 -2.866722e+03 2.593929e+01 -2.443367e+00 
2.48534       	 -2.109377e+04 2.433750e+04 7.025580e+04 	 -1.822377e+04 2.431182e+04 7.025835e+04 	 -2.870004e+03 2.567892e+01 -2.550102e+00 
2.49406       	 -2.108093e+04 2.431486e+04 7.024556e+04 	 -1.820877e+04 2.428919e+04 7.024859e+04 	 -2.872159e+03 2.567142e+01 -3.023916e+00 
2.50279       	 -2.106520e+04 2.432738e+04 7.018819e+04 	 -1.818931e+04 2.430203e+04 7.019137e+04 	 -2.875887e+03 2.535192e+01 -3.185823e+00 
2.51151       	 -2.105743e+04 2.430109e+04 7.014536e+04 	 -1.817846e+04 2.427598e+04 7.014855e+04 	 -2.878973e+03 2.510155e+01 -3.196483e+00 
2.5209        	 -2.107504e+04 2.427562e+04 7.016177e+04 	 -1.819278e+04 2.425102e+04 7.016488e+04 	 -2.882262e+03 2.459510e+01 -3.111141e+00 
2.52961       	 -2.106135e+04 2.430836e+04 7.002308e+04 	 -1.817672e+04 2.428412e+04 7.002637e+04 	 -2.884630e+03 2.423986e+01 -3.289333e+00 
2.53832       	 -2.104948e+04 2.431653e+04 6.996488e+04 	 -1.816389e+04 2.429258e+04 6.996835e+04 	 -2.885590e+03 2.394595e+01 -3.468069e+00 
2.54704       	 -2.103308e+04 2.433014e+04 6.989368e+04 	 -1.814513e+04 2.430671e+04 6.989696e+04 	 -2.887944e+03 2.342405e+01 -3.279082e+00 
2.55575       	 -2.100777e+04 2.426954e+04 6.982697e+04 	 -1.811879e+04 2.424676e+04 6.983002e+04 	 -2.888986e+03 2.278382e+01 -3.054255e+00 
2.56446       	 -2.101979e+04 2.428416e+04 6.970380e+04 	 -1.812994e+04 2.426182e+04 6.970660e+04 	 -2.889852e+03 2.233533e+01 -2.792677e+00 
2.57317       	 -2.099699e+04 2.426602e+04 6.969448e+04 	 -1.810550e+04 2.424382e+04 6.969712e+04 	 -2.891487e+03 2.220177e+01 -2.640229e+00 
2.58188       	 -2.098885e+04 2.430623e+04 6.964305e+04 	 -1.809557e+04 2.428418e+04 6.964546e+04 	 -2.893284e+03 2.204797e+01 -2.408470e+00 
2.59059       	 -2.098262e+04 2.419127e+04 6.965930e+04 	 -1.808815e+04 2.416932e+04 6.966149e+04 	 -2.894467e+03 2.195392e+01 -2.198692e+00 
2.5993        	 -2.097500e+04 2.416576e+04 6.967250e+04 	 -1.808021e+04 2.414364e+04 6.967480e+04 	 -2.894790e+03 2.211522e+01 -2.305242e+00 
2.60801       	 -2.095126e+04 2.413281e+04 6.965972e+04 	 -1.805632e+04 2.411063e+04 6.966208e+04 	 -2.894938e+03 2.217742e+01 -2.359684e+00 
2.61734       	 -2.095343e+04 2.418447e+04 6.970625e+04 	 -1.805837e+04 2.416212e+04 6.970877e+04 	 -2.895064e+03 2.234928e+01 -2.523502e+00 
2.62668       	 -2.096062e+04 2.425230e+04 6.968512e+04 	 -1.806606e+04 2.422944e+04 6.968799e+04 	 -2.894563e+03 2.285620e+01 -2.864300e+00 
2.63536       	 -2.095822e+04 2.416284e+04 6.967989e+04 	 -1.806253e+04 2.413996e+04 6.968280e+04 	 -2.895688e+03 2.288459e+01 -2.913039e+00 
2.64404       	 -2.098482e+04 2.413409e+04 6.968380e+04 	 -1.808801e+04 2.411118e+04 6.968665e+04 	 -2.896809e+03 2.291503e+01 -2.857136e+00 
2.65272       	 -2.097256e+04 2.420660e+04 6.971364e+04 	 -1.807493e+04 2.418367e+04 6.971653e+04 	 -2.897633e+03 2.293667e+01 -2.881210e+00 
2.66141       	 -2.100017e+04 2.410985e+04 6.973209e+04 	 -1.810184e+04 2.408641e+04 6.973531e+04 	 -2.898335e+03 2.344048e+01 -3.228886e+00 
2.67009       	 -2.101756e+04 2.405922e+04 6.975362e+04 	 -1.811754e+04 2.403552e+04 6.975711e+04 	 -2.900019e+03 2.370336e+01 -3.487152e+00 
2.67877       	 -2.103316e+04 2.414718e+04 6.966951e+04 	 -1.813060e+04 2.412346e+04 6.967313e+04 	 -2.902558e+03 2.371854e+01 -3.618060e+00 
2.68745       	 -2.107039e+04 2.414539e+04 6.971279e+04 	 -1.816600e+04 2.412156e+04 6.971681e+04 	 -2.904393e+03 2.383023e+01 -4.015756e+00 
2.69613       	 -2.110927e+04 2.418842e+04 6.975882e+04 	 -1.820289e+04 2.416469e+04 6.976305e+04 	 -2.906386e+03 2.372498e+01 -4.232641e+00 
2.70481       	 -2.112853e+04 2.414511e+04 6.977993e+04 	 -1.822122e+04 2.412149e+04 6.978440e+04 	 -2.907316e+03 2.361175e+01 -4.471385e+00 
2.7135        	 -2.116096e+04 2.418252e+04 6.982646e+04 	 -1.825090e+04 2.415959e+04 6.983056e+04 	 -2.910056e+03 2.292676e+01 -4.103318e+00 
2.72218       	 -2.121339e+04 2.419546e+04 6.977327e+04 	 -1.830167e+04 2.417318e+04 6.977704e+04 	 -2.911720e+03 2.227852e+01 -3.769674e+00 
2.73086       	 -2.127518e+04 2.412926e+04 6.969002e+04 	 -1.836209e+04 2.410777e+04 6.969338e+04 	 -2.913093e+03 2.148781e+01 -3.364211e+00 
2.73954       	 -2.130661e+04 2.401937e+04 6.957829e+04 	 -1.839336e+04 2.399852e+04 6.958140e+04 	 -2.913253e+03 2.085425e+01 -3.116500e+00 
2.74822       	 -2.130548e+04 2.402851e+04 6.950622e+04 	 -1.839165e+04 2.400867e+04 6.950890e+04 	 -2.913834e+03 1.983382e+01 -2.685324e+00 
2.75691       	 -2.131392e+04 2.400723e+04 6.946255e+04 	 -1.839961e+04 2.398834e+04 6.946492e+04 	 -2.914303e+03 1.888208e+01 -2.371243e+00 
2.76663       	 -2.126892e+04 2.395339e+04 6.949184e+04 	 -1.835458e+04 2.393538e+04 6.949373e+04 	 -2.914333e+03 1.801423e+01 -1.892060e+00 
2.77596       	 -2.122088e+04 2.378747e+04 6.936217e+04 	 -1.830785e+04 2.376965e+04 6.936388e+04 	 -2.913030e+03 1.781785e+01 -1.704248e+00 
2.78458       	 -2.120072e+04 2.377595e+04 6.922010e+04 	 -1.828862e+04 2.375828e+04 6.922135e+04 	 -2.912092e+03 1.766514e+01 -1.256001e+00 
2.79395       	 -2.118296e+04 2.385751e+04 6.922570e+04 	 -1.827110e+04 2.383994e+04 6.922640e+04 	 -2.911865e+03 1.757179e+01 -6.958288e-01 
2.80253       	 -2.118951e+04 2.360999e+04 6.912566e+04 	 -1.827713e+04 2.359241e+04 6.912577e+04 	 -2.912384e+03 1.758043e+01 -1.066031e-01 
2.81194       	 -2.118904e+04 2.364849e+04 6.918003e+04 	 -1.827678e+04 2.363034e+04 6.917981e+04 	 -2.912261e+03 1.814418e+01 2.208952e-01 
2.82134       	 -2.115857e+04 2.363783e+04 6.909808e+04 	 -1.824671e+04 2.361877e+04 6.909787e+04 	 -2.911860e+03 1.906248e+01 2.134061e-01 
2.83027       	 -2.116394e+04 2.361927e+04 6.908356e+04 	 -1.825110e+04 2.359943e+04 6.908329e+04 	 -2.912841e+03 1.984125e+01 2.678856e-01 
2.83921       	 -2.116164e+04 2.372750e+04 6.912920e+04 	 -1.824720e+04 2.370728e+04 6.912903e+04 	 -2.914434e+03 2.022465e+01 1.764592e-01 
2.84814       	 -2.117587e+04 2.372442e+04 6.918366e+04 	 -1.825890e+04 2.370408e+04 6.918369e+04 	 -2.916965e+03 2.033087e+01 -2.927093e-02 
2.85707       	 -2.117956e+04 2.387485e+04 6.928617e+04 	 -1.826045e+04 2.385455e+04 6.928683e+04 	 -2.919109e+03 2.029266e+01 -6.595100e-01 
2.866         	 -2.117460e+04 2.394483e+04 6.929083e+04 	 -1.825335e+04 2.392429e+04 6.929229e+04 	 -2.921245e+03 2.054095e+01 -1.457074e+00 
2.87494       	 -2.119522e+04 2.397433e+04 6.940445e+04 	 -1.827195e+04 2.395366e+04 6.940667e+04 	 -2.923267e+03 2.066909e+01 -2.220102e+00 
2.88387       	 -2.117214e+04 2.412923e+04 6.948878e+04 	 -1.824613e+04 2.410853e+04 6.949164e+04 	 -2.926006e+03 2.070494e+01 -2.866560e+00 
2.8928        	 -2.118211e+04 2.407892e+04 6.952045e+04 	 -1.825286e+04 2.405817e+04 6.952382e+04 	 -2.929250e+03 2.075280e+01 -3.368941e+00 
2.90174       	 -2.120819e+04 2.404159e+04 6.951364e+04 	 -1.827695e+04 2.402075e+04 6.951752e+04 	 -2.931239e+03 2.083711e+01 -3.873194e+00 
2.91067       	 -2.124312e+04 2.399407e+04 6.946822e+04 	 -1.831073e+04 2.397332e+04 6.947226e+04 	 -2.932392e+03 2.074553e+01 -4.041466e+00 
2.9196        	 -2.129347e+04 2.413897e+04 6.943882e+04 	 -1.835980e+04 2.411870e+04 6.944277e+04 	 -2.933669e+03 2.027524e+01 -3.947342e+00 
2.92854       	 -2.132899e+04 2.404930e+04 6.942762e+04 	 -1.839437e+04 2.402966e+04 6.943128e+04 	 -2.934628e+03 1.963944e+01 -3.655594e+00 
2.93747       	 -2.137810e+04 2.392283e+04 6.944961e+04 	 -1.844236e+04 2.390380e+04 6.945290e+04 	 -2.935741e+03 1.902437e+01 -3.290679e+00 
2.9464        	 -2.139531e+04 2.394729e+04 6.942067e+04 	 -1.845982e+04 2.392865e+04 6.942373e+04 	 -2.935489e+03 1.863344e+01 -3.056806e+00 
2.95533       	 -2.139470e+04 2.385630e+04 6.941596e+04 	 -1.845991e+04 2.383786e+04 6.941871e+04 	 -2.934786e+03 1.843956e+01 -2.746473e+00 
2.96427       	 -2.138828e+04 2.373949e+04 6.942567e+04 	 -1.845445e+04 2.372123e+04 6.942807e+04 	 -2.933837e+03 1.826370e+01 -2.398323e+00 
2.9732        	 -2.137124e+04 2.378303e+04 6.942251e+04 	 -1.843749e+04 2.376488e+04 6.942461e+04 	 -2.933747e+03 1.814179e+01 -2.101141e+00 
2.98213       	 -2.134280e+04 2.387958e+04 6.951011e+04 	 -1.840797e+04 2.386179e+04 6.951168e+04 	 -2.934836e+03 1.779046e+01 -1.573997e+00 
2.99107       	 -2.130897e+04 2.381620e+04 6.957470e+04 	 -1.837347e+04 2.379865e+04 6.957595e+04 	 -2.935498e+03 1.755090e+01 -1.259173e+00 
3             	 -2.129051e+04 2.393281e+04 6.959150e+04 	 -1.835413e+04 2.391547e+04 6.959249e+04 	 -2.936376e+03 1.733774e+01 -9.935116e-01 
3.0087        	 -2.126409e+04 2.402384e+04 6.962446e+04 	 -1.832624e+04 2.400693e+04 6.962518e+04 	 -2.937851e+03 1.691127e+01 -7.248947e-01 
3.01739       	 -2.124169e+04 2.400911e+04 6.975560e+04 	 -1.830182e+04 2.399272e+04 6.975636e+04 	 -2.939873e+03 1.638521e+01 -7.568120e-01 
3.02609       	 -2.121085e+04 2.420389e+04 6.973452e+04 	 -1.826929e+04 2.418773e+04 6.973542e+04 	 -2.941557e+03 1.616778e+01 -9.031653e-01 
3.03478       	 -2.118264e+04 2.412388e+04 6.978471e+04 	 -1.823852e+04 2.410801e+04 6.978577e+04 	 -2.944128e+03 1.586257e+01 -1.053090e+00 
3.04348       	 -2.115145e+04 2.410192e+04 6.976685e+04 	 -1.820464e+04 2.408643e+04 6.976807e+04 	 -2.946813e+03 1.548705e+01 -1.214745e+00 
3.05217       	 -2.112939e+04 2.403122e+04 6.972499e+04 	 -1.817979e+04 2.401617e+04 6.972639e+04 	 -2.949596e+03 1.504753e+01 -1.408877e+00 
3.06156       	 -2.112492e+04 2.411159e+04 6.972173e+04 	 -1.817259e+04 2.409680e+04 6.972367e+04 	 -2.952334e+03 1.479231e+01 -1.942282e+00 
3.07025       	 -2.111609e+04 2.417133e+04 6.956006e+04 	 -1.816136e+04 2.415648e+04 6.956273e+04 	 -2.954729e+03 1.484991e+01 -2.667215e+00 
3.07983       	 -2.111929e+04 2.418810e+04 6.966542e+04 	 -1.816118e+04 2.417324e+04 6.966862e+04 	 -2.958110e+03 1.486227e+01 -3.200469e+00 
3.08932       	 -2.116092e+04 2.408114e+04 6.962572e+04 	 -1.819929e+04 2.406623e+04 6.962937e+04 	 -2.961630e+03 1.490971e+01 -3.649566e+00 
3.09881       	 -2.125397e+04 2.414072e+04 6.961880e+04 	 -1.829047e+04 2.412589e+04 6.962289e+04 	 -2.963509e+03 1.482884e+01 -4.089935e+00 
3.10755       	 -2.135564e+04 2.409129e+04 6.945651e+04 	 -1.839191e+04 2.407647e+04 6.946105e+04 	 -2.963735e+03 1.481818e+01 -4.547162e+00 
3.1163        	 -2.146659e+04 2.405838e+04 6.936305e+04 	 -1.850345e+04 2.404363e+04 6.936785e+04 	 -2.963146e+03 1.474685e+01 -4.804465e+00 
3.12505       	 -2.150746e+04 2.403941e+04 6.933802e+04 	 -1.854527e+04 2.402456e+04 6.934307e+04 	 -2.962189e+03 1.485486e+01 -5.048698e+00 
3.1338        	 -2.155831e+04 2.403158e+04 6.927330e+04 	 -1.859666e+04 2.401673e+04 6.927854e+04 	 -2.961657e+03 1.484947e+01 -5.234615e+00 
3.14255       	 -2.164266e+04 2.377950e+04 6.927088e+04 	 -1.868078e+04 2.376465e+04 6.927634e+04 	 -2.961883e+03 1.485682e+01 -5.455112e+00 
3.1513        	 -2.168758e+04 2.375210e+04 6.922419e+04 	 -1.872527e+04 2.373743e+04 6.922965e+04 	 -2.962301e+03 1.466841e+01 -5.465934e+00 
3.16005       	 -2.167283e+04 2.378220e+04 6.916933e+04 	 -1.871059e+04 2.376765e+04 6.917493e+04 	 -2.962235e+03 1.454713e+01 -5.599271e+00 
3.1688        	 -2.167215e+04 2.383391e+04 6.923169e+04 	 -1.871055e+04 2.381945e+04 6.923740e+04 	 -2.961607e+03 1.445856e+01 -5.715536e+00 
3.17825       	 -2.165225e+04 2.396193e+04 6.939868e+04 	 -1.869146e+04 2.394747e+04 6.940448e+04 	 -2.960790e+03 1.446171e+01 -5.801981e+00 
3.18699       	 -2.159086e+04 2.397420e+04 6.940602e+04 	 -1.863110e+04 2.395949e+04 6.941203e+04 	 -2.959764e+03 1.470485e+01 -6.017759e+00 
3.19573       	 -2.152803e+04 2.409557e+04 6.940612e+04 	 -1.856849e+04 2.408086e+04 6.941205e+04 	 -2.959545e+03 1.470826e+01 -5.933837e+00 
3.20447       	 -2.146559e+04 2.408334e+04 6.944764e+04 	 -1.850573e+04 2.406864e+04 6.945328e+04 	 -2.959860e+03 1.470739e+01 -5.639900e+00 
3.21321       	 -2.138244e+04 2.403061e+04 6.948211e+04 	 -1.842294e+04 2.401580e+04 6.948787e+04 	 -2.959506e+03 1.480609e+01 -5.763339e+00 
3.22196       	 -2.129292e+04 2.401439e+04 6.948829e+04 	 -1.833251e+04 2.399983e+04 6.949380e+04 	 -2.960405e+03 1.456528e+01 -5.505310e+00 
3.2307        	 -2.119124e+04 2.403979e+04 6.947915e+04 	 -1.822928e+04 2.402571e+04 6.948456e+04 	 -2.961957e+03 1.407515e+01 -5.408430e+00 
3.23944       	 -2.109881e+04 2.405809e+04 6.950771e+04 	 -1.813576e+04 2.404416e+04 6.951337e+04 	 -2.963047e+03 1.393419e+01 -5.659533e+00 
3.24818       	 -2.104858e+04 2.394933e+04 6.953157e+04 	 -1.808411e+04 2.393556e+04 6.953742e+04 	 -2.964469e+03 1.377201e+01 -5.854377e+00 
3.25692       	 -2.102684e+04 2.406475e+04 6.954108e+04 	 -1.806093e+04 2.405107e+04 6.954725e+04 	 -2.965908e+03 1.368555e+01 -6.173213e+00 
3.26567       	 -2.102643e+04 2.408790e+04 6.952834e+04 	 -1.805865e+04 2.407487e+04 6.953461e+04 	 -2.967772e+03 1.303754e+01 -6.265780e+00 
3.27441       	 -2.107042e+04 2.400343e+04 6.954276e+04 	 -1.810110e+04 2.399095e+04 6.954913e+04 	 -2.969310e+03 1.247306e+01 -6.368734e+00 
3.28315       	 -2.109770e+04 2.406944e+04 6.954056e+04 	 -1.812780e+04 2.405742e+04 6.954703e+04 	 -2.969902e+03 1.201977e+01 -6.466356e+00 
3.29189       	 -2.115918e+04 2.409966e+04 6.949201e+04 	 -1.818864e+04 2.408819e+04 6.949831e+04 	 -2.970544e+03 1.147148e+01 -6.301047e+00 
3.30064       	 -2.120106e+04 2.413759e+04 6.951271e+04 	 -1.822969e+04 2.412658e+04 6.951881e+04 	 -2.971370e+03 1.101046e+01 -6.099865e+00 
3.30938       	 -2.129102e+04 2.418892e+04 6.944100e+04 	 -1.832012e+04 2.417778e+04 6.944720e+04 	 -2.970902e+03 1.114248e+01 -6.204530e+00 
3.31812       	 -2.133553e+04 2.406651e+04 6.937886e+04 	 -1.836459e+04 2.405542e+04 6.938479e+04 	 -2.970940e+03 1.109653e+01 -5.929732e+00 
3.32686       	 -2.137905e+04 2.400463e+04 6.936332e+04 	 -1.840870e+04 2.399338e+04 6.936915e+04 	 -2.970344e+03 1.124778e+01 -5.834628e+00 
3.3356        	 -2.139614e+04 2.398285e+04 6.934106e+04 	 -1.842798e+04 2.397118e+04 6.934694e+04 	 -2.968160e+03 1.167300e+01 -5.881072e+00 
3.34435       	 -2.142289e+04 2.399882e+04 6.934166e+04 	 -1.845614e+04 2.398701e+04 6.934736e+04 	 -2.966744e+03 1.180624e+01 -5.699880e+00 
3.35309       	 -2.141580e+04 2.408428e+04 6.931895e+04 	 -1.845023e+04 2.407226e+04 6.932454e+04 	 -2.965570e+03 1.202007e+01 -5.587128e+00 
3.36183       	 -2.143475e+04 2.411554e+04 6.936748e+04 	 -1.846941e+04 2.410338e+04 6.937300e+04 	 -2.965342e+03 1.216259e+01 -5.520639e+00 
3.37057       	 -2.144083e+04 2.408929e+04 6.929340e+04 	 -1.847558e+04 2.407702e+04 6.929867e+04 	 -2.965251e+03 1.226831e+01 -5.261906e+00 
3.38011       	 -2.140062e+04 2.412250e+04 6.938522e+04 	 -1.843601e+04 2.410979e+04 6.939062e+04 	 -2.964611e+03 1.270378e+01 -5.398518e+00 
3.3895        	 -2.136544e+04 2.408240e+04 6.928159e+04 	 -1.840068e+04 2.406919e+04 6.928727e+04 	 -2.964755e+03 1.320884e+01 -5.687005e+00 
3.39822       	 -2.132447e+04 2.409232e+04 6.917980e+04 	 -1.835873e+04 2.407883e+04 6.918554e+04 	 -2.965738e+03 1.349777e+01 -5.739447e+00 
3.40694       	 -2.130631e+04 2.409413e+04 6.916736e+04 	 -1.833990e+04 2.408032e+04 6.917327e+04 	 -2.966415e+03 1.380461e+01 -5.905937e+00 
3.41636       	 -2.127822e+04 2.408483e+04 6.918508e+04 	 -1.831125e+04 2.407072e+04 6.919122e+04 	 -2.966976e+03 1.411008e+01 -6.138879e+00 
3.42507       	 -2.128912e+04 2.409805e+04 6.904616e+04 	 -1.832201e+04 2.408373e+04 6.905243e+04 	 -2.967104e+03 1.431604e+01 -6.274793e+00 
3.43378       	 -2.127416e+04 2.411897e+04 6.906790e+04 	 -1.830701e+04 2.410455e+04 6.907427e+04 	 -2.967151e+03 1.441218e+01 -6.370873e+00 
3.44249       	 -2.127326e+04 2.415701e+04 6.908036e+04 	 -1.830679e+04 2.414259e+04 6.908693e+04 	 -2.966467e+03 1.442006e+01 -6.568038e+00 
3.4512        	 -2.126459e+04 2.418151e+04 6.912776e+04 	 -1.829892e+04 2.416723e+04 6.913441e+04 	 -2.965677e+03 1.428623e+01 -6.657603e+00 
3.45991       	 -2.128383e+04 2.424690e+04 6.924315e+04 	 -1.831873e+04 2.423311e+04 6.924953e+04 	 -2.965097e+03 1.378772e+01 -6.377899e+00 
3.46862       	 -2.132508e+04 2.423650e+04 6.935340e+04 	 -1.835972e+04 2.422310e+04 6.935929e+04 	 -2.965354e+03 1.340558e+01 -5.886132e+00 
3.47733       	 -2.134425e+04 2.433830e+04 6.931346e+04 	 -1.837972e+04 2.432509e+04 6.931884e+04 	 -2.964532e+03 1.320336e+01 -5.381177e+00 
3.48605       	 -2.134645e+04 2.436254e+04 6.939205e+04 	 -1.838215e+04 2.434928e+04 6.939702e+04 	 -2.964297e+03 1.325580e+01 -4.966401e+00 
3.49476       	 -2.134520e+04 2.431915e+04 6.942140e+04 	 -1.838219e+04 2.430585e+04 6.942610e+04 	 -2.963011e+03 1.329308e+01 -4.700600e+00 
3.50347       	 -2.135257e+04 2.432723e+04 6.947207e+04 	 -1.839039e+04 2.431414e+04 6.947667e+04 	 -2.962184e+03 1.308736e+01 -4.592461e+00 
3.51218       	 -2.134437e+04 2.433410e+04 6.939152e+04 	 -1.838304e+04 2.432125e+04 6.939601e+04 	 -2.961331e+03 1.284814e+01 -4.490557e+00 
3.52156       	 -2.134856e+04 2.427529e+04 6.945309e+04 	 -1.838750e+04 2.426249e+04 6.945726e+04 	 -2.961056e+03 1.280114e+01 -4.167878e+00 
3.53094       	 -2.131952e+04 2.423865e+04 6.942860e+04 	 -1.835843e+04 2.422578e+04 6.943250e+04 	 -2.961090e+03 1.287614e+01 -3.904787e+00 
3.54032       	 -2.133247e+04 2.417341e+04 6.936542e+04 	 -1.837174e+04 2.416033e+04 6.936899e+04 	 -2.960730e+03 1.308402e+01 -3.570712e+00 
3.549         	 -2.131525e+04 2.413432e+04 6.919090e+04 	 -1.835556e+04 2.412061e+04 6.919452e+04 	 -2.959690e+03 1.370342e+01 -3.617381e+00 
3.55767       	 -2.130415e+04 2.403534e+04 6.914724e+04 	 -1.834402e+04 2.402104e+04 6.915085e+04 	 -2.960132e+03 1.430134e+01 -3.609458e+00 
3.56634       	 -2.128094e+04 2.396680e+04 6.908976e+04 	 -1.831979e+04 2.395224e+04 6.909325e+04 	 -2.961156e+03 1.456788e+01 -3.492165e+00 
3.57502       	 -2.125944e+04 2.391509e+04 6.903783e+04 	 -1.829674e+04 2.390062e+04 6.904124e+04 	 -2.962699e+03 1.446834e+01 -3.408075e+00 
3.58369       	 -2.124168e+04 2.396290e+04 6.900457e+04 	 -1.827722e+04 2.394850e+04 6.900799e+04 	 -2.964458e+03 1.439958e+01 -3.422316e+00 
3.59236       	 -2.123013e+04 2.404668e+04 6.909246e+04 	 -1.826461e+04 2.403232e+04 6.909604e+04 	 -2.965520e+03 1.435405e+01 -3.580635e+00 
3.60103       	 -2.123108e+04 2.415595e+04 6.921563e+04 	 -1.826547e+04 2.414145e+04 6.921956e+04 	 -2.965609e+03 1.449668e+01 -3.936393e+00 
3.60971       	 -2.121664e+04 2.429567e+04 6.922236e+04 	 -1.825112e+04 2.428118e+04 6.922646e+04 	 -2.965525e+03 1.448368e+01 -4.103813e+00 
3.61838       	 -2.122704e+04 2.429547e+04 6.929012e+04 	 -1.826213e+04 2.428097e+04 6.929462e+04 	 -2.964912e+03 1.450529e+01 -4.491387e+00 
3.62705       	 -2.124449e+04 2.435500e+04 6.924249e+04 	 -1.828054e+04 2.434064e+04 6.924728e+04 	 -2.963949e+03 1.435619e+01 -4.792797e+00 
3.63573       	 -2.125965e+04 2.433526e+04 6.921704e+04 	 -1.829519e+04 2.432119e+04 6.922194e+04 	 -2.964456e+03 1.407379e+01 -4.897406e+00 
3.6444        	 -2.126595e+04 2.431690e+04 6.918179e+04 	 -1.830166e+04 2.430318e+04 6.918673e+04 	 -2.964289e+03 1.371303e+01 -4.941227e+00 
3.65307       	 -2.129734e+04 2.428686e+04 6.918072e+04 	 -1.833323e+04 2.427349e+04 6.918544e+04 	 -2.964117e+03 1.337154e+01 -4.713566e+00 
3.66175       	 -2.130544e+04 2.417649e+04 6.924373e+04 	 -1.834197e+04 2.416318e+04 6.924839e+04 	 -2.963472e+03 1.330869e+01 -4.654291e+00 
3.67042       	 -2.128633e+04 2.410088e+04 6.927503e+04 	 -1.832327e+04 2.408768e+04 6.927944e+04 	 -2.963062e+03 1.319390e+01 -4.408322e+00 
3.67909       	 -2.128386e+04 2.421693e+04 6.925579e+04 	 -1.832044e+04 2.420374e+04 6.925981e+04 	 -2.963415e+03 1.319093e+01 -4.019361e+00 
3.68853       	 -2.126875e+04 2.423189e+04 6.936672e+04 	 -1.830600e+04 2.421835e+04 6.937069e+04 	 -2.962744e+03 1.353928e+01 -3.967660e+00 
3.69718       	 -2.126580e+04 2.412430e+04 6.923797e+04 	 -1.830282e+04 2.411056e+04 6.924182e+04 	 -2.962981e+03 1.373297e+01 -3.851513e+00 
3.70584       	 -2.125009e+04 2.419142e+04 6.924710e+04 	 -1.828625e+04 2.417763e+04 6.925075e+04 	 -2.963839e+03 1.378926e+01 -3.650732e+00 
3.71449       	 -2.124864e+04 2.418565e+04 6.933806e+04 	 -1.828407e+04 2.417200e+04 6.934151e+04 	 -2.964568e+03 1.365026e+01 -3.446888e+00 
3.72314       	 -2.124355e+04 2.420521e+04 6.941565e+04 	 -1.827731e+04 2.419149e+04 6.941903e+04 	 -2.966235e+03 1.372391e+01 -3.382124e+00 
3.73179       	 -2.123218e+04 2.422635e+04 6.943792e+04 	 -1.826510e+04 2.421265e+04 6.944133e+04 	 -2.967084e+03 1.369370e+01 -3.409825e+00 
3.74044       	 -2.121691e+04 2.433986e+04 6.942597e+04 	 -1.824897e+04 2.432609e+04 6.942964e+04 	 -2.967938e+03 1.377144e+01 -3.668283e+00 
3.74909       	 -2.119715e+04 2.432080e+04 6.949319e+04 	 -1.822833e+04 2.430697e+04 6.949686e+04 	 -2.968825e+03 1.382894e+01 -3.669923e+00 
3.75775       	 -2.119549e+04 2.435902e+04 6.952497e+04 	 -1.822601e+04 2.434511e+04 6.952886e+04 	 -2.969480e+03 1.391765e+01 -3.891129e+00 
3.7664        	 -2.122422e+04 2.433923e+04 6.953934e+04 	 -1.825292e+04 2.432544e+04 6.954319e+04 	 -2.971299e+03 1.379421e+01 -3.847409e+00 
3.77505       	 -2.122445e+04 2.439551e+04 6.943765e+04 	 -1.825163e+04 2.438187e+04 6.944126e+04 	 -2.972817e+03 1.364575e+01 -3.610406e+00 
3.7837        	 -2.125603e+04 2.442450e+04 6.946050e+04 	 -1.828302e+04 2.441100e+04 6.946403e+04 	 -2.973019e+03 1.350315e+01 -3.527808e+00 
3.79235       	 -2.127605e+04 2.445178e+04 6.943853e+04 	 -1.830290e+04 2.443849e+04 6.944201e+04 	 -2.973141e+03 1.328491e+01 -3.479959e+00 
3.80101       	 -2.128881e+04 2.449406e+04 6.949473e+04 	 -1.831574e+04 2.448110e+04 6.949786e+04 	 -2.973076e+03 1.295579e+01 -3.130383e+00 
3.80966       	 -2.130962e+04 2.450088e+04 6.945916e+04 	 -1.833625e+04 2.448810e+04 6.946206e+04 	 -2.973371e+03 1.278748e+01 -2.899104e+00 
3.81918       	 -2.130693e+04 2.450619e+04 6.957657e+04 	 -1.833331e+04 2.449329e+04 6.957957e+04 	 -2.973612e+03 1.289504e+01 -3.000678e+00 
3.82869       	 -2.128845e+04 2.457205e+04 6.961640e+04 	 -1.831345e+04 2.455956e+04 6.961898e+04 	 -2.974998e+03 1.249194e+01 -2.582528e+00 
3.83726       	 -2.126322e+04 2.456919e+04 6.949061e+04 	 -1.828782e+04 2.455683e+04 6.949295e+04 	 -2.975403e+03 1.235701e+01 -2.341894e+00 
3.84683       	 -2.125878e+04 2.454568e+04 6.961056e+04 	 -1.828415e+04 2.453342e+04 6.961296e+04 	 -2.974632e+03 1.225384e+01 -2.399824e+00 
3.8564        	 -2.125342e+04 2.460197e+04 6.961522e+04 	 -1.827969e+04 2.458965e+04 6.961772e+04 	 -2.973731e+03 1.232105e+01 -2.493167e+00 
3.86538       	 -2.125366e+04 2.469263e+04 6.951147e+04 	 -1.828023e+04 2.468042e+04 6.951401e+04 	 -2.973429e+03 1.220550e+01 -2.546027e+00 
3.87435       	 -2.124908e+04 2.461271e+04 6.955759e+04 	 -1.827578e+04 2.460048e+04 6.956014e+04 	 -2.973299e+03 1.222622e+01 -2.555707e+00 
3.88333       	 -2.124298e+04 2.463937e+04 6.958495e+04 	 -1.826933e+04 2.462756e+04 6.958751e+04 	 -2.973645e+03 1.180914e+01 -2.555325e+00 
3.8923        	 -2.124167e+04 2.461248e+04 6.955747e+04 	 -1.826742e+04 2.460081e+04 6.956029e+04 	 -2.974243e+03 1.166626e+01 -2.815796e+00 
3.90128       	 -2.125373e+04 2.458031e+04 6.964865e+04 	 -1.827828e+04 2.456868e+04 6.965159e+04 	 -2.975445e+03 1.163146e+01 -2.939215e+00 
3.91025       	 -2.127831e+04 2.463111e+04 6.963412e+04 	 -1.830275e+04 2.461961e+04 6.963722e+04 	 -2.975557e+03 1.149679e+01 -3.096998e+00 
3.91923       	 -2.128105e+04 2.461373e+04 6.969079e+04 	 -1.830525e+04 2.460247e+04 6.969395e+04 	 -2.975794e+03 1.125789e+01 -3.161957e+00 
3.9282        	 -2.130329e+04 2.468383e+04 6.967063e+04 	 -1.832648e+04 2.467303e+04 6.967362e+04 	 -2.976812e+03 1.080524e+01 -2.991852e+00 
3.93718       	 -2.132204e+04 2.462228e+04 6.967475e+04 	 -1.834380e+04 2.461211e+04 6.967748e+04 	 -2.978236e+03 1.016834e+01 -2.729405e+00 
3.94615       	 -2.132797e+04 2.464144e+04 6.963474e+04 	 -1.834910e+04 2.463177e+04 6.963744e+04 	 -2.978872e+03 9.675788e+00 -2.695594e+00 
3.95513       	 -2.136110e+04 2.470179e+04 6.962421e+04 	 -1.838290e+04 2.469242e+04 6.962705e+04 	 -2.978199e+03 9.364675e+00 -2.844550e+00 
3.9641        	 -2.138684e+04 2.461251e+04 6.958346e+04 	 -1.841007e+04 2.460344e+04 6.958644e+04 	 -2.976771e+03 9.070243e+00 -2.979320e+00 
3.97308       	 -2.137923e+04 2.460713e+04 6.954393e+04 	 -1.840347e+04 2.459831e+04 6.954696e+04 	 -2.975760e+03 8.822428e+00 -3.034442e+00 
3.98205       	 -2.137872e+04 2.462139e+04 6.949184e+04 	 -1.840508e+04 2.461261e+04 6.949514e+04 	 -2.973640e+03 8.777027e+00 -3.301261e+00 
3.99103       	 -2.137030e+04 2.460244e+04 6.948299e+04 	 -1.839876e+04 2.459362e+04 6.948646e+04 	 -2.971549e+03 8.815410e+00 -3.461469e+00 
4             	 -2.133255e+04 2.466475e+04 6.946901e+04 	 -1.836269e+04 2.465590e+04 6.947251e+04 	 -2.969866e+03 8.857572e+00 -3.502525e+00 
4.0087        	 -2.132049e+04 2.459423e+04 6.944999e+04 	 -1.835179e+04 2.458539e+04 6.945348e+04 	 -2.968703e+03 8.837281e+00 -3.492808e+00 
4.01747       	 -2.129377e+04 2.458692e+04 6.944193e+04 	 -1.832649e+04 2.457813e+04 6.944562e+04 	 -2.967288e+03 8.793659e+00 -3.696076e+00 
4.02624       	 -2.129946e+04 2.462546e+04 6.938672e+04 	 -1.833294e+04 2.461695e+04 6.939031e+04 	 -2.966517e+03 8.510085e+00 -3.586375e+00 
4.03494       	 -2.127170e+04 2.457333e+04 6.934483e+04 	 -1.830603e+04 2.456513e+04 6.934831e+04 	 -2.965669e+03 8.203557e+00 -3.476107e+00 
4.04363       	 -2.127608e+04 2.442926e+04 6.930912e+04 	 -1.831158e+04 2.442111e+04 6.931257e+04 	 -2.964498e+03 8.152536e+00 -3.455341e+00 
4.0531        	 -2.127851e+04 2.443315e+04 6.927669e+04 	 -1.831408e+04 2.442511e+04 6.927977e+04 	 -2.964435e+03 8.036101e+00 -3.088912e+00 
4.06179       	 -2.127607e+04 2.440480e+04 6.912128e+04 	 -1.831108e+04 2.439683e+04 6.912401e+04 	 -2.964984e+03 7.971865e+00 -2.734007e+00 
4.07047       	 -2.130538e+04 2.435921e+04 6.910486e+04 	 -1.834071e+04 2.435104e+04 6.910779e+04 	 -2.964668e+03 8.169761e+00 -2.929426e+00 
4.07916       	 -2.132688e+04 2.424523e+04 6.912280e+04 	 -1.836313e+04 2.423671e+04 6.912596e+04 	 -2.963752e+03 8.520106e+00 -3.156469e+00 
4.08785       	 -2.130902e+04 2.434700e+04 6.905398e+04 	 -1.834632e+04 2.433808e+04 6.905745e+04 	 -2.962698e+03 8.919532e+00 -3.470605e+00 
4.09653       	 -2.131615e+04 2.428084e+04 6.905253e+04 	 -1.835386e+04 2.427173e+04 6.905602e+04 	 -2.962297e+03 9.112924e+00 -3.493995e+00 
4.10522       	 -2.133760e+04 2.426254e+04 6.903166e+04 	 -1.837670e+04 2.425303e+04 6.903533e+04 	 -2.960904e+03 9.513245e+00 -3.670418e+00 
4.11391       	 -2.131996e+04 2.420941e+04 6.906297e+04 	 -1.836056e+04 2.419971e+04 6.906657e+04 	 -2.959394e+03 9.699335e+00 -3.599327e+00 
4.1226        	 -2.132631e+04 2.431015e+04 6.910368e+04 	 -1.836747e+04 2.430045e+04 6.910701e+04 	 -2.958845e+03 9.691546e+00 -3.334801e+00 
4.13128       	 -2.131559e+04 2.437354e+04 6.913703e+04 	 -1.835600e+04 2.436413e+04 6.913982e+04 	 -2.959587e+03 9.410393e+00 -2.789742e+00 
4.13997       	 -2.128043e+04 2.441117e+04 6.925022e+04 	 -1.832081e+04 2.440181e+04 6.925283e+04 	 -2.959618e+03 9.359330e+00 -2.606122e+00 
4.14866       	 -2.124260e+04 2.429242e+04 6.936902e+04 	 -1.828430e+04 2.428270e+04 6.937160e+04 	 -2.958303e+03 9.713760e+00 -2.583832e+00 
4.15734       	 -2.120399e+04 2.442264e+04 6.935932e+04 	 -1.824631e+04 2.441276e+04 6.936180e+04 	 -2.957678e+03 9.881916e+00 -2.478680e+00 
4.16603       	 -2.116442e+04 2.438573e+04 6.941497e+04 	 -1.820702e+04 2.437590e+04 6.941730e+04 	 -2.957394e+03 9.826315e+00 -2.333949e+00 
4.17472       	 -2.113834e+04 2.440383e+04 6.941092e+04 	 -1.818125e+04 2.439389e+04 6.941333e+04 	 -2.957090e+03 9.943171e+00 -2.407458e+00 
4.18341       	 -2.110738e+04 2.431740e+04 6.941569e+04 	 -1.815144e+04 2.430731e+04 6.941825e+04 	 -2.955934e+03 1.008514e+01 -2.559093e+00 
4.19209       	 -2.109122e+04 2.434810e+04 6.936529e+04 	 -1.813656e+04 2.433796e+04 6.936809e+04 	 -2.954667e+03 1.014043e+01 -2.800209e+00 
4.20078       	 -2.105972e+04 2.448956e+04 6.939154e+04 	 -1.810575e+04 2.447929e+04 6.939457e+04 	 -2.953977e+03 1.027414e+01 -3.030134e+00 
4.20947       	 -2.105561e+04 2.434675e+04 6.946523e+04 	 -1.810277e+04 2.433628e+04 6.946842e+04 	 -2.952837e+03 1.046361e+01 -3.193847e+00 
4.21815       	 -2.107842e+04 2.442653e+04 6.941628e+04 	 -1.812729e+04 2.441562e+04 6.941982e+04 	 -2.951124e+03 1.091359e+01 -3.536630e+00 
4.22684       	 -2.107759e+04 2.446857e+04 6.940427e+04 	 -1.812788e+04 2.445717e+04 6.940802e+04 	 -2.949707e+03 1.140068e+01 -3.755212e+00 
4.23553       	 -2.110429e+04 2.432950e+04 6.936715e+04 	 -1.815437e+04 2.431794e+04 6.937061e+04 	 -2.949915e+03 1.156303e+01 -3.463431e+00 
4.24422       	 -2.113286e+04 2.436233e+04 6.940328e+04 	 -1.818393e+04 2.435056e+04 6.940671e+04 	 -2.948936e+03 1.176780e+01 -3.431108e+00 
4.2529        	 -2.113430e+04 2.453019e+04 6.936461e+04 	 -1.818579e+04 2.451836e+04 6.936787e+04 	 -2.948509e+03 1.182549e+01 -3.258848e+00 
4.26159       	 -2.117242e+04 2.450878e+04 6.942651e+04 	 -1.822444e+04 2.449703e+04 6.942952e+04 	 -2.947972e+03 1.174625e+01 -3.007477e+00 
4.27028       	 -2.121902e+04 2.449912e+04 6.938533e+04 	 -1.827204e+04 2.448735e+04 6.938814e+04 	 -2.946980e+03 1.176755e+01 -2.813164e+00 
4.27951       	 -2.124307e+04 2.436314e+04 6.936707e+04 	 -1.829787e+04 2.435132e+04 6.936982e+04 	 -2.945202e+03 1.181532e+01 -2.747283e+00 
4.2882        	 -2.126959e+04 2.434679e+04 6.922147e+04 	 -1.832532e+04 2.433517e+04 6.922395e+04 	 -2.944274e+03 1.161937e+01 -2.473584e+00 
4.29688       	 -2.129035e+04 2.426734e+04 6.922337e+04 	 -1.834774e+04 2.425589e+04 6.922559e+04 	 -2.942608e+03 1.145306e+01 -2.214268e+00 
4.30556       	 -2.126533e+04 2.415871e+04 6.920731e+04 	 -1.832449e+04 2.414714e+04 6.920933e+04 	 -2.940848e+03 1.156404e+01 -2.014892e+00 
4.31424       	 -2.126462e+04 2.424781e+04 6.912078e+04 	 -1.832516e+04 2.423617e+04 6.912251e+04 	 -2.939464e+03 1.163676e+01 -1.724589e+00 
4.32292       	 -2.126574e+04 2.409800e+04 6.912343e+04 	 -1.832868e+04 2.408605e+04 6.912507e+04 	 -2.937058e+03 1.195485e+01 -1.632661e+00 
4.3316        	 -2.127490e+04 2.404433e+04 6.909169e+04 	 -1.833922e+04 2.403215e+04 6.909309e+04 	 -2.935674e+03 1.217322e+01 -1.403004e+00 
4.34028       	 -2.127020e+04 2.399769e+04 6.907400e+04 	 -1.833605e+04 2.398518e+04 6.907554e+04 	 -2.934154e+03 1.251434e+01 -1.541070e+00 
4.34896       	 -2.124908e+04 2.407886e+04 6.904870e+04 	 -1.831727e+04 2.406592e+04 6.905023e+04 	 -2.931810e+03 1.294358e+01 -1.536729e+00 
4.35764       	 -2.126299e+04 2.401859e+04 6.908114e+04 	 -1.833343e+04 2.400513e+04 6.908276e+04 	 -2.929557e+03 1.345775e+01 -1.621631e+00 
4.36632       	 -2.128094e+04 2.401714e+04 6.910137e+04 	 -1.835260e+04 2.400357e+04 6.910268e+04 	 -2.928337e+03 1.356906e+01 -1.311580e+00 
4.375         	 -2.128211e+04 2.403190e+04 6.900890e+04 	 -1.835459e+04 2.401814e+04 6.901005e+04 	 -2.927526e+03 1.375382e+01 -1.153226e+00 
4.3838        	 -2.127380e+04 2.399975e+04 6.899860e+04 	 -1.834792e+04 2.398568e+04 6.899973e+04 	 -2.925885e+03 1.407030e+01 -1.130367e+00 
4.39261       	 -2.127521e+04 2.416275e+04 6.893140e+04 	 -1.835120e+04 2.414838e+04 6.893259e+04 	 -2.924011e+03 1.436703e+01 -1.191437e+00 
4.40141       	 -2.130073e+04 2.404287e+04 6.895169e+04 	 -1.837809e+04 2.402833e+04 6.895291e+04 	 -2.922643e+03 1.454851e+01 -1.214032e+00 
4.41021       	 -2.131430e+04 2.408574e+04 6.895561e+04 	 -1.839340e+04 2.407123e+04 6.895686e+04 	 -2.920901e+03 1.450960e+01 -1.250260e+00 
4.41901       	 -2.135324e+04 2.410853e+04 6.898706e+04 	 -1.843271e+04 2.409428e+04 6.898798e+04 	 -2.920532e+03 1.425603e+01 -9.238106e-01 
4.42782       	 -2.136677e+04 2.424829e+04 6.901049e+04 	 -1.844713e+04 2.423409e+04 6.901134e+04 	 -2.919636e+03 1.420416e+01 -8.551487e-01 
4.43662       	 -2.137065e+04 2.421624e+04 6.903474e+04 	 -1.845213e+04 2.420228e+04 6.903536e+04 	 -2.918521e+03 1.395560e+01 -6.245580e-01 
4.44542       	 -2.134597e+04 2.417865e+04 6.897503e+04 	 -1.842967e+04 2.416471e+04 6.897575e+04 	 -2.916302e+03 1.394356e+01 -7.263843e-01 
4.45423       	 -2.136275e+04 2.425846e+04 6.904795e+04 	 -1.844804e+04 2.424479e+04 6.904848e+04 	 -2.914715e+03 1.367179e+01 -5.357665e-01 
4.46303       	 -2.133700e+04 2.420168e+04 6.912405e+04 	 -1.842358e+04 2.418831e+04 6.912440e+04 	 -2.913425e+03 1.336591e+01 -3.552114e-01 
4.47183       	 -2.132742e+04 2.430279e+04 6.921541e+04 	 -1.841545e+04 2.428971e+04 6.921592e+04 	 -2.911976e+03 1.308089e+01 -5.088769e-01 
4.48063       	 -2.130631e+04 2.438908e+04 6.917697e+04 	 -1.839581e+04 2.437618e+04 6.917766e+04 	 -2.910501e+03 1.290469e+01 -6.883313e-01 
4.48944       	 -2.129596e+04 2.437300e+04 6.928984e+04 	 -1.838690e+04 2.435999e+04 6.929106e+04 	 -2.909056e+03 1.301503e+01 -1.218626e+00 
4.49824       	 -2.125112e+04 2.438881e+04 6.937341e+04 	 -1.834164e+04 2.437619e+04 6.937464e+04 	 -2.909480e+03 1.262129e+01 -1.229138e+00 
4.50704       	 -2.125952e+04 2.436731e+04 6.938912e+04 	 -1.834867e+04 2.435489e+04 6.939030e+04 	 -2.910849e+03 1.242300e+01 -1.173382e+00 
4.51585       	 -2.123632e+04 2.445458e+04 6.941282e+04 	 -1.832461e+04 2.444210e+04 6.941404e+04 	 -2.911708e+03 1.247464e+01 -1.215440e+00 
4.52465       	 -2.122176e+04 2.434407e+04 6.948056e+04 	 -1.830881e+04 2.433141e+04 6.948192e+04 	 -2.912948e+03 1.266139e+01 -1.360819e+00 
4.53345       	 -2.121174e+04 2.436980e+04 6.947283e+04 	 -1.829651e+04 2.435694e+04 6.947414e+04 	 -2.915230e+03 1.285752e+01 -1.308848e+00 
4.54225       	 -2.119938e+04 2.437703e+04 6.945197e+04 	 -1.828127e+04 2.436390e+04 6.945315e+04 	 -2.918114e+03 1.312804e+01 -1.179772e+00 
4.55106       	 -2.121587e+04 2.438005e+04 6.939028e+04 	 -1.829441e+04 2.436673e+04 6.939138e+04 	 -2.921464e+03 1.331710e+01 -1.102366e+00 
4.55986       	 -2.122470e+04 2.436280e+04 6.938176e+04 	 -1.830014e+04 2.434922e+04 6.938293e+04 	 -2.924562e+03 1.357211e+01 -1.174153e+00 
4.56866       	 -2.127215e+04 2.430217e+04 6.935662e+04 	 -1.834502e+04 2.428846e+04 6.935780e+04 	 -2.927128e+03 1.371103e+01 -1.171515e+00 
4.57747       	 -2.130637e+04 2.443363e+04 6.931939e+04 	 -1.837727e+04 2.441992e+04 6.932051e+04 	 -2.929101e+03 1.371398e+01 -1.125359e+00 
4.58627       	 -2.135059e+04 2.437833e+04 6.933348e+04 	 -1.841949e+04 2.436459e+04 6.933449e+04 	 -2.931106e+03 1.374403e+01 -1.007518e+00 
4.59507       	 -2.141101e+04 2.436233e+04 6.931404e+04 	 -1.847894e+04 2.434836e+04 6.931517e+04 	 -2.932066e+03 1.397229e+01 -1.121433e+00 
4.60387       	 -2.143814e+04 2.446821e+04 6.928324e+04 	 -1.850564e+04 2.445408e+04 6.928455e+04 	 -2.932500e+03 1.413108e+01 -1.312483e+00 
4.61268       	 -2.144727e+04 2.436627e+04 6.933836e+04 	 -1.851345e+04 2.435204e+04 6.933958e+04 	 -2.933823e+03 1.422195e+01 -1.224255e+00 
4.62212       	 -2.145205e+04 2.448488e+04 6.940507e+04 	 -1.851716e+04 2.447059e+04 6.940629e+04 	 -2.934891e+03 1.428306e+01 -1.213802e+00 
4.63091       	 -2.148228e+04 2.447007e+04 6.936896e+04 	 -1.854640e+04 2.445574e+04 6.937012e+04 	 -2.935878e+03 1.433479e+01 -1.165329e+00 
4.6397        	 -2.147167e+04 2.456747e+04 6.942101e+04 	 -1.853416e+04 2.455306e+04 6.942200e+04 	 -2.937506e+03 1.441287e+01 -9.897170e-01 
4.64849       	 -2.147766e+04 2.466200e+04 6.947329e+04 	 -1.853841e+04 2.464774e+04 6.947379e+04 	 -2.939248e+03 1.426482e+01 -5.034370e-01 
4.65727       	 -2.147105e+04 2.455642e+04 6.947945e+04 	 -1.852972e+04 2.454212e+04 6.947965e+04 	 -2.941325e+03 1.429782e+01 -2.036803e-01 
4.66606       	 -2.147990e+04 2.454370e+04 6.946350e+04 	 -1.853687e+04 2.452925e+04 6.946349e+04 	 -2.943024e+03 1.444514e+01 1.534025e-02 
4.67485       	 -2.148513e+04 2.450057e+04 6.949298e+04 	 -1.854011e+04 2.448589e+04 6.949281e+04 	 -2.945017e+03 1.467807e+01 1.657478e-01 
4.68364       	 -2.146340e+04 2.447093e+04 6.946392e+04 	 -1.851761e+04 2.445617e+04 6.946377e+04 	 -2.945791e+03 1.475581e+01 1.571862e-01 
4.69243       	 -2.144989e+04 2.446147e+04 6.937191e+04 	 -1.850243e+04 2.444677e+04 6.937170e+04 	 -2.947462e+03 1.470101e+01 2.030213e-01 
4.70121       	 -2.144428e+04 2.432751e+04 6.931271e+04 	 -1.849493e+04 2.431293e+04 6.931250e+04 	 -2.949348e+03 1.458041e+01 2.110927e-01 
4.71          	 -2.143644e+04 2.433153e+04 6.926673e+04 	 -1.848497e+04 2.431733e+04 6.926650e+04 	 -2.951468e+03 1.420233e+01 2.341938e-01 
4.71879       	 -2.140490e+04 2.422417e+04 6.926471e+04 	 -1.845107e+04 2.421026e+04 6.926448e+04 	 -2.953830e+03 1.391261e+01 2.283618e-01 
4.72758       	 -2.137614e+04 2.428137e+04 6.928336e+04 	 -1.841908e+04 2.426780e+04 6.928320e+04 	 -2.957059e+03 1.357487e+01 1.552175e-01 
4.73637       	 -2.135274e+04 2.423539e+04 6.925626e+04 	 -1.839265e+04 2.422215e+04 6.925612e+04 	 -2.960082e+03 1.323392e+01 1.416354e-01 
4.74515       	 -2.136664e+04 2.422384e+04 6.929001e+04 	 -1.840325e+04 2.421099e+04 6.928975e+04 	 -2.963387e+03 1.285081e+01 2.555312e-01 
4.75394       	 -2.136702e+04 2.425471e+04 6.929763e+04 	 -1.840068e+04 2.424216e+04 6.929736e+04 	 -2.966342e+03 1.254441e+01 2.658346e-01 
4.76273       	 -2.140161e+04 2.429323e+04 6.934901e+04 	 -1.843439e+04 2.428069e+04 6.934910e+04 	 -2.967218e+03 1.254226e+01 -8.923186e-02 
4.77152       	 -2.142428e+04 2.432629e+04 6.930769e+04 	 -1.845677e+04 2.431363e+04 6.930814e+04 	 -2.967505e+03 1.265936e+01 -4.554649e-01 
4.7803        	 -2.143328e+04 2.430795e+04 6.927984e+04 	 -1.846559e+04 2.429509e+04 6.928073e+04 	 -2.967696e+03 1.285819e+01 -8.885780e-01 
4.78909       	 -2.143675e+04 2.435154e+04 6.932389e+04 	 -1.846850e+04 2.433852e+04 6.932517e+04 	 -2.968250e+03 1.302186e+01 -1.282120e+00 
4.79788       	 -2.145335e+04 2.449223e+04 6.932251e+04 	 -1.848338e+04 2.447939e+04 6.932393e+04 	 -2.969970e+03 1.283383e+01 -1.426569e+00 
4.80667       	 -2.144866e+04 2.437869e+04 6.940997e+04 	 -1.847655e+04 2.436607e+04 6.941148e+04 	 -2.972115e+03 1.261544e+01 -1.504575e+00 
4.81546       	 -2.143557e+04 2.452730e+04 6.934532e+04 	 -1.846136e+04 2.451488e+04 6.934708e+04 	 -2.974212e+03 1.241694e+01 -1.760053e+00 
4.82424       	 -2.143054e+04 2.448032e+04 6.933587e+04 	 -1.845310e+04 2.446844e+04 6.933747e+04 	 -2.977445e+03 1.187751e+01 -1.604500e+00 
4.83303       	 -2.142391e+04 2.442597e+04 6.923500e+04 	 -1.844338e+04 2.441466e+04 6.923666e+04 	 -2.980526e+03 1.130950e+01 -1.657376e+00 
4.84182       	 -2.138253e+04 2.430033e+04 6.922715e+04 	 -1.840059e+04 2.428931e+04 6.922919e+04 	 -2.981939e+03 1.102320e+01 -2.035550e+00 
4.85061       	 -2.136016e+04 2.434580e+04 6.926577e+04 	 -1.837723e+04 2.433479e+04 6.926801e+04 	 -2.982937e+03 1.100493e+01 -2.237093e+00 
4.85994       	 -2.133763e+04 2.443114e+04 6.935210e+04 	 -1.835264e+04 2.442031e+04 6.935424e+04 	 -2.984987e+03 1.083540e+01 -2.143828e+00 
4.86928       	 -2.133731e+04 2.442067e+04 6.933848e+04 	 -1.835064e+04 2.440999e+04 6.934067e+04 	 -2.986670e+03 1.068260e+01 -2.191100e+00 
4.87862       	 -2.134026e+04 2.446808e+04 6.934573e+04 	 -1.835231e+04 2.445756e+04 6.934761e+04 	 -2.987950e+03 1.051430e+01 -1.872920e+00 
4.88796       	 -2.134484e+04 2.451934e+04 6.928481e+04 	 -1.835451e+04 2.450914e+04 6.928614e+04 	 -2.990323e+03 1.020301e+01 -1.328245e+00 
4.89657       	 -2.135319e+04 2.440020e+04 6.926293e+04 	 -1.836263e+04 2.438967e+04 6.926451e+04 	 -2.990562e+03 1.053178e+01 -1.579775e+00 
4.90519       	 -2.138260e+04 2.442467e+04 6.930813e+04 	 -1.839116e+04 2.441396e+04 6.930973e+04 	 -2.991434e+03 1.070653e+01 -1.595360e+00 
4.91381       	 -2.136028e+04 2.442219e+04 6.924746e+04 	 -1.836907e+04 2.441111e+04 6.924929e+04 	 -2.991212e+03 1.107827e+01 -1.826626e+00 
4.92243       	 -2.136556e+04 2.433409e+04 6.931396e+04 	 -1.837516e+04 2.432250e+04 6.931630e+04 	 -2.990395e+03 1.158591e+01 -2.341324e+00 
4.93213       	 -2.136755e+04 2.430220e+04 6.938030e+04 	 -1.837746e+04 2.429036e+04 6.938281e+04 	 -2.990081e+03 1.184010e+01 -2.514048e+00 
4.94182       	 -2.139039e+04 2.434697e+04 6.927382e+04 	 -1.840119e+04 2.433492e+04 6.927650e+04 	 -2.989201e+03 1.204667e+01 -2.682076e+00 
4.95013       	 -2.137493e+04 2.425168e+04 6.915788e+04 	 -1.838604e+04 2.423952e+04 6.916062e+04 	 -2.988886e+03 1.216289e+01 -2.735087e+00 
4.95844       	 -2.136413e+04 2.421785e+04 6.918210e+04 	 -1.837516e+04 2.420571e+04 6.918466e+04 	 -2.988968e+03 1.213701e+01 -2.562612e+00 
4.96676       	 -2.135596e+04 2.431891e+04 6.915667e+04 	 -1.836735e+04 2.430664e+04 6.915925e+04 	 -2.988617e+03 1.226587e+01 -2.580213e+00 
4.97507       	 -2.133220e+04 2.431071e+04 6.922887e+04 	 -1.834396e+04 2.429835e+04 6.923149e+04 	 -2.988236e+03 1.235671e+01 -2.619456e+00 
4.98338       	 -2.131265e+04 2.433685e+04 6.925030e+04 	 -1.832458e+04 2.432448e+04 6.925300e+04 	 -2.988077e+03 1.237761e+01 -2.706293e+00 
4.99169       	 -2.132643e+04 2.420639e+04 6.924309e+04 	 -1.833775e+04 2.419409e+04 6.924566e+04 	 -2.988675e+03 1.230424e+01 -2.573893e+00 
5             	 -2.132188e+04 2.425406e+04 6.923250e+04 	 -1.833266e+04 2.424207e+04 6.923485e+04 	 -2.989213e+03 1.199222e+01 -2.347364e+00 
5.00926       	 -2.132701e+04 2.434406e+04 6.939041e+04 	 -1.833763e+04 2.433213e+04 6.939252e+04 	 -2.989379e+03 1.193428e+01 -2.112101e+00 
5.01803       	 -2.132193e+04 2.438263e+04 6.933416e+04 	 -1.833479e+04 2.437036e+04 6.933671e+04 	 -2.987142e+03 1.227349e+01 -2.549955e+00 
5.02747       	 -2.134207e+04 2.432703e+04 6.947446e+04 	 -1.835635e+04 2.431471e+04 6.947697e+04 	 -2.985725e+03 1.231882e+01 -2.516036e+00 
5.03623       	 -2.136127e+04 2.433085e+04 6.940665e+04 	 -1.837663e+04 2.431845e+04 6.940897e+04 	 -2.984646e+03 1.240206e+01 -2.316067e+00 
5.04577       	 -2.139440e+04 2.442097e+04 6.952811e+04 	 -1.841182e+04 2.440875e+04 6.953029e+04 	 -2.982589e+03 1.222227e+01 -2.185753e+00 
5.05453       	 -2.140496e+04 2.442858e+04 6.948632e+04 	 -1.842354e+04 2.441640e+04 6.948833e+04 	 -2.981419e+03 1.218576e+01 -2.012099e+00 
5.06398       	 -2.143256e+04 2.444527e+04 6.956142e+04 	 -1.845301e+04 2.443339e+04 6.956302e+04 	 -2.979543e+03 1.188261e+01 -1.598233e+00 
5.07273       	 -2.146192e+04 2.444042e+04 6.949793e+04 	 -1.848258e+04 2.442885e+04 6.949933e+04 	 -2.979338e+03 1.156749e+01 -1.401386e+00 
5.08148       	 -2.148783e+04 2.451824e+04 6.951232e+04 	 -1.851042e+04 2.450721e+04 6.951376e+04 	 -2.977408e+03 1.102556e+01 -1.436256e+00 
5.09023       	 -2.149299e+04 2.456471e+04 6.947124e+04 	 -1.851721e+04 2.455400e+04 6.947269e+04 	 -2.975773e+03 1.071452e+01 -1.453295e+00 
5.09897       	 -2.149288e+04 2.449730e+04 6.946751e+04 	 -1.851873e+04 2.448698e+04 6.946868e+04 	 -2.974151e+03 1.031724e+01 -1.175502e+00 
5.10772       	 -2.147450e+04 2.453773e+04 6.936094e+04 	 -1.850228e+04 2.452762e+04 6.936196e+04 	 -2.972217e+03 1.011069e+01 -1.019815e+00 
5.11647       	 -2.147139e+04 2.435937e+04 6.936895e+04 	 -1.850066e+04 2.434961e+04 6.936973e+04 	 -2.970727e+03 9.768814e+00 -7.796686e-01 
5.12522       	 -2.143537e+04 2.437922e+04 6.936671e+04 	 -1.846663e+04 2.436962e+04 6.936737e+04 	 -2.968743e+03 9.596542e+00 -6.544289e-01 
5.13396       	 -2.140417e+04 2.435188e+04 6.931698e+04 	 -1.843726e+04 2.434244e+04 6.931766e+04 	 -2.966909e+03 9.438828e+00 -6.779365e-01 
5.14271       	 -2.135652e+04 2.433137e+04 6.933930e+04 	 -1.839129e+04 2.432178e+04 6.933998e+04 	 -2.965224e+03 9.589958e+00 -6.766901e-01 
5.15146       	 -2.131449e+04 2.435844e+04 6.929985e+04 	 -1.834992e+04 2.434878e+04 6.930031e+04 	 -2.964568e+03 9.654448e+00 -4.581205e-01 
5.16021       	 -2.126359e+04 2.428401e+04 6.935422e+04 	 -1.829953e+04 2.427409e+04 6.935472e+04 	 -2.964055e+03 9.924220e+00 -4.984430e-01 
5.16896       	 -2.126157e+04 2.418995e+04 6.936294e+04 	 -1.829755e+04 2.417992e+04 6.936343e+04 	 -2.964017e+03 1.002681e+01 -4.889159e-01 
5.1777        	 -2.124446e+04 2.436903e+04 6.932055e+04 	 -1.827985e+04 2.435905e+04 6.932118e+04 	 -2.964609e+03 9.983143e+00 -6.348229e-01 
5.18645       	 -2.123861e+04 2.426982e+04 6.933018e+04 	 -1.827300e+04 2.426008e+04 6.933093e+04 	 -2.965603e+03 9.746263e+00 -7.532034e-01 
5.1952        	 -2.122206e+04 2.438371e+04 6.930085e+04 	 -1.825492e+04 2.437432e+04 6.930163e+04 	 -2.967143e+03 9.390507e+00 -7.834056e-01 
5.20395       	 -2.122531e+04 2.444757e+04 6.931245e+04 	 -1.825696e+04 2.443814e+04 6.931346e+04 	 -2.968348e+03 9.427395e+00 -1.005027e+00 
5.2127        	 -2.121237e+04 2.443376e+04 6.932933e+04 	 -1.824299e+04 2.442425e+04 6.933035e+04 	 -2.969386e+03 9.512239e+00 -1.020843e+00 
5.22144       	 -2.123256e+04 2.450429e+04 6.935881e+04 	 -1.826249e+04 2.449465e+04 6.935966e+04 	 -2.970070e+03 9.634511e+00 -8.409268e-01 
5.23019       	 -2.125982e+04 2.451002e+04 6.938668e+04 	 -1.828891e+04 2.450025e+04 6.938731e+04 	 -2.970901e+03 9.768896e+00 -6.260690e-01 
5.23894       	 -2.130151e+04 2.449852e+04 6.936717e+04 	 -1.833089e+04 2.448849e+04 6.936790e+04 	 -2.970624e+03 1.002881e+01 -7.338944e-01 
5.24769       	 -2.133039e+04 2.453106e+04 6.933201e+04 	 -1.835963e+04 2.452097e+04 6.933262e+04 	 -2.970755e+03 1.009611e+01 -6.086496e-01 
5.25643       	 -2.137544e+04 2.451154e+04 6.930911e+04 	 -1.840373e+04 2.450150e+04 6.930940e+04 	 -2.971704e+03 1.004345e+01 -2.912220e-01 
5.26518       	 -2.138994e+04 2.446590e+04 6.929153e+04 	 -1.841805e+04 2.445577e+04 6.929166e+04 	 -2.971894e+03 1.012869e+01 -1.249536e-01 
5.27393       	 -2.140473e+04 2.440906e+04 6.928069e+04 	 -1.843260e+04 2.439873e+04 6.928066e+04 	 -2.972137e+03 1.033305e+01 2.486868e-02 
5.28268       	 -2.141438e+04 2.445816e+04 6.922195e+04 	 -1.844134e+04 2.444768e+04 6.922161e+04 	 -2.973042e+03 1.048650e+01 3.368302e-01 
5.29143       	 -2.142150e+04 2.433861e+04 6.922178e+04 	 -1.844731e+04 2.432801e+04 6.922110e+04 	 -2.974183e+03 1.059966e+01 6.738886e-01 
5.30017       	 -2.141182e+04 2.436584e+04 6.918617e+04 	 -1.843723e+04 2.435515e+04 6.918526e+04 	 -2.974593e+03 1.069603e+01 9.116496e-01 
5.30892       	 -2.140241e+04 2.440507e+04 6.919113e+04 	 -1.842758e+04 2.439411e+04 6.919039e+04 	 -2.974829e+03 1.095685e+01 7.421168e-01 
5.31767       	 -2.142198e+04 2.441643e+04 6.927175e+04 	 -1.844716e+04 2.440525e+04 6.927107e+04 	 -2.974815e+03 1.117767e+01 6.790670e-01 
5.32642       	 -2.140626e+04 2.444501e+04 6.927490e+04 	 -1.843135e+04 2.443373e+04 6.927432e+04 	 -2.974909e+03 1.128397e+01 5.781344e-01 
5.33516       	 -2.138691e+04 2.437882e+04 6.930182e+04 	 -1.841120e+04 2.436748e+04 6.930116e+04 	 -2.975707e+03 1.134264e+01 6.633700e-01 
5.34391       	 -2.136583e+04 2.427172e+04 6.930562e+04 	 -1.838904e+04 2.426025e+04 6.930500e+04 	 -2.976782e+03 1.146520e+01 6.201785e-01 
5.35266       	 -2.134799e+04 2.428873e+04 6.926224e+04 	 -1.837080e+04 2.427711e+04 6.926190e+04 	 -2.977189e+03 1.162340e+01 3.448540e-01 
5.36141       	 -2.134256e+04 2.431218e+04 6.932770e+04 	 -1.836414e+04 2.430044e+04 6.932747e+04 	 -2.978416e+03 1.174418e+01 2.241993e-01 
5.37016       	 -2.130888e+04 2.424144e+04 6.935901e+04 	 -1.832839e+04 2.422975e+04 6.935879e+04 	 -2.980489e+03 1.168707e+01 2.173973e-01 
5.3789        	 -2.132193e+04 2.428853e+04 6.932086e+04 	 -1.833937e+04 2.427716e+04 6.932053e+04 	 -2.982565e+03 1.136362e+01 3.276962e-01 
5.38765       	 -2.133265e+04 2.432075e+04 6.931155e+04 	 -1.834771e+04 2.430994e+04 6.931104e+04 	 -2.984941e+03 1.081486e+01 5.018218e-01 
5.3964        	 -2.132078e+04 2.428354e+04 6.938832e+04 	 -1.833430e+04 2.427320e+04 6.938762e+04 	 -2.986482e+03 1.033839e+01 7.022993e-01 
5.40515       	 -2.131540e+04 2.432151e+04 6.942133e+04 	 -1.832883e+04 2.431135e+04 6.942085e+04 	 -2.986575e+03 1.016597e+01 4.812089e-01 
5.4139        	 -2.133373e+04 2.437593e+04 6.946692e+04 	 -1.834731e+04 2.436598e+04 6.946648e+04 	 -2.986424e+03 9.956329e+00 4.396433e-01 
5.42264       	 -2.134645e+04 2.448177e+04 6.943462e+04 	 -1.836119e+04 2.447159e+04 6.943451e+04 	 -2.985259e+03 1.018083e+01 1.129774e-01 
5.43139       	 -2.136210e+04 2.440181e+04 6.943444e+04 	 -1.837684e+04 2.439177e+04 6.943418e+04 	 -2.985258e+03 1.004574e+01 2.673459e-01 
5.44087       	 -2.139182e+04 2.429960e+04 6.953562e+04 	 -1.840700e+04 2.428950e+04 6.953512e+04 	 -2.984821e+03 1.009897e+01 4.954319e-01 
5.45034       	 -2.139119e+04 2.433561e+04 6.952314e+04 	 -1.840703e+04 2.432541e+04 6.952256e+04 	 -2.984156e+03 1.019510e+01 5.841889e-01 
5.45982       	 -2.140744e+04 2.432951e+04 6.954216e+04 	 -1.842454e+04 2.431930e+04 6.954144e+04 	 -2.982902e+03 1.021353e+01 7.222188e-01 
5.4693        	 -2.142786e+04 2.431667e+04 6.960147e+04 	 -1.844602e+04 2.430644e+04 6.960053e+04 	 -2.981843e+03 1.023338e+01 9.431284e-01 
5.47877       	 -2.144746e+04 2.434119e+04 6.960551e+04 	 -1.846553e+04 2.433118e+04 6.960395e+04 	 -2.981926e+03 1.001076e+01 1.554258e+00 
5.48843       	 -2.145973e+04 2.435180e+04 6.966017e+04 	 -1.847949e+04 2.434189e+04 6.965835e+04 	 -2.980234e+03 9.912012e+00 1.819504e+00 
5.49808       	 -2.145346e+04 2.439009e+04 6.970008e+04 	 -1.847591e+04 2.438012e+04 6.969818e+04 	 -2.977548e+03 9.965926e+00 1.904577e+00 
5.50773       	 -2.145874e+04 2.441333e+04 6.971365e+04 	 -1.848229e+04 2.440351e+04 6.971140e+04 	 -2.976453e+03 9.818882e+00 2.244410e+00 
5.51738       	 -2.146216e+04 2.447351e+04 6.975550e+04 	 -1.848785e+04 2.446375e+04 6.975332e+04 	 -2.974309e+03 9.761593e+00 2.175670e+00 
5.52704       	 -2.145613e+04 2.437699e+04 6.974570e+04 	 -1.848301e+04 2.436752e+04 6.974340e+04 	 -2.973127e+03 9.467611e+00 2.293462e+00 
5.53669       	 -2.143725e+04 2.432009e+04 6.975620e+04 	 -1.846584e+04 2.431077e+04 6.975402e+04 	 -2.971410e+03 9.318702e+00 2.181699e+00 
5.5456        	 -2.143541e+04 2.436923e+04 6.967593e+04 	 -1.846486e+04 2.436011e+04 6.967378e+04 	 -2.970554e+03 9.121890e+00 2.147137e+00 
5.55451       	 -2.143571e+04 2.447496e+04 6.976150e+04 	 -1.846653e+04 2.446577e+04 6.975967e+04 	 -2.969177e+03 9.194424e+00 1.830866e+00 
5.56342       	 -2.140033e+04 2.445661e+04 6.974445e+04 	 -1.843161e+04 2.444755e+04 6.974271e+04 	 -2.968725e+03 9.060852e+00 1.732120e+00 
5.57233       	 -2.138851e+04 2.453312e+04 6.981651e+04 	 -1.841937e+04 2.452435e+04 6.981458e+04 	 -2.969144e+03 8.764683e+00 1.934744e+00 
5.58205       	 -2.137344e+04 2.456797e+04 6.994090e+04 	 -1.840545e+04 2.455929e+04 6.993909e+04 	 -2.967988e+03 8.680497e+00 1.813195e+00 
5.59094       	 -2.139202e+04 2.456543e+04 6.990069e+04 	 -1.842345e+04 2.455673e+04 6.989893e+04 	 -2.968576e+03 8.700958e+00 1.760545e+00 
5.60068       	 -2.135042e+04 2.459009e+04 7.001927e+04 	 -1.838290e+04 2.458124e+04 7.001774e+04 	 -2.967513e+03 8.845708e+00 1.526005e+00 
5.61042       	 -2.135795e+04 2.461870e+04 7.004931e+04 	 -1.839112e+04 2.460962e+04 7.004810e+04 	 -2.966834e+03 9.076946e+00 1.204331e+00 
5.61992       	 -2.136120e+04 2.463002e+04 7.005438e+04 	 -1.839438e+04 2.462113e+04 7.005306e+04 	 -2.966821e+03 8.887985e+00 1.322564e+00 
5.62876       	 -2.137399e+04 2.458088e+04 6.999506e+04 	 -1.840523e+04 2.457214e+04 6.999318e+04 	 -2.968758e+03 8.743754e+00 1.873383e+00 
5.6376        	 -2.135012e+04 2.458142e+04 6.993321e+04 	 -1.838038e+04 2.457274e+04 6.993110e+04 	 -2.969741e+03 8.683764e+00 2.103510e+00 
5.64644       	 -2.136477e+04 2.456302e+04 6.997357e+04 	 -1.839442e+04 2.455397e+04 6.997146e+04 	 -2.970347e+03 9.045630e+00 2.108942e+00 
5.65528       	 -2.134567e+04 2.455110e+04 6.996644e+04 	 -1.837573e+04 2.454144e+04 6.996469e+04 	 -2.969944e+03 9.662046e+00 1.751624e+00 
5.66412       	 -2.134440e+04 2.459476e+04 6.996901e+04 	 -1.837439e+04 2.458488e+04 6.996741e+04 	 -2.970003e+03 9.878933e+00 1.593054e+00 
5.67371       	 -2.134385e+04 2.449220e+04 7.005957e+04 	 -1.837385e+04 2.448227e+04 7.005812e+04 	 -2.969993e+03 9.926521e+00 1.448036e+00 
5.68331       	 -2.135527e+04 2.449087e+04 7.005791e+04 	 -1.838626e+04 2.448077e+04 7.005707e+04 	 -2.969006e+03 1.010070e+01 8.424928e-01 
5.69291       	 -2.136047e+04 2.449291e+04 7.009093e+04 	 -1.839211e+04 2.448248e+04 7.009064e+04 	 -2.968354e+03 1.042787e+01 2.917662e-01 
5.70168       	 -2.137225e+04 2.461125e+04 6.995576e+04 	 -1.840394e+04 2.460056e+04 6.995583e+04 	 -2.968309e+03 1.069217e+01 -7.545816e-02 
5.7113        	 -2.139204e+04 2.459334e+04 7.006018e+04 	 -1.842345e+04 2.458250e+04 7.006064e+04 	 -2.968585e+03 1.083435e+01 -4.556585e-01 
5.72093       	 -2.141438e+04 2.446101e+04 7.001893e+04 	 -1.844585e+04 2.445023e+04 7.001992e+04 	 -2.968530e+03 1.078597e+01 -9.907197e-01 
5.73055       	 -2.144694e+04 2.448817e+04 6.998708e+04 	 -1.847925e+04 2.447760e+04 6.998881e+04 	 -2.967692e+03 1.056847e+01 -1.736043e+00 
5.73924       	 -2.147095e+04 2.451732e+04 6.990591e+04 	 -1.850299e+04 2.450693e+04 6.990812e+04 	 -2.967964e+03 1.039153e+01 -2.208637e+00 
5.74793       	 -2.148902e+04 2.453395e+04 6.995609e+04 	 -1.852086e+04 2.452371e+04 6.995864e+04 	 -2.968165e+03 1.024686e+01 -2.547071e+00 
5.75763       	 -2.148292e+04 2.466631e+04 7.004880e+04 	 -1.851510e+04 2.465607e+04 7.005172e+04 	 -2.967823e+03 1.023793e+01 -2.918147e+00 
5.76661       	 -2.144670e+04 2.467821e+04 7.008971e+04 	 -1.847895e+04 2.466812e+04 7.009278e+04 	 -2.967747e+03 1.009644e+01 -3.064064e+00 
5.77558       	 -2.145183e+04 2.463208e+04 7.015666e+04 	 -1.848425e+04 2.462201e+04 7.015987e+04 	 -2.967576e+03 1.006963e+01 -3.208817e+00 
5.78534       	 -2.142097e+04 2.463044e+04 7.025539e+04 	 -1.845350e+04 2.462020e+04 7.025866e+04 	 -2.967473e+03 1.024015e+01 -3.265040e+00 
5.7951        	 -2.140354e+04 2.472951e+04 7.025696e+04 	 -1.843593e+04 2.471927e+04 7.026027e+04 	 -2.967605e+03 1.023955e+01 -3.315343e+00 
5.80485       	 -2.139112e+04 2.467448e+04 7.033254e+04 	 -1.842154e+04 2.466432e+04 7.033580e+04 	 -2.969585e+03 1.016193e+01 -3.257622e+00 
5.81461       	 -2.139800e+04 2.478977e+04 7.031835e+04 	 -1.842771e+04 2.477952e+04 7.032186e+04 	 -2.970284e+03 1.025232e+01 -3.505225e+00 
5.82344       	 -2.140896e+04 2.482696e+04 7.023665e+04 	 -1.843650e+04 2.481671e+04 7.024027e+04 	 -2.972461e+03 1.024454e+01 -3.620001e+00 
5.83227       	 -2.140370e+04 2.477750e+04 7.027697e+04 	 -1.842900e+04 2.476736e+04 7.028071e+04 	 -2.974701e+03 1.013472e+01 -3.740601e+00 
5.8411        	 -2.142355e+04 2.471394e+04 7.029727e+04 	 -1.844779e+04 2.470372e+04 7.030139e+04 	 -2.975753e+03 1.021731e+01 -4.113488e+00 
5.84992       	 -2.142908e+04 2.468494e+04 7.027053e+04 	 -1.845261e+04 2.467445e+04 7.027511e+04 	 -2.976463e+03 1.048556e+01 -4.577684e+00 
5.85875       	 -2.142900e+04 2.471438e+04 7.025956e+04 	 -1.845070e+04 2.470397e+04 7.026430e+04 	 -2.978305e+03 1.041170e+01 -4.739969e+00 
5.86817       	 -2.144523e+04 2.472960e+04 7.035504e+04 	 -1.846493e+04 2.471932e+04 7.035996e+04 	 -2.980300e+03 1.027216e+01 -4.922091e+00 
5.87696       	 -2.149351e+04 2.478942e+04 7.030359e+04 	 -1.851075e+04 2.477932e+04 7.030848e+04 	 -2.982752e+03 1.010383e+01 -4.896856e+00 
5.88575       	 -2.152709e+04 2.472723e+04 7.033312e+04 	 -1.854273e+04 2.471717e+04 7.033797e+04 	 -2.984362e+03 1.006203e+01 -4.851061e+00 
5.89453       	 -2.154964e+04 2.475713e+04 7.033737e+04 	 -1.856441e+04 2.474704e+04 7.034217e+04 	 -2.985233e+03 1.009065e+01 -4.797713e+00 
5.90412       	 -2.157252e+04 2.474931e+04 7.044260e+04 	 -1.858664e+04 2.473908e+04 7.044757e+04 	 -2.985880e+03 1.022212e+01 -4.976941e+00 
5.91371       	 -2.160783e+04 2.481863e+04 7.034040e+04 	 -1.862134e+04 2.480843e+04 7.034557e+04 	 -2.986491e+03 1.019612e+01 -5.169927e+00 
5.9233        	 -2.162676e+04 2.462691e+04 7.030595e+04 	 -1.864077e+04 2.461671e+04 7.031119e+04 	 -2.985994e+03 1.019865e+01 -5.235457e+00 
5.93289       	 -2.162092e+04 2.454666e+04 7.019331e+04 	 -1.863610e+04 2.453653e+04 7.019846e+04 	 -2.984815e+03 1.012969e+01 -5.146401e+00 
5.94247       	 -2.159027e+04 2.456831e+04 7.022582e+04 	 -1.860719e+04 2.455823e+04 7.023098e+04 	 -2.983077e+03 1.007632e+01 -5.163129e+00 
5.95206       	 -2.156617e+04 2.461988e+04 7.020855e+04 	 -1.858506e+04 2.460986e+04 7.021374e+04 	 -2.981109e+03 1.002164e+01 -5.192228e+00 
5.96165       	 -2.153976e+04 2.462110e+04 7.023272e+04 	 -1.856019e+04 2.461112e+04 7.023786e+04 	 -2.979568e+03 9.981010e+00 -5.137205e+00 
5.97124       	 -2.152120e+04 2.461445e+04 7.022979e+04 	 -1.854310e+04 2.460441e+04 7.023514e+04 	 -2.978108e+03 1.004420e+01 -5.350557e+00 
5.98082       	 -2.147657e+04 2.463043e+04 7.022833e+04 	 -1.850108e+04 2.462016e+04 7.023414e+04 	 -2.975496e+03 1.027031e+01 -5.809551e+00 
5.99041       	 -2.143421e+04 2.464146e+04 7.027381e+04 	 -1.846035e+04 2.463140e+04 7.027963e+04 	 -2.973860e+03 1.005874e+01 -5.825392e+00 
6             	 -2.139311e+04 2.474069e+04 7.031224e+04 	 -1.842028e+04 2.473082e+04 7.031814e+04 	 -2.972835e+03 9.861157e+00 -5.899505e+00 
