0.0015499     	 -3.958870e+04 5.138354e+04 8.927170e+04 	 -3.954891e+04 5.138368e+04 8.927199e+04 	 -3.978609e+01 -1.415426e-01 -2.930889e-01 
0.00197972    	 -2.948590e+04 4.709701e+04 8.288070e+04 	 -2.944624e+04 4.709717e+04 8.288100e+04 	 -3.966263e+01 -1.608985e-01 -3.061580e-01 
0.00249549    	 -2.237651e+04 4.408809e+04 7.851008e+04 	 -2.233698e+04 4.408828e+04 7.851040e+04 	 -3.953412e+01 -1.804309e-01 -3.161347e-01 
0.00311429    	 -1.721828e+04 4.191555e+04 7.544942e+04 	 -1.717888e+04 4.191575e+04 7.544975e+04 	 -3.940222e+01 -2.007688e-01 -3.232331e-01 
0.00385657    	 -1.338858e+04 4.036669e+04 7.328935e+04 	 -1.334932e+04 4.036692e+04 7.328968e+04 	 -3.926857e+01 -2.230099e-01 -3.282765e-01 
0.00474757    	 -1.051853e+04 3.922022e+04 7.175939e+04 	 -1.047939e+04 3.922047e+04 7.175972e+04 	 -3.913515e+01 -2.477957e-01 -3.310439e-01 
0.00581659    	 -8.396024e+03 3.837872e+04 7.065911e+04 	 -8.357020e+03 3.837899e+04 7.065944e+04 	 -3.900390e+01 -2.758034e-01 -3.318282e-01 
0.00709941    	 -6.855188e+03 3.771081e+04 6.986297e+04 	 -6.816311e+03 3.771112e+04 6.986330e+04 	 -3.887634e+01 -3.073971e-01 -3.299283e-01 
0.00863879    	 -5.941781e+03 3.715742e+04 6.926382e+04 	 -5.903027e+03 3.715776e+04 6.926415e+04 	 -3.875339e+01 -3.429862e-01 -3.250506e-01 
0.0104849     	 -5.333971e+03 3.669899e+04 6.881839e+04 	 -5.295334e+03 3.669937e+04 6.881871e+04 	 -3.863745e+01 -3.831363e-01 -3.170586e-01 
0.0126986     	 -4.883551e+03 3.630154e+04 6.848040e+04 	 -4.845017e+03 3.630196e+04 6.848070e+04 	 -3.853383e+01 -4.283743e-01 -3.080400e-01 
0.0153526     	 -4.590380e+03 3.597041e+04 6.820262e+04 	 -4.551933e+03 3.597089e+04 6.820292e+04 	 -3.844762e+01 -4.787054e-01 -2.983641e-01 
0.0185392     	 -4.491470e+03 3.570613e+04 6.796377e+04 	 -4.453086e+03 3.570667e+04 6.796406e+04 	 -3.838390e+01 -5.334959e-01 -2.886091e-01 
0.0223581     	 -4.374420e+03 3.547392e+04 6.778969e+04 	 -4.336069e+03 3.547451e+04 6.778996e+04 	 -3.835104e+01 -5.915009e-01 -2.778393e-01 
0.026948      	 -4.325023e+03 3.528837e+04 6.767000e+04 	 -4.286663e+03 3.528902e+04 6.767027e+04 	 -3.836018e+01 -6.519424e-01 -2.654031e-01 
0.0324454     	 -4.337942e+03 3.513658e+04 6.758632e+04 	 -4.299515e+03 3.513729e+04 6.758657e+04 	 -3.842703e+01 -7.136837e-01 -2.522869e-01 
0.0390274     	 -4.296726e+03 3.502643e+04 6.755228e+04 	 -4.258150e+03 3.502721e+04 6.755252e+04 	 -3.857522e+01 -7.764133e-01 -2.382519e-01 
0.0469043     	 -4.293358e+03 3.493315e+04 6.753338e+04 	 -4.254523e+03 3.493399e+04 6.753360e+04 	 -3.883487e+01 -8.403528e-01 -2.231391e-01 
0.0563408     	 -4.274499e+03 3.487844e+04 6.752198e+04 	 -4.235243e+03 3.487935e+04 6.752219e+04 	 -3.925560e+01 -9.056694e-01 -2.084284e-01 
0.0677102     	 -4.260373e+03 3.478269e+04 6.751369e+04 	 -4.220453e+03 3.478366e+04 6.751388e+04 	 -3.991955e+01 -9.722116e-01 -1.996108e-01 
0.0814204     	 -4.222407e+03 3.467092e+04 6.751114e+04 	 -4.181459e+03 3.467196e+04 6.751135e+04 	 -4.094806e+01 -1.038439e+00 -2.098925e-01 
0.0978236     	 -4.125693e+03 3.450125e+04 6.750677e+04 	 -4.083232e+03 3.450235e+04 6.750703e+04 	 -4.246092e+01 -1.099016e+00 -2.636434e-01 
0.117436      	 -4.041058e+03 3.434388e+04 6.745131e+04 	 -3.996445e+03 3.434502e+04 6.745170e+04 	 -4.461286e+01 -1.146736e+00 -3.915174e-01 
0.140661      	 -3.956720e+03 3.415378e+04 6.736406e+04 	 -3.909166e+03 3.415497e+04 6.736466e+04 	 -4.755428e+01 -1.185963e+00 -6.006891e-01 
0.167516      	 -3.928095e+03 3.397044e+04 6.719884e+04 	 -3.876835e+03 3.397166e+04 6.719972e+04 	 -5.126030e+01 -1.225558e+00 -8.818796e-01 
0.197247      	 -3.964983e+03 3.372703e+04 6.695268e+04 	 -3.909459e+03 3.372829e+04 6.695390e+04 	 -5.552372e+01 -1.259762e+00 -1.216059e+00 
0.230695      	 -4.065386e+03 3.348056e+04 6.660362e+04 	 -4.005047e+03 3.348185e+04 6.660522e+04 	 -6.033880e+01 -1.288008e+00 -1.595188e+00 
0.264143      	 -4.176039e+03 3.324300e+04 6.626661e+04 	 -4.110788e+03 3.324430e+04 6.626859e+04 	 -6.525103e+01 -1.302055e+00 -1.983636e+00 
0.297591      	 -4.280443e+03 3.305649e+04 6.600654e+04 	 -4.210164e+03 3.305779e+04 6.600890e+04 	 -7.027884e+01 -1.296439e+00 -2.363838e+00 
0.331039      	 -4.351189e+03 3.291992e+04 6.583135e+04 	 -4.275709e+03 3.292118e+04 6.583407e+04 	 -7.547980e+01 -1.263924e+00 -2.722826e+00 
0.362895      	 -4.400984e+03 3.283520e+04 6.573262e+04 	 -4.320266e+03 3.283641e+04 6.573566e+04 	 -8.071838e+01 -1.202686e+00 -3.049701e+00 
0.393233      	 -4.436777e+03 3.275149e+04 6.565174e+04 	 -4.350717e+03 3.275261e+04 6.565509e+04 	 -8.605997e+01 -1.120360e+00 -3.346104e+00 
0.426942      	 -4.476511e+03 3.266839e+04 6.554126e+04 	 -4.384095e+03 3.266939e+04 6.554490e+04 	 -9.241685e+01 -1.008273e+00 -3.630744e+00 
0.460652      	 -4.511904e+03 3.259889e+04 6.543617e+04 	 -4.412592e+03 3.259975e+04 6.544006e+04 	 -9.931211e+01 -8.606346e-01 -3.891757e+00 
0.494361      	 -4.546589e+03 3.254859e+04 6.532042e+04 	 -4.439868e+03 3.254927e+04 6.532456e+04 	 -1.067213e+02 -6.771154e-01 -4.141882e+00 
0.52807       	 -4.580466e+03 3.250273e+04 6.520911e+04 	 -4.465809e+03 3.250321e+04 6.521347e+04 	 -1.146569e+02 -4.804269e-01 -4.359552e+00 
0.561779      	 -4.612851e+03 3.244466e+04 6.506347e+04 	 -4.489702e+03 3.244491e+04 6.506802e+04 	 -1.231492e+02 -2.502303e-01 -4.551064e+00 
0.595489      	 -4.643430e+03 3.239430e+04 6.492972e+04 	 -4.511311e+03 3.239433e+04 6.493445e+04 	 -1.321191e+02 -2.822139e-02 -4.734821e+00 
0.632262      	 -4.678182e+03 3.231318e+04 6.474932e+04 	 -4.535928e+03 3.231299e+04 6.475423e+04 	 -1.422538e+02 1.873673e-01 -4.911103e+00 
0.662907      	 -4.709631e+03 3.228717e+04 6.463514e+04 	 -4.558417e+03 3.228680e+04 6.464019e+04 	 -1.512139e+02 3.776715e-01 -5.053626e+00 
0.696617      	 -4.744202e+03 3.219249e+04 6.443852e+04 	 -4.583060e+03 3.219193e+04 6.444373e+04 	 -1.611422e+02 5.538058e-01 -5.210674e+00 
0.730326      	 -4.780606e+03 3.215477e+04 6.426040e+04 	 -4.609436e+03 3.215405e+04 6.426576e+04 	 -1.711695e+02 7.235277e-01 -5.356045e+00 
0.768851      	 -4.827667e+03 3.209582e+04 6.403426e+04 	 -4.645173e+03 3.209496e+04 6.403979e+04 	 -1.824939e+02 8.535472e-01 -5.528825e+00 
0.801872      	 -4.865133e+03 3.209607e+04 6.390233e+04 	 -4.672765e+03 3.209507e+04 6.390803e+04 	 -1.923680e+02 1.000149e+00 -5.696980e+00 
0.834893      	 -4.909816e+03 3.206985e+04 6.373199e+04 	 -4.707576e+03 3.206875e+04 6.373785e+04 	 -2.022393e+02 1.101166e+00 -5.859229e+00 
0.867915      	 -4.951504e+03 3.210552e+04 6.364047e+04 	 -4.739401e+03 3.210428e+04 6.364652e+04 	 -2.121035e+02 1.239280e+00 -6.055410e+00 
0.900936      	 -4.985847e+03 3.215684e+04 6.357738e+04 	 -4.763951e+03 3.215543e+04 6.358358e+04 	 -2.218960e+02 1.407426e+00 -6.196935e+00 
0.925702      	 -5.012117e+03 3.218457e+04 6.357377e+04 	 -4.782722e+03 3.218302e+04 6.358012e+04 	 -2.293948e+02 1.549700e+00 -6.351296e+00 
0.950468      	 -5.035085e+03 3.217344e+04 6.352619e+04 	 -4.798248e+03 3.217170e+04 6.353264e+04 	 -2.368366e+02 1.740315e+00 -6.447002e+00 
0.975234      	 -5.047706e+03 3.212492e+04 6.345917e+04 	 -4.803505e+03 3.212300e+04 6.346575e+04 	 -2.442016e+02 1.915716e+00 -6.580738e+00 
1             	 -5.070065e+03 3.211589e+04 6.340379e+04 	 -4.818519e+03 3.211379e+04 6.341050e+04 	 -2.515457e+02 2.093142e+00 -6.707376e+00 
1.02439       	 -5.079138e+03 3.207963e+04 6.333951e+04 	 -4.820440e+03 3.207734e+04 6.334638e+04 	 -2.586976e+02 2.291782e+00 -6.873141e+00 
1.04819       	 -5.090802e+03 3.200831e+04 6.325981e+04 	 -4.825169e+03 3.200584e+04 6.326691e+04 	 -2.656330e+02 2.473706e+00 -7.094680e+00 
1.07198       	 -5.094327e+03 3.192556e+04 6.314946e+04 	 -4.821878e+03 3.192291e+04 6.315680e+04 	 -2.724491e+02 2.651782e+00 -7.341705e+00 
1.09216       	 -5.097544e+03 3.181630e+04 6.303749e+04 	 -4.819314e+03 3.181354e+04 6.304512e+04 	 -2.782291e+02 2.761401e+00 -7.624260e+00 
1.10897       	 -5.096712e+03 3.171222e+04 6.292451e+04 	 -4.813710e+03 3.170935e+04 6.293237e+04 	 -2.830021e+02 2.868631e+00 -7.857369e+00 
1.12793       	 -5.090578e+03 3.160941e+04 6.279783e+04 	 -4.802350e+03 3.160646e+04 6.280602e+04 	 -2.882281e+02 2.943092e+00 -8.190146e+00 
1.14222       	 -5.089019e+03 3.147172e+04 6.266832e+04 	 -4.796897e+03 3.146869e+04 6.267672e+04 	 -2.921220e+02 3.036581e+00 -8.408934e+00 
1.15841       	 -5.076479e+03 3.135529e+04 6.256303e+04 	 -4.780105e+03 3.135218e+04 6.257172e+04 	 -2.963748e+02 3.113452e+00 -8.682531e+00 
1.17459       	 -5.074921e+03 3.124458e+04 6.244625e+04 	 -4.774411e+03 3.124138e+04 6.245517e+04 	 -3.005099e+02 3.200854e+00 -8.920760e+00 
1.19253       	 -5.063380e+03 3.112519e+04 6.231219e+04 	 -4.758443e+03 3.112192e+04 6.232139e+04 	 -3.049371e+02 3.272771e+00 -9.201449e+00 
1.21272       	 -5.061570e+03 3.098580e+04 6.215120e+04 	 -4.751932e+03 3.098244e+04 6.216065e+04 	 -3.096382e+02 3.366756e+00 -9.452498e+00 
1.22758       	 -5.067020e+03 3.082458e+04 6.198967e+04 	 -4.753972e+03 3.082115e+04 6.199932e+04 	 -3.130483e+02 3.431634e+00 -9.643333e+00 
1.24401       	 -5.068180e+03 3.071703e+04 6.187217e+04 	 -4.751543e+03 3.071350e+04 6.188199e+04 	 -3.166372e+02 3.528285e+00 -9.811691e+00 
1.26245       	 -5.068977e+03 3.059971e+04 6.170899e+04 	 -4.748527e+03 3.059607e+04 6.171895e+04 	 -3.204498e+02 3.639522e+00 -9.961760e+00 
1.27814       	 -5.073076e+03 3.044839e+04 6.155767e+04 	 -4.749441e+03 3.044463e+04 6.156776e+04 	 -3.236342e+02 3.759582e+00 -1.009296e+01 
1.29575       	 -5.074341e+03 3.034599e+04 6.141851e+04 	 -4.747293e+03 3.034209e+04 6.142869e+04 	 -3.270482e+02 3.893475e+00 -1.017591e+01 
1.31335       	 -5.079240e+03 3.021328e+04 6.126619e+04 	 -4.748930e+03 3.020926e+04 6.127647e+04 	 -3.303099e+02 4.023171e+00 -1.027321e+01 
1.33297       	 -5.081093e+03 3.008247e+04 6.111465e+04 	 -4.747298e+03 3.007832e+04 6.112502e+04 	 -3.337947e+02 4.144120e+00 -1.036724e+01 
1.35521       	 -5.079792e+03 2.994150e+04 6.097290e+04 	 -4.742274e+03 2.993724e+04 6.098335e+04 	 -3.375181e+02 4.254527e+00 -1.044846e+01 
1.37823       	 -5.080270e+03 2.979733e+04 6.081285e+04 	 -4.739055e+03 2.979297e+04 6.082333e+04 	 -3.412152e+02 4.359045e+00 -1.048476e+01 
1.40126       	 -5.078450e+03 2.965108e+04 6.066224e+04 	 -4.733647e+03 2.964661e+04 6.067274e+04 	 -3.448032e+02 4.468469e+00 -1.050170e+01 
1.42344       	 -5.080480e+03 2.951304e+04 6.049540e+04 	 -4.732337e+03 2.950846e+04 6.050591e+04 	 -3.481429e+02 4.575038e+00 -1.051259e+01 
1.44479       	 -5.082002e+03 2.935828e+04 6.035076e+04 	 -4.730718e+03 2.935361e+04 6.036125e+04 	 -3.512842e+02 4.670795e+00 -1.049011e+01 
1.46536       	 -5.087927e+03 2.921681e+04 6.017916e+04 	 -4.733689e+03 2.921206e+04 6.018961e+04 	 -3.542380e+02 4.749463e+00 -1.044873e+01 
1.48516       	 -5.096346e+03 2.910042e+04 6.003778e+04 	 -4.739413e+03 2.909560e+04 6.004816e+04 	 -3.569326e+02 4.826044e+00 -1.037991e+01 
1.50496       	 -5.100690e+03 2.897941e+04 5.990491e+04 	 -4.741183e+03 2.897451e+04 5.991523e+04 	 -3.595069e+02 4.905333e+00 -1.032192e+01 
1.52329       	 -5.106020e+03 2.884864e+04 5.975911e+04 	 -4.744262e+03 2.884366e+04 5.976938e+04 	 -3.617580e+02 4.976661e+00 -1.026531e+01 
1.54032       	 -5.110314e+03 2.875264e+04 5.963071e+04 	 -4.746577e+03 2.874759e+04 5.964093e+04 	 -3.637368e+02 5.047511e+00 -1.021756e+01 
1.55345       	 -5.111356e+03 2.860795e+04 5.947841e+04 	 -4.746171e+03 2.860284e+04 5.948857e+04 	 -3.651853e+02 5.115690e+00 -1.015864e+01 
1.56834       	 -5.117536e+03 2.858380e+04 5.942427e+04 	 -4.750785e+03 2.857861e+04 5.943438e+04 	 -3.667500e+02 5.186649e+00 -1.010374e+01 
1.58433       	 -5.116418e+03 2.850801e+04 5.934260e+04 	 -4.748107e+03 2.850276e+04 5.935266e+04 	 -3.683116e+02 5.256728e+00 -1.006823e+01 
1.59818       	 -5.115660e+03 2.842303e+04 5.921562e+04 	 -4.746015e+03 2.841772e+04 5.922566e+04 	 -3.696459e+02 5.309184e+00 -1.004178e+01 
1.61306       	 -5.118340e+03 2.834652e+04 5.915187e+04 	 -4.747307e+03 2.834115e+04 5.916190e+04 	 -3.710330e+02 5.368234e+00 -1.002692e+01 
1.62795       	 -5.119297e+03 2.831176e+04 5.906331e+04 	 -4.746943e+03 2.830634e+04 5.907331e+04 	 -3.723538e+02 5.415207e+00 -1.000348e+01 
1.64283       	 -5.122859e+03 2.824652e+04 5.898992e+04 	 -4.749140e+03 2.824105e+04 5.899990e+04 	 -3.737187e+02 5.465800e+00 -9.981042e+00 
1.65836       	 -5.126046e+03 2.820337e+04 5.891957e+04 	 -4.750940e+03 2.819785e+04 5.892951e+04 	 -3.751058e+02 5.527841e+00 -9.946391e+00 
1.67389       	 -5.128185e+03 2.815519e+04 5.884324e+04 	 -4.751713e+03 2.814959e+04 5.885314e+04 	 -3.764727e+02 5.595337e+00 -9.898712e+00 
1.68871       	 -5.131927e+03 2.810682e+04 5.876000e+04 	 -4.754113e+03 2.810116e+04 5.876983e+04 	 -3.778135e+02 5.662045e+00 -9.827788e+00 
1.70427       	 -5.135254e+03 2.809554e+04 5.870604e+04 	 -4.756008e+03 2.808982e+04 5.871576e+04 	 -3.792458e+02 5.715009e+00 -9.723529e+00 
1.7207        	 -5.140391e+03 2.807477e+04 5.864914e+04 	 -4.759562e+03 2.806901e+04 5.865874e+04 	 -3.808294e+02 5.763210e+00 -9.603196e+00 
1.73622       	 -5.144391e+03 2.804120e+04 5.856785e+04 	 -4.762013e+03 2.803541e+04 5.857731e+04 	 -3.823777e+02 5.791213e+00 -9.459533e+00 
1.75087       	 -5.151137e+03 2.801424e+04 5.850053e+04 	 -4.767250e+03 2.800844e+04 5.850984e+04 	 -3.838867e+02 5.802569e+00 -9.305711e+00 
1.76399       	 -5.155456e+03 2.797796e+04 5.840478e+04 	 -4.770153e+03 2.797215e+04 5.841393e+04 	 -3.853029e+02 5.807966e+00 -9.154429e+00 
1.77787       	 -5.163531e+03 2.798623e+04 5.839015e+04 	 -4.776633e+03 2.798044e+04 5.839913e+04 	 -3.868987e+02 5.796255e+00 -8.980818e+00 
1.79021       	 -5.167727e+03 2.796024e+04 5.829927e+04 	 -4.779392e+03 2.795444e+04 5.830812e+04 	 -3.883351e+02 5.799399e+00 -8.849028e+00 
1.8042        	 -5.173900e+03 2.796846e+04 5.829535e+04 	 -4.783838e+03 2.796266e+04 5.830404e+04 	 -3.900615e+02 5.803629e+00 -8.695350e+00 
1.81926       	 -5.182120e+03 2.799683e+04 5.826388e+04 	 -4.790125e+03 2.799103e+04 5.827242e+04 	 -3.919945e+02 5.796425e+00 -8.533234e+00 
1.83569       	 -5.188757e+03 2.801264e+04 5.822857e+04 	 -4.794623e+03 2.800685e+04 5.823693e+04 	 -3.941341e+02 5.787904e+00 -8.363791e+00 
1.85212       	 -5.192005e+03 2.799801e+04 5.816672e+04 	 -4.795639e+03 2.799225e+04 5.817490e+04 	 -3.963655e+02 5.757705e+00 -8.179570e+00 
1.8706        	 -5.198406e+03 2.799444e+04 5.813577e+04 	 -4.799502e+03 2.798874e+04 5.814378e+04 	 -3.989043e+02 5.704726e+00 -8.004280e+00 
1.89217       	 -5.203295e+03 2.799476e+04 5.808896e+04 	 -4.801413e+03 2.798912e+04 5.809676e+04 	 -4.018822e+02 5.636664e+00 -7.798081e+00 
1.91374       	 -5.207842e+03 2.797604e+04 5.798976e+04 	 -4.803108e+03 2.797049e+04 5.799740e+04 	 -4.047340e+02 5.551529e+00 -7.639296e+00 
1.9353        	 -5.213252e+03 2.793763e+04 5.789627e+04 	 -4.805545e+03 2.793216e+04 5.790382e+04 	 -4.077075e+02 5.476891e+00 -7.544580e+00 
1.95687       	 -5.217454e+03 2.791305e+04 5.781061e+04 	 -4.807041e+03 2.790766e+04 5.781810e+04 	 -4.104127e+02 5.392909e+00 -7.484706e+00 
1.97843       	 -5.222417e+03 2.787190e+04 5.773856e+04 	 -4.809522e+03 2.786660e+04 5.774601e+04 	 -4.128950e+02 5.302775e+00 -7.449513e+00 
2             	 -5.225422e+03 2.784075e+04 5.765279e+04 	 -4.810172e+03 2.783552e+04 5.766026e+04 	 -4.152492e+02 5.233364e+00 -7.470454e+00 
2.02222       	 -5.227389e+03 2.782948e+04 5.757425e+04 	 -4.809902e+03 2.782428e+04 5.758172e+04 	 -4.174869e+02 5.197477e+00 -7.470562e+00 
2.04496       	 -5.228210e+03 2.779113e+04 5.750717e+04 	 -4.808566e+03 2.778596e+04 5.751468e+04 	 -4.196433e+02 5.162922e+00 -7.510377e+00 
2.06717       	 -5.230157e+03 2.776653e+04 5.744556e+04 	 -4.808520e+03 2.776138e+04 5.745315e+04 	 -4.216364e+02 5.150977e+00 -7.593316e+00 
2.08938       	 -5.232385e+03 2.775721e+04 5.739267e+04 	 -4.808917e+03 2.775204e+04 5.740040e+04 	 -4.234681e+02 5.174503e+00 -7.728790e+00 
2.11159       	 -5.233319e+03 2.773309e+04 5.734223e+04 	 -4.808288e+03 2.772789e+04 5.735014e+04 	 -4.250309e+02 5.200903e+00 -7.909927e+00 
2.13326       	 -5.235313e+03 2.773714e+04 5.729064e+04 	 -4.808662e+03 2.773192e+04 5.729875e+04 	 -4.266509e+02 5.227643e+00 -8.106001e+00 
2.1544        	 -5.235959e+03 2.773832e+04 5.724719e+04 	 -4.808033e+03 2.773307e+04 5.725555e+04 	 -4.279262e+02 5.255148e+00 -8.357980e+00 
2.17665       	 -5.237273e+03 2.777121e+04 5.723364e+04 	 -4.807962e+03 2.776591e+04 5.724231e+04 	 -4.293111e+02 5.292743e+00 -8.666564e+00 
2.19832       	 -5.237358e+03 2.779096e+04 5.720751e+04 	 -4.806916e+03 2.778563e+04 5.721650e+04 	 -4.304427e+02 5.320781e+00 -8.997116e+00 
2.21999       	 -5.237975e+03 2.780649e+04 5.717178e+04 	 -4.806359e+03 2.780114e+04 5.718110e+04 	 -4.316159e+02 5.351075e+00 -9.320092e+00 
2.24051       	 -5.234877e+03 2.780668e+04 5.712380e+04 	 -4.802279e+03 2.780130e+04 5.713346e+04 	 -4.325976e+02 5.383086e+00 -9.666806e+00 
2.2605        	 -5.233562e+03 2.782234e+04 5.709973e+04 	 -4.800026e+03 2.781689e+04 5.710977e+04 	 -4.335368e+02 5.455259e+00 -1.004283e+01 
2.27854       	 -5.230012e+03 2.782687e+04 5.705859e+04 	 -4.795747e+03 2.782133e+04 5.706898e+04 	 -4.342654e+02 5.533873e+00 -1.038478e+01 
2.29571       	 -5.232021e+03 2.783908e+04 5.702505e+04 	 -4.797029e+03 2.783346e+04 5.703576e+04 	 -4.349913e+02 5.623941e+00 -1.071199e+01 
2.31248       	 -5.226101e+03 2.783565e+04 5.700703e+04 	 -4.790397e+03 2.782992e+04 5.701807e+04 	 -4.357034e+02 5.732555e+00 -1.103583e+01 
2.33106       	 -5.225804e+03 2.786633e+04 5.701607e+04 	 -4.789429e+03 2.786048e+04 5.702742e+04 	 -4.363750e+02 5.854467e+00 -1.135034e+01 
2.34914       	 -5.224595e+03 2.788694e+04 5.700196e+04 	 -4.787539e+03 2.788098e+04 5.701361e+04 	 -4.370561e+02 5.965050e+00 -1.164581e+01 
2.36722       	 -5.223518e+03 2.789958e+04 5.698936e+04 	 -4.785798e+03 2.789349e+04 5.700131e+04 	 -4.377200e+02 6.089306e+00 -1.194186e+01 
2.3848        	 -5.223573e+03 2.790384e+04 5.698166e+04 	 -4.785260e+03 2.789766e+04 5.699387e+04 	 -4.383123e+02 6.188687e+00 -1.220987e+01 
2.40403       	 -5.221460e+03 2.792186e+04 5.697956e+04 	 -4.782623e+03 2.791556e+04 5.699204e+04 	 -4.388372e+02 6.306120e+00 -1.247776e+01 
2.42265       	 -5.221254e+03 2.790782e+04 5.695458e+04 	 -4.781836e+03 2.790139e+04 5.696730e+04 	 -4.394180e+02 6.422020e+00 -1.272390e+01 
2.44256       	 -5.222565e+03 2.792405e+04 5.694585e+04 	 -4.782458e+03 2.791751e+04 5.695882e+04 	 -4.401077e+02 6.541264e+00 -1.297794e+01 
2.45804       	 -5.222036e+03 2.786910e+04 5.689238e+04 	 -4.781401e+03 2.786247e+04 5.690552e+04 	 -4.406347e+02 6.624407e+00 -1.313594e+01 
2.47553       	 -5.225078e+03 2.788212e+04 5.690484e+04 	 -4.783813e+03 2.787538e+04 5.691819e+04 	 -4.412646e+02 6.739317e+00 -1.334169e+01 
2.49426       	 -5.228159e+03 2.786026e+04 5.690032e+04 	 -4.786185e+03 2.785339e+04 5.691387e+04 	 -4.419741e+02 6.872622e+00 -1.355178e+01 
2.51299       	 -5.229849e+03 2.786824e+04 5.687082e+04 	 -4.787035e+03 2.786122e+04 5.688461e+04 	 -4.428138e+02 7.021523e+00 -1.378368e+01 
2.52978       	 -5.233094e+03 2.782725e+04 5.683908e+04 	 -4.789432e+03 2.782011e+04 5.685303e+04 	 -4.436616e+02 7.141549e+00 -1.395000e+01 
2.54787       	 -5.235869e+03 2.781459e+04 5.682943e+04 	 -4.791268e+03 2.780733e+04 5.684354e+04 	 -4.446012e+02 7.261668e+00 -1.410675e+01 
2.56526       	 -5.237542e+03 2.779854e+04 5.679959e+04 	 -4.792019e+03 2.779115e+04 5.681385e+04 	 -4.455232e+02 7.389454e+00 -1.426764e+01 
2.58198       	 -5.240350e+03 2.777278e+04 5.677165e+04 	 -4.793866e+03 2.776527e+04 5.678602e+04 	 -4.464840e+02 7.511967e+00 -1.436891e+01 
2.59591       	 -5.242518e+03 2.773858e+04 5.672250e+04 	 -4.795187e+03 2.773097e+04 5.673696e+04 	 -4.473309e+02 7.614348e+00 -1.445816e+01 
2.6078        	 -5.245458e+03 2.771568e+04 5.668905e+04 	 -4.797522e+03 2.770799e+04 5.670357e+04 	 -4.479359e+02 7.690519e+00 -1.452609e+01 
2.62005       	 -5.244662e+03 2.771170e+04 5.667522e+04 	 -4.795873e+03 2.770390e+04 5.668985e+04 	 -4.487886e+02 7.798818e+00 -1.462996e+01 
2.63123       	 -5.249422e+03 2.768894e+04 5.664405e+04 	 -4.799877e+03 2.768107e+04 5.665870e+04 	 -4.495451e+02 7.873138e+00 -1.464866e+01 
2.64312       	 -5.247828e+03 2.770101e+04 5.665127e+04 	 -4.797468e+03 2.769306e+04 5.666599e+04 	 -4.503594e+02 7.954016e+00 -1.472331e+01 
2.65587       	 -5.255619e+03 2.769033e+04 5.663956e+04 	 -4.804295e+03 2.768233e+04 5.665431e+04 	 -4.513234e+02 7.999393e+00 -1.475334e+01 
2.66963       	 -5.256852e+03 2.771768e+04 5.662894e+04 	 -4.804511e+03 2.770962e+04 5.664371e+04 	 -4.523407e+02 8.061744e+00 -1.477442e+01 
2.68537       	 -5.261623e+03 2.772192e+04 5.661952e+04 	 -4.808027e+03 2.771381e+04 5.663437e+04 	 -4.535959e+02 8.111168e+00 -1.485511e+01 
2.70193       	 -5.259862e+03 2.771218e+04 5.658100e+04 	 -4.804953e+03 2.770401e+04 5.659592e+04 	 -4.549087e+02 8.169812e+00 -1.491204e+01 
2.72056       	 -5.262909e+03 2.770371e+04 5.656001e+04 	 -4.806461e+03 2.769551e+04 5.657497e+04 	 -4.564483e+02 8.200681e+00 -1.496773e+01 
2.73608       	 -5.265526e+03 2.765658e+04 5.648582e+04 	 -4.807741e+03 2.764838e+04 5.650080e+04 	 -4.577850e+02 8.206517e+00 -1.498182e+01 
2.75367       	 -5.268413e+03 2.765589e+04 5.646449e+04 	 -4.809124e+03 2.764767e+04 5.647953e+04 	 -4.592884e+02 8.219128e+00 -1.503386e+01 
2.76816       	 -5.269086e+03 2.761327e+04 5.638939e+04 	 -4.808574e+03 2.760505e+04 5.640446e+04 	 -4.605121e+02 8.211285e+00 -1.506783e+01 
2.78472       	 -5.274191e+03 2.760986e+04 5.637245e+04 	 -4.812297e+03 2.760164e+04 5.638757e+04 	 -4.618939e+02 8.214537e+00 -1.511746e+01 
2.80128       	 -5.273828e+03 2.759752e+04 5.632988e+04 	 -4.810476e+03 2.758932e+04 5.634505e+04 	 -4.633522e+02 8.204542e+00 -1.516982e+01 
2.81935       	 -5.278691e+03 2.758431e+04 5.630267e+04 	 -4.813764e+03 2.757612e+04 5.631793e+04 	 -4.649270e+02 8.184049e+00 -1.526374e+01 
2.83942       	 -5.278893e+03 2.757869e+04 5.626080e+04 	 -4.812245e+03 2.757053e+04 5.627618e+04 	 -4.666475e+02 8.158312e+00 -1.538080e+01 
2.85949       	 -5.284265e+03 2.756415e+04 5.621050e+04 	 -4.815776e+03 2.755603e+04 5.622601e+04 	 -4.684896e+02 8.121264e+00 -1.551899e+01 
2.87957       	 -5.284116e+03 2.751960e+04 5.615092e+04 	 -4.813844e+03 2.751152e+04 5.616657e+04 	 -4.702727e+02 8.088401e+00 -1.565624e+01 
2.89964       	 -5.287839e+03 2.749345e+04 5.609424e+04 	 -4.815788e+03 2.748541e+04 5.611005e+04 	 -4.720512e+02 8.040011e+00 -1.581477e+01 
2.91971       	 -5.290857e+03 2.746880e+04 5.603851e+04 	 -4.817075e+03 2.746079e+04 5.605448e+04 	 -4.737818e+02 8.011584e+00 -1.596498e+01 
2.93978       	 -5.290859e+03 2.744901e+04 5.599127e+04 	 -4.815458e+03 2.744105e+04 5.600739e+04 	 -4.754012e+02 7.964674e+00 -1.611791e+01 
2.95986       	 -5.297061e+03 2.744253e+04 5.594914e+04 	 -4.819948e+03 2.743459e+04 5.596541e+04 	 -4.771134e+02 7.934856e+00 -1.627476e+01 
2.97993       	 -5.296771e+03 2.740957e+04 5.591547e+04 	 -4.818039e+03 2.740167e+04 5.593190e+04 	 -4.787322e+02 7.904160e+00 -1.642894e+01 
3             	 -5.300583e+03 2.740366e+04 5.588166e+04 	 -4.820337e+03 2.739579e+04 5.589823e+04 	 -4.802467e+02 7.871650e+00 -1.657657e+01 
3.02041       	 -5.301104e+03 2.739833e+04 5.584780e+04 	 -4.819305e+03 2.739048e+04 5.586452e+04 	 -4.817986e+02 7.848984e+00 -1.672176e+01 
3.03889       	 -5.303214e+03 2.736555e+04 5.580699e+04 	 -4.820010e+03 2.735773e+04 5.582386e+04 	 -4.832040e+02 7.820788e+00 -1.686955e+01 
3.05934       	 -5.304868e+03 2.738714e+04 5.577721e+04 	 -4.820191e+03 2.737934e+04 5.579420e+04 	 -4.846773e+02 7.798497e+00 -1.698924e+01 
3.07614       	 -5.307902e+03 2.733337e+04 5.572736e+04 	 -4.821978e+03 2.732561e+04 5.574444e+04 	 -4.859240e+02 7.751340e+00 -1.707643e+01 
3.09499       	 -5.308883e+03 2.734500e+04 5.571010e+04 	 -4.821719e+03 2.733726e+04 5.572728e+04 	 -4.871646e+02 7.736519e+00 -1.717762e+01 
3.11346       	 -5.311914e+03 2.734833e+04 5.568998e+04 	 -4.823501e+03 2.734064e+04 5.570722e+04 	 -4.884123e+02 7.692989e+00 -1.724397e+01 
3.13316       	 -5.313571e+03 2.733317e+04 5.565905e+04 	 -4.823994e+03 2.732551e+04 5.567637e+04 	 -4.895770e+02 7.657509e+00 -1.731972e+01 
3.15201       	 -5.316509e+03 2.733036e+04 5.561907e+04 	 -4.825780e+03 2.732275e+04 5.563645e+04 	 -4.907290e+02 7.613486e+00 -1.738186e+01 
3.1722        	 -5.317870e+03 2.731456e+04 5.559579e+04 	 -4.826029e+03 2.730698e+04 5.561326e+04 	 -4.918415e+02 7.573036e+00 -1.746994e+01 
3.19289       	 -5.321278e+03 2.730348e+04 5.554980e+04 	 -4.828244e+03 2.729596e+04 5.556735e+04 	 -4.930338e+02 7.516837e+00 -1.755511e+01 
3.21531       	 -5.323662e+03 2.729450e+04 5.553735e+04 	 -4.829365e+03 2.728704e+04 5.555501e+04 	 -4.942969e+02 7.465103e+00 -1.765766e+01 
3.23839       	 -5.326966e+03 2.729095e+04 5.549031e+04 	 -4.831266e+03 2.728356e+04 5.550808e+04 	 -4.957000e+02 7.383838e+00 -1.776711e+01 
3.26219       	 -5.330574e+03 2.726502e+04 5.543058e+04 	 -4.833575e+03 2.725771e+04 5.544848e+04 	 -4.969985e+02 7.312372e+00 -1.790369e+01 
3.28455       	 -5.330786e+03 2.722916e+04 5.536458e+04 	 -4.832582e+03 2.722194e+04 5.538259e+04 	 -4.982040e+02 7.218132e+00 -1.800462e+01 
3.30442       	 -5.334210e+03 2.719368e+04 5.530595e+04 	 -4.834817e+03 2.718655e+04 5.532410e+04 	 -4.993928e+02 7.125307e+00 -1.815736e+01 
3.32374       	 -5.335896e+03 2.718651e+04 5.526360e+04 	 -4.835458e+03 2.717946e+04 5.528190e+04 	 -5.004379e+02 7.050512e+00 -1.830076e+01 
3.34024       	 -5.337958e+03 2.714245e+04 5.519020e+04 	 -4.836611e+03 2.713546e+04 5.520860e+04 	 -5.013467e+02 6.990998e+00 -1.839996e+01 
3.35633       	 -5.338298e+03 2.713021e+04 5.515373e+04 	 -4.836256e+03 2.712329e+04 5.517221e+04 	 -5.020419e+02 6.919294e+00 -1.848036e+01 
3.3713        	 -5.339871e+03 2.711947e+04 5.510771e+04 	 -4.837080e+03 2.711260e+04 5.512626e+04 	 -5.027910e+02 6.872438e+00 -1.855372e+01 
3.38559       	 -5.340047e+03 2.709858e+04 5.506762e+04 	 -4.836715e+03 2.709177e+04 5.508622e+04 	 -5.033328e+02 6.816403e+00 -1.860676e+01 
3.40176       	 -5.342271e+03 2.711377e+04 5.506359e+04 	 -4.838161e+03 2.710703e+04 5.508227e+04 	 -5.041097e+02 6.744626e+00 -1.867506e+01 
3.41476       	 -5.339110e+03 2.706954e+04 5.499806e+04 	 -4.834443e+03 2.706286e+04 5.501675e+04 	 -5.046668e+02 6.688805e+00 -1.869052e+01 
3.42939       	 -5.343578e+03 2.709635e+04 5.498940e+04 	 -4.838272e+03 2.708973e+04 5.500815e+04 	 -5.053053e+02 6.621279e+00 -1.875183e+01 
3.4457        	 -5.345075e+03 2.709687e+04 5.498783e+04 	 -4.839095e+03 2.709032e+04 5.500663e+04 	 -5.059795e+02 6.552400e+00 -1.880003e+01 
3.45922       	 -5.344604e+03 2.705890e+04 5.491392e+04 	 -4.837984e+03 2.705241e+04 5.493274e+04 	 -5.066204e+02 6.494557e+00 -1.881867e+01 
3.47241       	 -5.345312e+03 2.704719e+04 5.488655e+04 	 -4.838154e+03 2.704076e+04 5.490536e+04 	 -5.071582e+02 6.426896e+00 -1.881487e+01 
3.48706       	 -5.349115e+03 2.705875e+04 5.488065e+04 	 -4.841377e+03 2.705238e+04 5.489950e+04 	 -5.077383e+02 6.368319e+00 -1.884737e+01 
3.50361       	 -5.349839e+03 2.706488e+04 5.487250e+04 	 -4.841470e+03 2.705858e+04 5.489137e+04 	 -5.083691e+02 6.300674e+00 -1.886699e+01 
3.52015       	 -5.351144e+03 2.704105e+04 5.481999e+04 	 -4.842121e+03 2.703481e+04 5.483887e+04 	 -5.090234e+02 6.239814e+00 -1.888350e+01 
3.53427       	 -5.348426e+03 2.700278e+04 5.475627e+04 	 -4.838887e+03 2.699659e+04 5.477516e+04 	 -5.095396e+02 6.194164e+00 -1.888270e+01 
3.54882       	 -5.350347e+03 2.698380e+04 5.473053e+04 	 -4.840355e+03 2.697766e+04 5.474941e+04 	 -5.099918e+02 6.139163e+00 -1.887771e+01 
3.56553       	 -5.353567e+03 2.700351e+04 5.471131e+04 	 -4.842936e+03 2.699743e+04 5.473019e+04 	 -5.106304e+02 6.076215e+00 -1.888796e+01 
3.58224       	 -5.353091e+03 2.699752e+04 5.468070e+04 	 -4.841902e+03 2.699151e+04 5.469960e+04 	 -5.111894e+02 6.011869e+00 -1.890481e+01 
3.59895       	 -5.353954e+03 2.696214e+04 5.464988e+04 	 -4.842225e+03 2.695619e+04 5.466880e+04 	 -5.117287e+02 5.944623e+00 -1.892029e+01 
3.61327       	 -5.353383e+03 2.694053e+04 5.459089e+04 	 -4.841179e+03 2.693465e+04 5.460979e+04 	 -5.122042e+02 5.883603e+00 -1.890430e+01 
3.62939       	 -5.356515e+03 2.695528e+04 5.458307e+04 	 -4.843810e+03 2.694947e+04 5.460199e+04 	 -5.127049e+02 5.812380e+00 -1.892272e+01 
3.64792       	 -5.358250e+03 2.697695e+04 5.456380e+04 	 -4.845019e+03 2.697120e+04 5.458274e+04 	 -5.132309e+02 5.749460e+00 -1.893832e+01 
3.66863       	 -5.358433e+03 2.696933e+04 5.454949e+04 	 -4.844682e+03 2.696363e+04 5.456845e+04 	 -5.137510e+02 5.700392e+00 -1.896597e+01 
3.6923        	 -5.360621e+03 2.696503e+04 5.452507e+04 	 -4.846147e+03 2.695938e+04 5.454406e+04 	 -5.144741e+02 5.652119e+00 -1.898864e+01 
3.71428       	 -5.358292e+03 2.692287e+04 5.446055e+04 	 -4.843205e+03 2.691727e+04 5.447954e+04 	 -5.150874e+02 5.599453e+00 -1.899493e+01 
3.73809       	 -5.359569e+03 2.692112e+04 5.441852e+04 	 -4.843693e+03 2.691558e+04 5.443755e+04 	 -5.158765e+02 5.535925e+00 -1.903198e+01 
3.7619        	 -5.362147e+03 2.689399e+04 5.436841e+04 	 -4.845510e+03 2.688851e+04 5.438751e+04 	 -5.166367e+02 5.477338e+00 -1.910477e+01 
3.78354       	 -5.363615e+03 2.686416e+04 5.431688e+04 	 -4.846235e+03 2.685874e+04 5.433605e+04 	 -5.173807e+02 5.419938e+00 -1.916765e+01 
3.80322       	 -5.362127e+03 2.683321e+04 5.426706e+04 	 -4.844046e+03 2.682784e+04 5.428626e+04 	 -5.180806e+02 5.369266e+00 -1.920328e+01 
3.8229        	 -5.363104e+03 2.681624e+04 5.424038e+04 	 -4.844392e+03 2.681093e+04 5.425965e+04 	 -5.187112e+02 5.311694e+00 -1.927065e+01 
3.84061       	 -5.363218e+03 2.682262e+04 5.418947e+04 	 -4.843960e+03 2.681737e+04 5.420881e+04 	 -5.192576e+02 5.254563e+00 -1.933719e+01 
3.86053       	 -5.365458e+03 2.681133e+04 5.420059e+04 	 -4.845492e+03 2.680610e+04 5.421998e+04 	 -5.199652e+02 5.232600e+00 -1.939660e+01 
3.88046       	 -5.365225e+03 2.681871e+04 5.417688e+04 	 -4.844624e+03 2.681350e+04 5.419640e+04 	 -5.206006e+02 5.215281e+00 -1.952189e+01 
3.90038       	 -5.362300e+03 2.680585e+04 5.416746e+04 	 -4.840995e+03 2.680065e+04 5.418707e+04 	 -5.213052e+02 5.198191e+00 -1.960412e+01 
3.9203        	 -5.365301e+03 2.680574e+04 5.414473e+04 	 -4.843355e+03 2.680054e+04 5.416439e+04 	 -5.219458e+02 5.192623e+00 -1.965783e+01 
3.94023       	 -5.363299e+03 2.680698e+04 5.411580e+04 	 -4.840821e+03 2.680181e+04 5.413552e+04 	 -5.224771e+02 5.170115e+00 -1.971827e+01 
3.96015       	 -5.364050e+03 2.678487e+04 5.409333e+04 	 -4.841048e+03 2.677971e+04 5.411309e+04 	 -5.230020e+02 5.155146e+00 -1.976149e+01 
3.98008       	 -5.358910e+03 2.679512e+04 5.407190e+04 	 -4.835387e+03 2.678997e+04 5.409170e+04 	 -5.235227e+02 5.147534e+00 -1.979719e+01 
4             	 -5.360074e+03 2.677936e+04 5.406653e+04 	 -4.836088e+03 2.677423e+04 5.408635e+04 	 -5.239858e+02 5.138243e+00 -1.982450e+01 
4.01471       	 -5.355329e+03 2.672321e+04 5.398262e+04 	 -4.830963e+03 2.671812e+04 5.400243e+04 	 -5.243664e+02 5.097831e+00 -1.981498e+01 
4.02718       	 -5.354612e+03 2.670603e+04 5.393322e+04 	 -4.830067e+03 2.670095e+04 5.395303e+04 	 -5.245452e+02 5.085627e+00 -1.981264e+01 
4.04128       	 -5.356204e+03 2.671402e+04 5.395676e+04 	 -4.831383e+03 2.670895e+04 5.397659e+04 	 -5.248214e+02 5.077313e+00 -1.983203e+01 
4.05726       	 -5.356032e+03 2.675882e+04 5.397631e+04 	 -4.830979e+03 2.675376e+04 5.399614e+04 	 -5.250533e+02 5.056182e+00 -1.982638e+01 
4.07504       	 -5.356207e+03 2.676614e+04 5.399411e+04 	 -4.830831e+03 2.676108e+04 5.401396e+04 	 -5.253756e+02 5.069388e+00 -1.984876e+01 
4.09318       	 -5.352885e+03 2.677882e+04 5.398915e+04 	 -4.827246e+03 2.677377e+04 5.400899e+04 	 -5.256394e+02 5.058913e+00 -1.984118e+01 
4.10909       	 -5.352243e+03 2.675612e+04 5.395915e+04 	 -4.826468e+03 2.675107e+04 5.397899e+04 	 -5.257753e+02 5.049340e+00 -1.983941e+01 
4.12691       	 -5.349904e+03 2.677157e+04 5.396334e+04 	 -4.823957e+03 2.676655e+04 5.398317e+04 	 -5.259464e+02 5.020464e+00 -1.983189e+01 
4.1437        	 -5.352988e+03 2.675903e+04 5.393630e+04 	 -4.826899e+03 2.675403e+04 5.395611e+04 	 -5.260883e+02 4.997611e+00 -1.981521e+01 
4.16154       	 -5.347602e+03 2.674258e+04 5.391975e+04 	 -4.821388e+03 2.673763e+04 5.393955e+04 	 -5.262140e+02 4.952678e+00 -1.980274e+01 
4.17706       	 -5.344711e+03 2.672527e+04 5.386795e+04 	 -4.818459e+03 2.672035e+04 5.388775e+04 	 -5.262520e+02 4.921102e+00 -1.979550e+01 
4.19457       	 -5.345473e+03 2.673898e+04 5.387212e+04 	 -4.819300e+03 2.673411e+04 5.389191e+04 	 -5.261733e+02 4.864724e+00 -1.978495e+01 
4.21422       	 -5.344120e+03 2.674747e+04 5.386126e+04 	 -4.817981e+03 2.674265e+04 5.388100e+04 	 -5.261391e+02 4.819257e+00 -1.973658e+01 
4.23605       	 -5.342112e+03 2.673336e+04 5.384576e+04 	 -4.816090e+03 2.672861e+04 5.386545e+04 	 -5.260215e+02 4.744789e+00 -1.969274e+01 
4.25787       	 -5.340239e+03 2.670425e+04 5.381430e+04 	 -4.814365e+03 2.669958e+04 5.383392e+04 	 -5.258744e+02 4.665735e+00 -1.961174e+01 
4.28261       	 -5.340691e+03 2.671335e+04 5.379422e+04 	 -4.815157e+03 2.670876e+04 5.381377e+04 	 -5.255338e+02 4.584686e+00 -1.954755e+01 
4.30503       	 -5.338443e+03 2.668917e+04 5.373704e+04 	 -4.813077e+03 2.668469e+04 5.375650e+04 	 -5.253658e+02 4.483124e+00 -1.945739e+01 
4.32985       	 -5.337767e+03 2.668583e+04 5.371208e+04 	 -4.812701e+03 2.668145e+04 5.373147e+04 	 -5.250658e+02 4.372908e+00 -1.938688e+01 
4.35467       	 -5.333997e+03 2.666616e+04 5.368246e+04 	 -4.809108e+03 2.666192e+04 5.370178e+04 	 -5.248891e+02 4.238385e+00 -1.931615e+01 
4.37949       	 -5.333993e+03 2.665394e+04 5.364290e+04 	 -4.809364e+03 2.664984e+04 5.366216e+04 	 -5.246294e+02 4.101773e+00 -1.925194e+01 
4.40431       	 -5.331539e+03 2.663804e+04 5.360875e+04 	 -4.807192e+03 2.663406e+04 5.362792e+04 	 -5.243470e+02 3.976036e+00 -1.916557e+01 
4.42814       	 -5.330784e+03 2.661328e+04 5.355416e+04 	 -4.806653e+03 2.660944e+04 5.357328e+04 	 -5.241309e+02 3.839832e+00 -1.911894e+01 
4.45197       	 -5.329895e+03 2.658958e+04 5.351603e+04 	 -4.805995e+03 2.658588e+04 5.353506e+04 	 -5.239001e+02 3.701893e+00 -1.902578e+01 
4.4748        	 -5.327247e+03 2.657155e+04 5.347982e+04 	 -4.803504e+03 2.656797e+04 5.349880e+04 	 -5.237429e+02 3.579741e+00 -1.897770e+01 
4.49668       	 -5.324951e+03 2.656383e+04 5.344971e+04 	 -4.801429e+03 2.656037e+04 5.346860e+04 	 -5.235223e+02 3.461432e+00 -1.888658e+01 
4.51765       	 -5.320338e+03 2.654888e+04 5.342687e+04 	 -4.797066e+03 2.654555e+04 5.344567e+04 	 -5.232719e+02 3.326922e+00 -1.879927e+01 
4.53695       	 -5.318813e+03 2.652788e+04 5.339324e+04 	 -4.795736e+03 2.652465e+04 5.341198e+04 	 -5.230768e+02 3.233098e+00 -1.874570e+01 
4.55624       	 -5.317436e+03 2.652031e+04 5.337353e+04 	 -4.794617e+03 2.651717e+04 5.339219e+04 	 -5.228197e+02 3.134107e+00 -1.866108e+01 
4.57473       	 -5.315801e+03 2.650248e+04 5.333995e+04 	 -4.793144e+03 2.649944e+04 5.335852e+04 	 -5.226574e+02 3.034470e+00 -1.857135e+01 
4.59048       	 -5.310587e+03 2.646829e+04 5.329051e+04 	 -4.788178e+03 2.646535e+04 5.330897e+04 	 -5.224096e+02 2.937395e+00 -1.845950e+01 
4.60413       	 -5.310600e+03 2.643335e+04 5.325589e+04 	 -4.788382e+03 2.643048e+04 5.327430e+04 	 -5.222179e+02 2.870189e+00 -1.841194e+01 
4.6169        	 -5.310230e+03 2.642540e+04 5.323615e+04 	 -4.788246e+03 2.642257e+04 5.325453e+04 	 -5.219840e+02 2.832531e+00 -1.837119e+01 
4.62967       	 -5.309256e+03 2.642352e+04 5.322675e+04 	 -4.787459e+03 2.642073e+04 5.324508e+04 	 -5.217971e+02 2.789168e+00 -1.833601e+01 
4.64339       	 -5.307130e+03 2.643277e+04 5.324061e+04 	 -4.785527e+03 2.643003e+04 5.325892e+04 	 -5.216025e+02 2.744084e+00 -1.831389e+01 
4.65613       	 -5.305208e+03 2.642026e+04 5.320880e+04 	 -4.783740e+03 2.641754e+04 5.322706e+04 	 -5.214675e+02 2.719017e+00 -1.825689e+01 
4.66988       	 -5.304379e+03 2.643408e+04 5.323923e+04 	 -4.783144e+03 2.643140e+04 5.325746e+04 	 -5.212353e+02 2.682209e+00 -1.823280e+01 
4.68364       	 -5.298308e+03 2.643548e+04 5.323751e+04 	 -4.777275e+03 2.643281e+04 5.325572e+04 	 -5.210334e+02 2.675204e+00 -1.820338e+01 
4.69682       	 -5.298310e+03 2.641919e+04 5.323347e+04 	 -4.777444e+03 2.641654e+04 5.325163e+04 	 -5.208666e+02 2.646596e+00 -1.816181e+01 
4.71125       	 -5.295679e+03 2.644920e+04 5.324507e+04 	 -4.775047e+03 2.644660e+04 5.326315e+04 	 -5.206327e+02 2.604422e+00 -1.808471e+01 
4.7273        	 -5.294651e+03 2.646482e+04 5.326730e+04 	 -4.774269e+03 2.646228e+04 5.328534e+04 	 -5.203821e+02 2.544124e+00 -1.803486e+01 
4.74548       	 -5.291169e+03 2.646426e+04 5.326887e+04 	 -4.771021e+03 2.646176e+04 5.328685e+04 	 -5.201482e+02 2.503054e+00 -1.798029e+01 
4.76366       	 -5.285891e+03 2.644541e+04 5.325034e+04 	 -4.765928e+03 2.644298e+04 5.326829e+04 	 -5.199629e+02 2.426242e+00 -1.794162e+01 
4.78335       	 -5.281904e+03 2.642641e+04 5.324539e+04 	 -4.762175e+03 2.642407e+04 5.326329e+04 	 -5.197289e+02 2.341619e+00 -1.790117e+01 
4.80141       	 -5.277380e+03 2.638296e+04 5.319826e+04 	 -4.757817e+03 2.638071e+04 5.321615e+04 	 -5.195624e+02 2.243358e+00 -1.789394e+01 
4.82127       	 -5.274184e+03 2.638716e+04 5.320412e+04 	 -4.754803e+03 2.638501e+04 5.322203e+04 	 -5.193807e+02 2.150226e+00 -1.791076e+01 
4.84361       	 -5.271213e+03 2.639177e+04 5.320462e+04 	 -4.752060e+03 2.638971e+04 5.322258e+04 	 -5.191524e+02 2.053293e+00 -1.796231e+01 
4.86967       	 -5.267431e+03 2.638791e+04 5.319493e+04 	 -4.748628e+03 2.638595e+04 5.321296e+04 	 -5.188027e+02 1.967290e+00 -1.803577e+01 
4.89139       	 -5.259247e+03 2.633845e+04 5.314393e+04 	 -4.740685e+03 2.633661e+04 5.316201e+04 	 -5.185617e+02 1.845252e+00 -1.808027e+01 
4.91855       	 -5.259733e+03 2.638246e+04 5.317367e+04 	 -4.741535e+03 2.638074e+04 5.319184e+04 	 -5.181975e+02 1.721584e+00 -1.817008e+01 
4.93891       	 -5.247084e+03 2.630799e+04 5.308653e+04 	 -4.729154e+03 2.630641e+04 5.310476e+04 	 -5.179297e+02 1.585375e+00 -1.823094e+01 
4.95927       	 -5.249227e+03 2.629972e+04 5.307981e+04 	 -4.731559e+03 2.629828e+04 5.309809e+04 	 -5.176688e+02 1.439155e+00 -1.827635e+01 
4.97964       	 -5.247840e+03 2.629678e+04 5.305494e+04 	 -4.730506e+03 2.629546e+04 5.307321e+04 	 -5.173340e+02 1.316192e+00 -1.826893e+01 
5             	 -5.243699e+03 2.628043e+04 5.304260e+04 	 -4.726762e+03 2.627925e+04 5.306088e+04 	 -5.169367e+02 1.182528e+00 -1.827486e+01 
5.01724       	 -5.240183e+03 2.624325e+04 5.298366e+04 	 -4.723533e+03 2.624220e+04 5.300186e+04 	 -5.166501e+02 1.049637e+00 -1.820340e+01 
5.03578       	 -5.238184e+03 2.626680e+04 5.301461e+04 	 -4.721819e+03 2.626586e+04 5.303278e+04 	 -5.163651e+02 9.425901e-01 -1.817679e+01 
5.05433       	 -5.238079e+03 2.627429e+04 5.300724e+04 	 -4.722033e+03 2.627345e+04 5.302532e+04 	 -5.160465e+02 8.402122e-01 -1.807529e+01 
5.07403       	 -5.232865e+03 2.628194e+04 5.301796e+04 	 -4.716987e+03 2.628120e+04 5.303598e+04 	 -5.158774e+02 7.390137e-01 -1.801715e+01 
5.09332       	 -5.229988e+03 2.627265e+04 5.302032e+04 	 -4.714428e+03 2.627201e+04 5.303824e+04 	 -5.155598e+02 6.382192e-01 -1.791434e+01 
5.1098        	 -5.225123e+03 2.623031e+04 5.297325e+04 	 -4.709799e+03 2.622977e+04 5.299111e+04 	 -5.153246e+02 5.467374e-01 -1.786085e+01 
5.12515       	 -5.224434e+03 2.621747e+04 5.295872e+04 	 -4.709411e+03 2.621701e+04 5.297645e+04 	 -5.150232e+02 4.628935e-01 -1.772916e+01 
5.13904       	 -5.220337e+03 2.620781e+04 5.292026e+04 	 -4.705599e+03 2.620743e+04 5.293791e+04 	 -5.147378e+02 3.826003e-01 -1.765187e+01 
5.15315       	 -5.217784e+03 2.618985e+04 5.292416e+04 	 -4.703310e+03 2.618952e+04 5.294175e+04 	 -5.144747e+02 3.248735e-01 -1.758859e+01 
5.16491       	 -5.213664e+03 2.616721e+04 5.287198e+04 	 -4.699315e+03 2.616697e+04 5.288948e+04 	 -5.143491e+02 2.446587e-01 -1.750126e+01 
5.17817       	 -5.213088e+03 2.618298e+04 5.290475e+04 	 -4.698919e+03 2.618279e+04 5.292221e+04 	 -5.141688e+02 1.859380e-01 -1.745504e+01 
5.19311       	 -5.209595e+03 2.621214e+04 5.294038e+04 	 -4.695542e+03 2.621200e+04 5.295781e+04 	 -5.140531e+02 1.338121e-01 -1.742801e+01 
5.20679       	 -5.205351e+03 2.619119e+04 5.290646e+04 	 -4.691356e+03 2.619110e+04 5.292383e+04 	 -5.139946e+02 8.564892e-02 -1.737261e+01 
5.22204       	 -5.201864e+03 2.622252e+04 5.293555e+04 	 -4.687974e+03 2.622250e+04 5.295288e+04 	 -5.138899e+02 2.901032e-02 -1.733300e+01 
5.2342        	 -5.197047e+03 2.614984e+04 5.287355e+04 	 -4.683126e+03 2.614986e+04 5.289084e+04 	 -5.139203e+02 -1.817846e-02 -1.728776e+01 
5.24812       	 -5.197810e+03 2.619138e+04 5.291649e+04 	 -4.683935e+03 2.619146e+04 5.293375e+04 	 -5.138745e+02 -7.772676e-02 -1.726896e+01 
5.26412       	 -5.193949e+03 2.621757e+04 5.294919e+04 	 -4.680190e+03 2.621770e+04 5.296639e+04 	 -5.137593e+02 -1.328927e-01 -1.720059e+01 
5.28207       	 -5.192504e+03 2.623541e+04 5.297859e+04 	 -4.678810e+03 2.623563e+04 5.299573e+04 	 -5.136943e+02 -2.152540e-01 -1.714127e+01 
5.30048       	 -5.190180e+03 2.622934e+04 5.296003e+04 	 -4.676458e+03 2.622962e+04 5.297712e+04 	 -5.137211e+02 -2.729502e-01 -1.708335e+01 
5.32105       	 -5.187865e+03 2.622842e+04 5.297706e+04 	 -4.674269e+03 2.622876e+04 5.299412e+04 	 -5.135966e+02 -3.365226e-01 -1.705423e+01 
5.34368       	 -5.185685e+03 2.622257e+04 5.296319e+04 	 -4.672198e+03 2.622297e+04 5.298023e+04 	 -5.134876e+02 -4.016248e-01 -1.703935e+01 
5.36556       	 -5.184563e+03 2.618442e+04 5.291977e+04 	 -4.671247e+03 2.618490e+04 5.293685e+04 	 -5.133164e+02 -4.793099e-01 -1.708020e+01 
5.38671       	 -5.182044e+03 2.617477e+04 5.289516e+04 	 -4.668801e+03 2.617536e+04 5.291227e+04 	 -5.132435e+02 -5.849797e-01 -1.711081e+01 
5.40942       	 -5.177005e+03 2.617739e+04 5.290235e+04 	 -4.664058e+03 2.617805e+04 5.291950e+04 	 -5.129476e+02 -6.567564e-01 -1.715204e+01 
5.4313        	 -5.174820e+03 2.615636e+04 5.286670e+04 	 -4.662234e+03 2.615712e+04 5.288385e+04 	 -5.125855e+02 -7.575808e-01 -1.715758e+01 
5.45025       	 -5.171892e+03 2.612987e+04 5.282934e+04 	 -4.659657e+03 2.613069e+04 5.284654e+04 	 -5.122354e+02 -8.263695e-01 -1.720243e+01 
5.4714        	 -5.168954e+03 2.613821e+04 5.283566e+04 	 -4.657257e+03 2.613910e+04 5.285286e+04 	 -5.116968e+02 -8.873608e-01 -1.719397e+01 
5.49173       	 -5.167181e+03 2.612987e+04 5.279972e+04 	 -4.655987e+03 2.613081e+04 5.281688e+04 	 -5.111942e+02 -9.435901e-01 -1.715630e+01 
5.51383       	 -5.164793e+03 2.615156e+04 5.281090e+04 	 -4.654115e+03 2.615256e+04 5.282801e+04 	 -5.106773e+02 -1.002055e+00 -1.711217e+01 
5.53592       	 -5.164022e+03 2.616557e+04 5.279895e+04 	 -4.653956e+03 2.616662e+04 5.281602e+04 	 -5.100660e+02 -1.046156e+00 -1.706631e+01 
5.55702       	 -5.163242e+03 2.614364e+04 5.277671e+04 	 -4.653781e+03 2.614473e+04 5.279371e+04 	 -5.094609e+02 -1.091027e+00 -1.700730e+01 
5.57917       	 -5.162926e+03 2.616434e+04 5.278000e+04 	 -4.654019e+03 2.616546e+04 5.279695e+04 	 -5.089074e+02 -1.121475e+00 -1.695668e+01 
5.59921       	 -5.160707e+03 2.616812e+04 5.274397e+04 	 -4.652342e+03 2.616928e+04 5.276084e+04 	 -5.083658e+02 -1.154895e+00 -1.687338e+01 
5.6203        	 -5.161607e+03 2.619397e+04 5.275226e+04 	 -4.653771e+03 2.619516e+04 5.276901e+04 	 -5.078363e+02 -1.194187e+00 -1.675396e+01 
5.64264       	 -5.160852e+03 2.618988e+04 5.276391e+04 	 -4.653690e+03 2.619108e+04 5.278055e+04 	 -5.071620e+02 -1.195059e+00 -1.663832e+01 
5.66249       	 -5.162861e+03 2.615921e+04 5.270518e+04 	 -4.656090e+03 2.616043e+04 5.272170e+04 	 -5.067708e+02 -1.223809e+00 -1.652330e+01 
5.68359       	 -5.162161e+03 2.616746e+04 5.269776e+04 	 -4.655879e+03 2.616870e+04 5.271414e+04 	 -5.062820e+02 -1.244727e+00 -1.638159e+01 
5.7022        	 -5.165778e+03 2.611714e+04 5.264755e+04 	 -4.659971e+03 2.611842e+04 5.266381e+04 	 -5.058076e+02 -1.284388e+00 -1.625887e+01 
5.72205       	 -5.165093e+03 2.613025e+04 5.263937e+04 	 -4.659667e+03 2.613156e+04 5.265553e+04 	 -5.054256e+02 -1.312631e+00 -1.616009e+01 
5.74058       	 -5.162042e+03 2.611396e+04 5.261484e+04 	 -4.656996e+03 2.611533e+04 5.263091e+04 	 -5.050458e+02 -1.360999e+00 -1.606538e+01 
5.75911       	 -5.163578e+03 2.609796e+04 5.259259e+04 	 -4.658809e+03 2.609936e+04 5.260857e+04 	 -5.047692e+02 -1.404135e+00 -1.597526e+01 
5.77764       	 -5.163216e+03 2.610946e+04 5.258557e+04 	 -4.658806e+03 2.611087e+04 5.260152e+04 	 -5.044101e+02 -1.417344e+00 -1.594727e+01 
5.79617       	 -5.165047e+03 2.609662e+04 5.257340e+04 	 -4.660933e+03 2.609806e+04 5.258931e+04 	 -5.041140e+02 -1.440962e+00 -1.590670e+01 
5.8147        	 -5.164808e+03 2.610241e+04 5.256404e+04 	 -4.660925e+03 2.610387e+04 5.257993e+04 	 -5.038827e+02 -1.456887e+00 -1.588051e+01 
5.83529       	 -5.166932e+03 2.612029e+04 5.258563e+04 	 -4.663321e+03 2.612173e+04 5.260151e+04 	 -5.036109e+02 -1.443598e+00 -1.587940e+01 
5.85588       	 -5.163475e+03 2.611020e+04 5.257011e+04 	 -4.660109e+03 2.611166e+04 5.258599e+04 	 -5.033661e+02 -1.458968e+00 -1.588272e+01 
5.87389       	 -5.163043e+03 2.607291e+04 5.252754e+04 	 -4.659935e+03 2.607437e+04 5.254341e+04 	 -5.031077e+02 -1.454877e+00 -1.586812e+01 
5.88966       	 -5.165109e+03 2.606323e+04 5.250191e+04 	 -4.662181e+03 2.606471e+04 5.251782e+04 	 -5.029279e+02 -1.481293e+00 -1.590301e+01 
5.90805       	 -5.165899e+03 2.610271e+04 5.253612e+04 	 -4.663163e+03 2.610420e+04 5.255206e+04 	 -5.027357e+02 -1.483365e+00 -1.594078e+01 
5.92644       	 -5.164781e+03 2.610888e+04 5.255522e+04 	 -4.662366e+03 2.611035e+04 5.257121e+04 	 -5.024147e+02 -1.471954e+00 -1.598830e+01 
5.94483       	 -5.162210e+03 2.611403e+04 5.254944e+04 	 -4.660129e+03 2.611550e+04 5.256547e+04 	 -5.020811e+02 -1.475170e+00 -1.603037e+01 
5.96322       	 -5.161230e+03 2.612199e+04 5.255720e+04 	 -4.659424e+03 2.612344e+04 5.257330e+04 	 -5.018061e+02 -1.456404e+00 -1.609522e+01 
5.98161       	 -5.162306e+03 2.611430e+04 5.255335e+04 	 -4.660869e+03 2.611574e+04 5.256949e+04 	 -5.014373e+02 -1.439329e+00 -1.614062e+01 
6             	 -5.159250e+03 2.610924e+04 5.254991e+04 	 -4.658186e+03 2.611065e+04 5.256608e+04 	 -5.010641e+02 -1.418900e+00 -1.617612e+01 
