0.0015499     	 -9.724628e+04 7.752697e+04 1.266673e+05 	 -9.715986e+04 7.752738e+04 1.266679e+05 	 -8.642076e+01 -4.062846e-01 -6.508840e-01 
0.00197972    	 -7.165769e+04 6.748830e+04 1.123720e+05 	 -7.157169e+04 6.748877e+04 1.123727e+05 	 -8.600714e+01 -4.726490e-01 -6.705403e-01 
0.00249549    	 -5.389427e+04 6.041625e+04 1.027215e+05 	 -5.380867e+04 6.041680e+04 1.027222e+05 	 -8.559220e+01 -5.448316e-01 -6.830303e-01 
0.00311429    	 -4.152541e+04 5.537803e+04 9.602218e+04 	 -4.144023e+04 5.537865e+04 9.602286e+04 	 -8.517666e+01 -6.239465e-01 -6.866713e-01 
0.00385657    	 -3.367082e+04 5.136622e+04 9.128888e+04 	 -3.358606e+04 5.136693e+04 9.128956e+04 	 -8.475933e+01 -7.110783e-01 -6.822728e-01 
0.00474757    	 -2.878489e+04 4.819151e+04 8.785860e+04 	 -2.870055e+04 4.819232e+04 8.785927e+04 	 -8.433908e+01 -8.075348e-01 -6.697647e-01 
0.00581659    	 -2.515179e+04 4.562737e+04 8.532859e+04 	 -2.506787e+04 4.562828e+04 8.532924e+04 	 -8.392278e+01 -9.146722e-01 -6.533220e-01 
0.00709941    	 -2.264911e+04 4.351974e+04 8.336054e+04 	 -2.256560e+04 4.352077e+04 8.336117e+04 	 -8.351441e+01 -1.032571e+00 -6.343084e-01 
0.00863879    	 -2.131890e+04 4.177816e+04 8.180782e+04 	 -2.123578e+04 4.177932e+04 8.180843e+04 	 -8.311844e+01 -1.159170e+00 -6.136614e-01 
0.0104849     	 -2.001476e+04 4.038587e+04 8.070243e+04 	 -1.993202e+04 4.038716e+04 8.070302e+04 	 -8.274263e+01 -1.291600e+00 -5.884556e-01 
0.0126986     	 -1.920667e+04 3.927321e+04 7.999120e+04 	 -1.912427e+04 3.927463e+04 7.999175e+04 	 -8.240146e+01 -1.427461e+00 -5.565134e-01 
0.0153526     	 -1.855090e+04 3.846345e+04 7.952597e+04 	 -1.846879e+04 3.846502e+04 7.952648e+04 	 -8.211411e+01 -1.564620e+00 -5.180029e-01 
0.0185392     	 -1.775905e+04 3.776060e+04 7.949119e+04 	 -1.767714e+04 3.776230e+04 7.949166e+04 	 -8.190284e+01 -1.702024e+00 -4.684749e-01 
0.0223581     	 -1.715046e+04 3.735126e+04 7.964362e+04 	 -1.706866e+04 3.735310e+04 7.964402e+04 	 -8.179757e+01 -1.840422e+00 -4.016264e-01 
0.026948      	 -1.643177e+04 3.706054e+04 7.990335e+04 	 -1.634994e+04 3.706252e+04 7.990366e+04 	 -8.183061e+01 -1.979643e+00 -3.127748e-01 
0.0324454     	 -1.574590e+04 3.663957e+04 8.031733e+04 	 -1.566385e+04 3.664169e+04 8.031753e+04 	 -8.205062e+01 -2.119431e+00 -1.988587e-01 
0.0390274     	 -1.477146e+04 3.610745e+04 8.097653e+04 	 -1.468900e+04 3.610969e+04 8.097665e+04 	 -8.246262e+01 -2.238189e+00 -1.232241e-01 
0.0469043     	 -1.368883e+04 3.545641e+04 8.165819e+04 	 -1.360570e+04 3.545873e+04 8.165830e+04 	 -8.312972e+01 -2.320238e+00 -1.159832e-01 
0.0562483     	 -1.265215e+04 3.493110e+04 8.222335e+04 	 -1.256798e+04 3.493348e+04 8.222352e+04 	 -8.417270e+01 -2.375959e+00 -1.750090e-01 
0.0669728     	 -1.177932e+04 3.414147e+04 8.273857e+04 	 -1.169366e+04 3.414388e+04 8.273888e+04 	 -8.566193e+01 -2.405213e+00 -3.114222e-01 
0.07909       	 -1.127286e+04 3.333844e+04 8.279666e+04 	 -1.118512e+04 3.334087e+04 8.279716e+04 	 -8.774494e+01 -2.425038e+00 -4.987183e-01 
0.0926328     	 -1.118138e+04 3.224530e+04 8.230782e+04 	 -1.109074e+04 3.224774e+04 8.230857e+04 	 -9.063980e+01 -2.439323e+00 -7.534830e-01 
0.107756      	 -1.140758e+04 3.102048e+04 8.119704e+04 	 -1.131277e+04 3.102293e+04 8.119814e+04 	 -9.480616e+01 -2.450903e+00 -1.103204e+00 
0.123978      	 -1.174183e+04 2.978914e+04 8.005586e+04 	 -1.164137e+04 2.979160e+04 8.005742e+04 	 -1.004593e+02 -2.465818e+00 -1.560597e+00 
0.142229      	 -1.200133e+04 2.873114e+04 7.923816e+04 	 -1.189347e+04 2.873364e+04 7.924027e+04 	 -1.078592e+02 -2.495858e+00 -2.105193e+00 
0.158113      	 -1.207701e+04 2.812357e+04 7.903224e+04 	 -1.196155e+04 2.812610e+04 7.903487e+04 	 -1.154638e+02 -2.536441e+00 -2.631300e+00 
0.176026      	 -1.204560e+04 2.748648e+04 7.894345e+04 	 -1.192117e+04 2.748908e+04 7.894664e+04 	 -1.244316e+02 -2.603421e+00 -3.187267e+00 
0.191572      	 -1.204831e+04 2.718829e+04 7.908654e+04 	 -1.191541e+04 2.719100e+04 7.909022e+04 	 -1.329003e+02 -2.708789e+00 -3.678563e+00 
0.209147      	 -1.203702e+04 2.680509e+04 7.899388e+04 	 -1.189430e+04 2.680791e+04 7.899805e+04 	 -1.427190e+02 -2.819259e+00 -4.168580e+00 
0.228918      	 -1.208248e+04 2.633355e+04 7.883233e+04 	 -1.192837e+04 2.633642e+04 7.883700e+04 	 -1.541081e+02 -2.873996e+00 -4.675551e+00 
0.24869       	 -1.206132e+04 2.608686e+04 7.853678e+04 	 -1.189516e+04 2.608971e+04 7.854193e+04 	 -1.661618e+02 -2.852293e+00 -5.148326e+00 
0.267472      	 -1.218007e+04 2.578059e+04 7.821755e+04 	 -1.200133e+04 2.578336e+04 7.822305e+04 	 -1.787390e+02 -2.768478e+00 -5.500068e+00 
0.283058      	 -1.223064e+04 2.554277e+04 7.786510e+04 	 -1.203996e+04 2.554532e+04 7.787094e+04 	 -1.906803e+02 -2.548436e+00 -5.833424e+00 
0.298312      	 -1.228193e+04 2.554827e+04 7.758437e+04 	 -1.207825e+04 2.555066e+04 7.759048e+04 	 -2.036794e+02 -2.388760e+00 -6.108191e+00 
0.315427      	 -1.233626e+04 2.537425e+04 7.718690e+04 	 -1.211623e+04 2.537640e+04 7.719329e+04 	 -2.200285e+02 -2.154772e+00 -6.389640e+00 
0.33298       	 -1.238475e+04 2.541011e+04 7.682221e+04 	 -1.214561e+04 2.541199e+04 7.682892e+04 	 -2.391406e+02 -1.878607e+00 -6.709292e+00 
0.350083      	 -1.244463e+04 2.534078e+04 7.648806e+04 	 -1.218471e+04 2.534229e+04 7.649517e+04 	 -2.599166e+02 -1.514894e+00 -7.108108e+00 
0.368652      	 -1.252700e+04 2.520287e+04 7.607928e+04 	 -1.224177e+04 2.520398e+04 7.608684e+04 	 -2.852282e+02 -1.115677e+00 -7.559642e+00 
0.383684      	 -1.261081e+04 2.512047e+04 7.559892e+04 	 -1.230227e+04 2.512127e+04 7.560697e+04 	 -3.085339e+02 -7.983305e-01 -8.047257e+00 
0.398017      	 -1.273218e+04 2.508711e+04 7.522703e+04 	 -1.239918e+04 2.508752e+04 7.523532e+04 	 -3.330064e+02 -4.072117e-01 -8.293816e+00 
0.410558      	 -1.279857e+04 2.495808e+04 7.495971e+04 	 -1.244218e+04 2.495828e+04 7.496835e+04 	 -3.563893e+02 -2.035431e-01 -8.637056e+00 
0.424593      	 -1.288362e+04 2.488908e+04 7.464139e+04 	 -1.249972e+04 2.488893e+04 7.465038e+04 	 -3.839015e+02 1.555007e-01 -8.987249e+00 
0.43767       	 -1.294570e+04 2.457359e+04 7.428746e+04 	 -1.253458e+04 2.457324e+04 7.429666e+04 	 -4.111119e+02 3.467736e-01 -9.206918e+00 
0.452468      	 -1.300753e+04 2.437435e+04 7.412554e+04 	 -1.256394e+04 2.437369e+04 7.413524e+04 	 -4.435887e+02 6.564737e-01 -9.708187e+00 
0.466156      	 -1.308985e+04 2.414103e+04 7.394420e+04 	 -1.261499e+04 2.413997e+04 7.395427e+04 	 -4.748540e+02 1.067256e+00 -1.007196e+01 
0.479177      	 -1.316174e+04 2.402743e+04 7.369130e+04 	 -1.265575e+04 2.402603e+04 7.370207e+04 	 -5.059928e+02 1.396906e+00 -1.077803e+01 
0.492531      	 -1.325180e+04 2.383920e+04 7.352005e+04 	 -1.271336e+04 2.383727e+04 7.353143e+04 	 -5.384371e+02 1.931949e+00 -1.138669e+01 
0.503104      	 -1.330814e+04 2.365901e+04 7.323447e+04 	 -1.274294e+04 2.365659e+04 7.324642e+04 	 -5.651989e+02 2.415969e+00 -1.194527e+01 
0.514935      	 -1.339237e+04 2.353639e+04 7.305780e+04 	 -1.279786e+04 2.353354e+04 7.307028e+04 	 -5.945061e+02 2.849424e+00 -1.247683e+01 
0.525714      	 -1.344465e+04 2.333608e+04 7.288541e+04 	 -1.282303e+04 2.333257e+04 7.289837e+04 	 -6.216182e+02 3.509508e+00 -1.295409e+01 
0.537875      	 -1.353337e+04 2.330053e+04 7.272602e+04 	 -1.288140e+04 2.329636e+04 7.273939e+04 	 -6.519690e+02 4.165993e+00 -1.337271e+01 
0.548144      	 -1.363492e+04 2.316368e+04 7.256380e+04 	 -1.295722e+04 2.315855e+04 7.257756e+04 	 -6.777022e+02 5.130721e+00 -1.376860e+01 
0.55973       	 -1.369888e+04 2.319671e+04 7.237214e+04 	 -1.299263e+04 2.319097e+04 7.238686e+04 	 -7.062515e+02 5.744264e+00 -1.471949e+01 
0.570213      	 -1.379160e+04 2.316873e+04 7.232762e+04 	 -1.306031e+04 2.316214e+04 7.234273e+04 	 -7.312945e+02 6.589839e+00 -1.511411e+01 
0.580208      	 -1.384869e+04 2.307093e+04 7.223143e+04 	 -1.309384e+04 2.306321e+04 7.224746e+04 	 -7.548535e+02 7.713457e+00 -1.602908e+01 
0.589971      	 -1.390938e+04 2.324634e+04 7.203275e+04 	 -1.313213e+04 2.323770e+04 7.204943e+04 	 -7.772521e+02 8.637095e+00 -1.668067e+01 
0.599082      	 -1.400659e+04 2.327434e+04 7.191821e+04 	 -1.320863e+04 2.326474e+04 7.193549e+04 	 -7.979630e+02 9.597053e+00 -1.728132e+01 
0.606507      	 -1.404412e+04 2.341222e+04 7.164071e+04 	 -1.322906e+04 2.340217e+04 7.165842e+04 	 -8.150612e+02 1.005137e+01 -1.771400e+01 
0.613931      	 -1.415823e+04 2.383330e+04 7.164468e+04 	 -1.332591e+04 2.382277e+04 7.166260e+04 	 -8.323254e+02 1.052811e+01 -1.791927e+01 
0.619781      	 -1.414675e+04 2.340463e+04 7.128213e+04 	 -1.330127e+04 2.339382e+04 7.130083e+04 	 -8.454843e+02 1.080651e+01 -1.869952e+01 
0.625913      	 -1.415681e+04 2.371790e+04 7.120557e+04 	 -1.329804e+04 2.370642e+04 7.122552e+04 	 -8.587715e+02 1.147200e+01 -1.994816e+01 
0.632972      	 -1.417620e+04 2.404722e+04 7.121535e+04 	 -1.330302e+04 2.403515e+04 7.123465e+04 	 -8.731854e+02 1.207161e+01 -1.930268e+01 
0.640781      	 -1.427683e+04 2.406598e+04 7.125560e+04 	 -1.338824e+04 2.405314e+04 7.127581e+04 	 -8.885892e+02 1.284776e+01 -2.021429e+01 
0.647824      	 -1.432644e+04 2.414159e+04 7.112454e+04 	 -1.342441e+04 2.412780e+04 7.114619e+04 	 -9.020312e+02 1.379374e+01 -2.165157e+01 
0.65548       	 -1.433885e+04 2.413394e+04 7.106121e+04 	 -1.342206e+04 2.411920e+04 7.108315e+04 	 -9.167975e+02 1.473657e+01 -2.193823e+01 
0.662106      	 -1.434390e+04 2.404063e+04 7.085502e+04 	 -1.341455e+04 2.402544e+04 7.087770e+04 	 -9.293512e+02 1.518756e+01 -2.267867e+01 
0.668481      	 -1.435167e+04 2.379943e+04 7.074696e+04 	 -1.341034e+04 2.378372e+04 7.077057e+04 	 -9.413310e+02 1.571600e+01 -2.360655e+01 
0.675688      	 -1.438716e+04 2.375865e+04 7.063395e+04 	 -1.343277e+04 2.374228e+04 7.065830e+04 	 -9.543934e+02 1.636598e+01 -2.434909e+01 
0.683796      	 -1.435798e+04 2.364934e+04 7.051530e+04 	 -1.338927e+04 2.363249e+04 7.054037e+04 	 -9.687059e+02 1.684725e+01 -2.506684e+01 
0.693096      	 -1.433767e+04 2.356103e+04 7.048037e+04 	 -1.335313e+04 2.354363e+04 7.050601e+04 	 -9.845381e+02 1.740058e+01 -2.563514e+01 
0.703679      	 -1.433794e+04 2.355711e+04 7.043845e+04 	 -1.333578e+04 2.353913e+04 7.046483e+04 	 -1.002161e+03 1.798480e+01 -2.638201e+01 
0.715532      	 -1.434531e+04 2.351593e+04 7.036028e+04 	 -1.332430e+04 2.349699e+04 7.038730e+04 	 -1.021017e+03 1.894019e+01 -2.702830e+01 
0.729078      	 -1.433622e+04 2.337151e+04 7.026820e+04 	 -1.329389e+04 2.335155e+04 7.029596e+04 	 -1.042336e+03 1.996173e+01 -2.776507e+01 
0.744129      	 -1.433297e+04 2.332030e+04 7.012840e+04 	 -1.326729e+04 2.329929e+04 7.015688e+04 	 -1.065676e+03 2.100273e+01 -2.848783e+01 
0.761187      	 -1.438546e+04 2.344283e+04 6.999924e+04 	 -1.329377e+04 2.342087e+04 7.002824e+04 	 -1.091699e+03 2.195838e+01 -2.899998e+01 
0.779557      	 -1.446206e+04 2.361232e+04 6.984997e+04 	 -1.334263e+04 2.358962e+04 6.987927e+04 	 -1.119430e+03 2.269863e+01 -2.929524e+01 
0.799597      	 -1.448832e+04 2.356415e+04 6.955126e+04 	 -1.333902e+04 2.354095e+04 6.958069e+04 	 -1.149294e+03 2.319876e+01 -2.943096e+01 
0.819638      	 -1.453654e+04 2.353348e+04 6.915646e+04 	 -1.335747e+04 2.350995e+04 6.918605e+04 	 -1.179064e+03 2.353355e+01 -2.958676e+01 
0.839678      	 -1.457135e+04 2.356078e+04 6.870273e+04 	 -1.336310e+04 2.353673e+04 6.873253e+04 	 -1.208249e+03 2.405370e+01 -2.980061e+01 
0.859718      	 -1.466039e+04 2.349378e+04 6.829264e+04 	 -1.342419e+04 2.346925e+04 6.832258e+04 	 -1.236195e+03 2.453198e+01 -2.994666e+01 
0.875305      	 -1.473602e+04 2.354945e+04 6.787063e+04 	 -1.347811e+04 2.352439e+04 6.790075e+04 	 -1.257907e+03 2.505895e+01 -3.011854e+01 
0.88916       	 -1.474859e+04 2.338947e+04 6.746202e+04 	 -1.347159e+04 2.336405e+04 6.749234e+04 	 -1.277002e+03 2.541886e+01 -3.032561e+01 
0.903015      	 -1.474995e+04 2.326603e+04 6.701999e+04 	 -1.345464e+04 2.324028e+04 6.705056e+04 	 -1.295303e+03 2.574461e+01 -3.057334e+01 
0.91687       	 -1.480854e+04 2.315794e+04 6.662700e+04 	 -1.349552e+04 2.313188e+04 6.665788e+04 	 -1.313018e+03 2.606706e+01 -3.087590e+01 
0.930725      	 -1.481988e+04 2.298715e+04 6.624601e+04 	 -1.349004e+04 2.296075e+04 6.627717e+04 	 -1.329837e+03 2.639321e+01 -3.115481e+01 
0.94458       	 -1.483309e+04 2.277256e+04 6.591834e+04 	 -1.348693e+04 2.274586e+04 6.594973e+04 	 -1.346159e+03 2.669936e+01 -3.139552e+01 
0.958435      	 -1.487159e+04 2.254339e+04 6.567680e+04 	 -1.350979e+04 2.251636e+04 6.570834e+04 	 -1.361797e+03 2.702911e+01 -3.154381e+01 
0.97229       	 -1.487481e+04 2.232232e+04 6.545647e+04 	 -1.349775e+04 2.229493e+04 6.548806e+04 	 -1.377065e+03 2.739214e+01 -3.158652e+01 
0.986145      	 -1.485728e+04 2.231587e+04 6.519663e+04 	 -1.346575e+04 2.228810e+04 6.522824e+04 	 -1.391532e+03 2.777141e+01 -3.161369e+01 
1             	 -1.487145e+04 2.227346e+04 6.502116e+04 	 -1.346643e+04 2.224520e+04 6.505254e+04 	 -1.405014e+03 2.826425e+01 -3.137607e+01 
1.01316       	 -1.487170e+04 2.219455e+04 6.484460e+04 	 -1.345451e+04 2.216603e+04 6.487586e+04 	 -1.417191e+03 2.852025e+01 -3.126127e+01 
1.02668       	 -1.487955e+04 2.219440e+04 6.477184e+04 	 -1.345065e+04 2.216538e+04 6.480265e+04 	 -1.428901e+03 2.901584e+01 -3.081368e+01 
1.03983       	 -1.487124e+04 2.225996e+04 6.467171e+04 	 -1.343153e+04 2.223083e+04 6.470234e+04 	 -1.439707e+03 2.912936e+01 -3.062821e+01 
1.0546        	 -1.486548e+04 2.231177e+04 6.475740e+04 	 -1.341445e+04 2.228232e+04 6.478739e+04 	 -1.451034e+03 2.945060e+01 -2.999176e+01 
1.07036       	 -1.485249e+04 2.242362e+04 6.480098e+04 	 -1.338975e+04 2.239424e+04 6.483033e+04 	 -1.462746e+03 2.938156e+01 -2.935361e+01 
1.0856        	 -1.486127e+04 2.239324e+04 6.481339e+04 	 -1.338762e+04 2.236377e+04 6.484178e+04 	 -1.473655e+03 2.946776e+01 -2.839016e+01 
1.10035       	 -1.486454e+04 2.259756e+04 6.476015e+04 	 -1.338074e+04 2.256824e+04 6.478773e+04 	 -1.483804e+03 2.932261e+01 -2.757992e+01 
1.11586       	 -1.485902e+04 2.271032e+04 6.494578e+04 	 -1.336499e+04 2.268118e+04 6.497230e+04 	 -1.494032e+03 2.913956e+01 -2.652259e+01 
1.13137       	 -1.485180e+04 2.276522e+04 6.506000e+04 	 -1.334809e+04 2.273645e+04 6.508558e+04 	 -1.503710e+03 2.876962e+01 -2.557599e+01 
1.14585       	 -1.484033e+04 2.281669e+04 6.503075e+04 	 -1.332803e+04 2.278830e+04 6.505530e+04 	 -1.512302e+03 2.839084e+01 -2.455079e+01 
1.16196       	 -1.484196e+04 2.296030e+04 6.517654e+04 	 -1.332110e+04 2.293251e+04 6.520004e+04 	 -1.520865e+03 2.778634e+01 -2.350434e+01 
1.17641       	 -1.484569e+04 2.285390e+04 6.509800e+04 	 -1.331734e+04 2.282644e+04 6.512045e+04 	 -1.528351e+03 2.745654e+01 -2.244965e+01 
1.19256       	 -1.482317e+04 2.299312e+04 6.518606e+04 	 -1.328736e+04 2.296620e+04 6.520754e+04 	 -1.535810e+03 2.692124e+01 -2.148757e+01 
1.20974       	 -1.485534e+04 2.301165e+04 6.518015e+04 	 -1.331268e+04 2.298480e+04 6.520034e+04 	 -1.542666e+03 2.684896e+01 -2.018953e+01 
1.22554       	 -1.480434e+04 2.299295e+04 6.498542e+04 	 -1.325572e+04 2.296648e+04 6.500474e+04 	 -1.548612e+03 2.646960e+01 -1.932768e+01 
1.24238       	 -1.484167e+04 2.307897e+04 6.492001e+04 	 -1.328798e+04 2.305242e+04 6.493819e+04 	 -1.553692e+03 2.654546e+01 -1.818343e+01 
1.25641       	 -1.486209e+04 2.308815e+04 6.467242e+04 	 -1.330442e+04 2.306191e+04 6.469000e+04 	 -1.557679e+03 2.623418e+01 -1.758180e+01 
1.2719        	 -1.484394e+04 2.315117e+04 6.469304e+04 	 -1.328244e+04 2.312509e+04 6.470984e+04 	 -1.561493e+03 2.607671e+01 -1.679932e+01 
1.28646       	 -1.488742e+04 2.315399e+04 6.454131e+04 	 -1.332262e+04 2.312812e+04 6.455752e+04 	 -1.564803e+03 2.586739e+01 -1.621843e+01 
1.30165       	 -1.488671e+04 2.333610e+04 6.455870e+04 	 -1.331873e+04 2.331047e+04 6.457445e+04 	 -1.567975e+03 2.562222e+01 -1.575380e+01 
1.31752       	 -1.491405e+04 2.350289e+04 6.464013e+04 	 -1.334316e+04 2.347734e+04 6.465526e+04 	 -1.570888e+03 2.555124e+01 -1.512385e+01 
1.33377       	 -1.494547e+04 2.346654e+04 6.474056e+04 	 -1.337167e+04 2.344163e+04 6.475528e+04 	 -1.573802e+03 2.490940e+01 -1.472695e+01 
1.35042       	 -1.492485e+04 2.355593e+04 6.483288e+04 	 -1.334833e+04 2.353125e+04 6.484688e+04 	 -1.576519e+03 2.467406e+01 -1.399842e+01 
1.36627       	 -1.494309e+04 2.360685e+04 6.491050e+04 	 -1.336345e+04 2.358305e+04 6.492410e+04 	 -1.579645e+03 2.380351e+01 -1.359751e+01 
1.38252       	 -1.496517e+04 2.364125e+04 6.507247e+04 	 -1.338251e+04 2.361787e+04 6.508530e+04 	 -1.582660e+03 2.338039e+01 -1.282514e+01 
1.39877       	 -1.495012e+04 2.370138e+04 6.525527e+04 	 -1.336451e+04 2.367898e+04 6.526770e+04 	 -1.585611e+03 2.240639e+01 -1.242984e+01 
1.41501       	 -1.498000e+04 2.380739e+04 6.548063e+04 	 -1.339122e+04 2.378548e+04 6.549237e+04 	 -1.588776e+03 2.190989e+01 -1.173616e+01 
1.43173       	 -1.495541e+04 2.381880e+04 6.582049e+04 	 -1.336303e+04 2.379788e+04 6.583178e+04 	 -1.592374e+03 2.092252e+01 -1.129244e+01 
1.44844       	 -1.497980e+04 2.389155e+04 6.617047e+04 	 -1.338393e+04 2.387110e+04 6.618102e+04 	 -1.595871e+03 2.044627e+01 -1.054805e+01 
1.46259       	 -1.494608e+04 2.385868e+04 6.616267e+04 	 -1.334739e+04 2.383906e+04 6.617298e+04 	 -1.598683e+03 1.961840e+01 -1.030637e+01 
1.47602       	 -1.497860e+04 2.397292e+04 6.654010e+04 	 -1.337743e+04 2.395370e+04 6.654983e+04 	 -1.601175e+03 1.921114e+01 -9.731437e+00 
1.4888        	 -1.494470e+04 2.404489e+04 6.678585e+04 	 -1.334092e+04 2.402648e+04 6.679539e+04 	 -1.603776e+03 1.841179e+01 -9.539253e+00 
1.50225       	 -1.496630e+04 2.416288e+04 6.725543e+04 	 -1.335987e+04 2.414499e+04 6.726429e+04 	 -1.606425e+03 1.788593e+01 -8.857097e+00 
1.51502       	 -1.492652e+04 2.424651e+04 6.754522e+04 	 -1.331732e+04 2.422949e+04 6.755368e+04 	 -1.609199e+03 1.702257e+01 -8.461654e+00 
1.52778       	 -1.493076e+04 2.447029e+04 6.794129e+04 	 -1.331840e+04 2.445364e+04 6.794901e+04 	 -1.612353e+03 1.665022e+01 -7.718619e+00 
1.54167       	 -1.489761e+04 2.466853e+04 6.835460e+04 	 -1.328114e+04 2.465261e+04 6.836164e+04 	 -1.616474e+03 1.592572e+01 -7.034419e+00 
1.55405       	 -1.489892e+04 2.481614e+04 6.856099e+04 	 -1.327918e+04 2.480062e+04 6.856721e+04 	 -1.619742e+03 1.552147e+01 -6.219435e+00 
1.56799       	 -1.490491e+04 2.511966e+04 6.913242e+04 	 -1.328115e+04 2.510462e+04 6.913756e+04 	 -1.623761e+03 1.504096e+01 -5.145065e+00 
1.58033       	 -1.490715e+04 2.527773e+04 6.926993e+04 	 -1.328002e+04 2.526293e+04 6.927421e+04 	 -1.627133e+03 1.480044e+01 -4.287618e+00 
1.59345       	 -1.492827e+04 2.546109e+04 6.969607e+04 	 -1.329656e+04 2.544654e+04 6.969913e+04 	 -1.631709e+03 1.454957e+01 -3.059946e+00 
1.60656       	 -1.489287e+04 2.563513e+04 6.990090e+04 	 -1.325567e+04 2.562033e+04 6.990285e+04 	 -1.637197e+03 1.480448e+01 -1.955407e+00 
1.61968       	 -1.493905e+04 2.587872e+04 7.015160e+04 	 -1.329563e+04 2.586358e+04 7.015221e+04 	 -1.643425e+03 1.513792e+01 -6.175504e-01 
1.63376       	 -1.493390e+04 2.609689e+04 7.047346e+04 	 -1.328223e+04 2.608137e+04 7.047243e+04 	 -1.651673e+03 1.551645e+01 1.027319e+00 
1.64521       	 -1.494407e+04 2.622845e+04 7.042165e+04 	 -1.328578e+04 2.621269e+04 7.041947e+04 	 -1.658296e+03 1.575593e+01 2.187480e+00 
1.65788       	 -1.500063e+04 2.642257e+04 7.080088e+04 	 -1.333429e+04 2.640652e+04 7.079722e+04 	 -1.666337e+03 1.605341e+01 3.661682e+00 
1.6701        	 -1.500666e+04 2.650023e+04 7.086794e+04 	 -1.333259e+04 2.648395e+04 7.086292e+04 	 -1.674069e+03 1.628494e+01 5.015060e+00 
1.68279       	 -1.502291e+04 2.656355e+04 7.099632e+04 	 -1.334092e+04 2.654748e+04 7.098956e+04 	 -1.681988e+03 1.607232e+01 6.764582e+00 
1.69412       	 -1.500477e+04 2.647602e+04 7.088473e+04 	 -1.331641e+04 2.645999e+04 7.087688e+04 	 -1.688360e+03 1.603743e+01 7.843961e+00 
1.70686       	 -1.504728e+04 2.652108e+04 7.104373e+04 	 -1.335191e+04 2.650520e+04 7.103460e+04 	 -1.695364e+03 1.587908e+01 9.131123e+00 
1.71961       	 -1.503159e+04 2.649087e+04 7.095569e+04 	 -1.333045e+04 2.647513e+04 7.094599e+04 	 -1.701140e+03 1.573869e+01 9.702975e+00 
1.73296       	 -1.503774e+04 2.649365e+04 7.105512e+04 	 -1.333142e+04 2.647787e+04 7.104497e+04 	 -1.706318e+03 1.578071e+01 1.015390e+01 
1.74779       	 -1.503391e+04 2.650451e+04 7.109952e+04 	 -1.332283e+04 2.648869e+04 7.108935e+04 	 -1.711073e+03 1.582313e+01 1.017586e+01 
1.7604        	 -1.502954e+04 2.635831e+04 7.085889e+04 	 -1.331557e+04 2.634248e+04 7.084903e+04 	 -1.713967e+03 1.583003e+01 9.853064e+00 
1.7745        	 -1.502255e+04 2.641558e+04 7.096321e+04 	 -1.330560e+04 2.639990e+04 7.095388e+04 	 -1.716947e+03 1.568156e+01 9.334872e+00 
1.78776       	 -1.502008e+04 2.637192e+04 7.083855e+04 	 -1.330111e+04 2.635650e+04 7.082990e+04 	 -1.718975e+03 1.541607e+01 8.656040e+00 
1.80292       	 -1.503577e+04 2.649890e+04 7.096966e+04 	 -1.331486e+04 2.648367e+04 7.096175e+04 	 -1.720903e+03 1.523286e+01 7.907851e+00 
1.81606       	 -1.504183e+04 2.642321e+04 7.072166e+04 	 -1.331961e+04 2.640824e+04 7.071456e+04 	 -1.722216e+03 1.497119e+01 7.101400e+00 
1.83139       	 -1.508166e+04 2.652514e+04 7.093899e+04 	 -1.335850e+04 2.651050e+04 7.093286e+04 	 -1.723163e+03 1.463719e+01 6.126274e+00 
1.84672       	 -1.507858e+04 2.658317e+04 7.081487e+04 	 -1.335503e+04 2.656879e+04 7.080972e+04 	 -1.723553e+03 1.437740e+01 5.153873e+00 
1.86205       	 -1.508293e+04 2.667843e+04 7.092386e+04 	 -1.335914e+04 2.666449e+04 7.091942e+04 	 -1.723790e+03 1.394032e+01 4.434955e+00 
1.87929       	 -1.505296e+04 2.669750e+04 7.107377e+04 	 -1.332947e+04 2.668400e+04 7.107010e+04 	 -1.723492e+03 1.350112e+01 3.673061e+00 
1.89438       	 -1.506385e+04 2.664685e+04 7.088395e+04 	 -1.333963e+04 2.663401e+04 7.088057e+04 	 -1.724217e+03 1.283535e+01 3.376771e+00 
1.91198       	 -1.503330e+04 2.670853e+04 7.103929e+04 	 -1.330844e+04 2.669628e+04 7.103630e+04 	 -1.724867e+03 1.224146e+01 2.992032e+00 
1.92665       	 -1.502886e+04 2.663014e+04 7.082660e+04 	 -1.330370e+04 2.661861e+04 7.082381e+04 	 -1.725165e+03 1.153100e+01 2.785228e+00 
1.94499       	 -1.506137e+04 2.677333e+04 7.124646e+04 	 -1.333731e+04 2.676243e+04 7.124400e+04 	 -1.724063e+03 1.089148e+01 2.461262e+00 
1.95874       	 -1.502631e+04 2.655577e+04 7.089584e+04 	 -1.330357e+04 2.654517e+04 7.089382e+04 	 -1.722743e+03 1.060715e+01 2.014968e+00 
1.97249       	 -1.508230e+04 2.649757e+04 7.099677e+04 	 -1.336156e+04 2.648740e+04 7.099494e+04 	 -1.720741e+03 1.016819e+01 1.828414e+00 
1.98625       	 -1.504958e+04 2.636893e+04 7.094216e+04 	 -1.333105e+04 2.635876e+04 7.094071e+04 	 -1.718529e+03 1.017196e+01 1.444545e+00 
2             	 -1.507384e+04 2.637547e+04 7.098873e+04 	 -1.335716e+04 2.636536e+04 7.098751e+04 	 -1.716680e+03 1.011388e+01 1.223972e+00 
2.01493       	 -1.505270e+04 2.643061e+04 7.111858e+04 	 -1.333817e+04 2.642035e+04 7.111779e+04 	 -1.714528e+03 1.025991e+01 7.903860e-01 
2.02806       	 -1.504105e+04 2.639627e+04 7.096200e+04 	 -1.332801e+04 2.638582e+04 7.096138e+04 	 -1.713040e+03 1.045018e+01 6.196090e-01 
2.04279       	 -1.507144e+04 2.655941e+04 7.112523e+04 	 -1.335992e+04 2.654838e+04 7.112474e+04 	 -1.711517e+03 1.102510e+01 4.870629e-01 
2.0559        	 -1.509163e+04 2.649123e+04 7.106261e+04 	 -1.338105e+04 2.647978e+04 7.106230e+04 	 -1.710583e+03 1.144778e+01 3.132811e-01 
2.06785       	 -1.510474e+04 2.643463e+04 7.107680e+04 	 -1.339543e+04 2.642276e+04 7.107639e+04 	 -1.709316e+03 1.186422e+01 4.093528e-01 
2.07996       	 -1.508155e+04 2.651934e+04 7.108592e+04 	 -1.337348e+04 2.650672e+04 7.108575e+04 	 -1.708071e+03 1.261993e+01 1.680138e-01 
2.09222       	 -1.509503e+04 2.656465e+04 7.125729e+04 	 -1.338813e+04 2.655141e+04 7.125701e+04 	 -1.706902e+03 1.324458e+01 2.833125e-01 
2.10449       	 -1.505818e+04 2.648584e+04 7.132413e+04 	 -1.335205e+04 2.647209e+04 7.132407e+04 	 -1.706139e+03 1.375323e+01 5.945231e-02 
2.11728       	 -1.508217e+04 2.662838e+04 7.158448e+04 	 -1.337669e+04 2.661398e+04 7.158427e+04 	 -1.705480e+03 1.440059e+01 2.076506e-01 
2.13129       	 -1.504539e+04 2.669801e+04 7.176704e+04 	 -1.334044e+04 2.668316e+04 7.176695e+04 	 -1.704952e+03 1.484829e+01 9.308405e-02 
2.14319       	 -1.502879e+04 2.671082e+04 7.167217e+04 	 -1.332400e+04 2.669565e+04 7.167205e+04 	 -1.704787e+03 1.516963e+01 1.189726e-01 
2.15658       	 -1.505404e+04 2.689810e+04 7.202767e+04 	 -1.334919e+04 2.688259e+04 7.202749e+04 	 -1.704846e+03 1.551007e+01 1.735953e-01 
2.16917       	 -1.507719e+04 2.708138e+04 7.206427e+04 	 -1.337244e+04 2.706577e+04 7.206420e+04 	 -1.704751e+03 1.560552e+01 7.016943e-02 
2.1801        	 -1.507194e+04 2.699413e+04 7.201865e+04 	 -1.336735e+04 2.697834e+04 7.201852e+04 	 -1.704586e+03 1.579050e+01 1.329767e-01 
2.19165       	 -1.505144e+04 2.715259e+04 7.218638e+04 	 -1.334646e+04 2.713649e+04 7.218642e+04 	 -1.704982e+03 1.610485e+01 -4.919985e-02 
2.2039        	 -1.506600e+04 2.717252e+04 7.242980e+04 	 -1.336106e+04 2.715631e+04 7.242943e+04 	 -1.704940e+03 1.620229e+01 3.700290e-01 
2.21578       	 -1.504060e+04 2.715429e+04 7.245953e+04 	 -1.333599e+04 2.713819e+04 7.245920e+04 	 -1.704610e+03 1.609296e+01 3.283461e-01 
2.22843       	 -1.504660e+04 2.727905e+04 7.265443e+04 	 -1.334226e+04 2.726290e+04 7.265377e+04 	 -1.704340e+03 1.614725e+01 6.653208e-01 
2.24087       	 -1.502003e+04 2.718835e+04 7.265670e+04 	 -1.331550e+04 2.717236e+04 7.265603e+04 	 -1.704527e+03 1.598922e+01 6.726740e-01 
2.25332       	 -1.502049e+04 2.727075e+04 7.266831e+04 	 -1.331564e+04 2.725472e+04 7.266750e+04 	 -1.704851e+03 1.603172e+01 8.092821e-01 
2.26689       	 -1.501889e+04 2.738386e+04 7.280254e+04 	 -1.331394e+04 2.736780e+04 7.280169e+04 	 -1.704949e+03 1.606085e+01 8.543428e-01 
2.27976       	 -1.503221e+04 2.741668e+04 7.279513e+04 	 -1.332705e+04 2.740069e+04 7.279408e+04 	 -1.705166e+03 1.598751e+01 1.053253e+00 
2.29262       	 -1.505055e+04 2.742361e+04 7.285379e+04 	 -1.334522e+04 2.740771e+04 7.285241e+04 	 -1.705335e+03 1.589509e+01 1.379133e+00 
2.30548       	 -1.502023e+04 2.738641e+04 7.275544e+04 	 -1.331471e+04 2.737037e+04 7.275390e+04 	 -1.705521e+03 1.604328e+01 1.535302e+00 
2.31965       	 -1.504102e+04 2.745214e+04 7.290446e+04 	 -1.333533e+04 2.743614e+04 7.290245e+04 	 -1.705684e+03 1.600345e+01 2.011625e+00 
2.33225       	 -1.501256e+04 2.733281e+04 7.274101e+04 	 -1.330677e+04 2.731682e+04 7.273883e+04 	 -1.705789e+03 1.599525e+01 2.180402e+00 
2.34646       	 -1.502670e+04 2.747542e+04 7.287687e+04 	 -1.332027e+04 2.745930e+04 7.287423e+04 	 -1.706430e+03 1.612024e+01 2.643573e+00 
2.3598        	 -1.502768e+04 2.733815e+04 7.272805e+04 	 -1.332073e+04 2.732196e+04 7.272527e+04 	 -1.706955e+03 1.618864e+01 2.785465e+00 
2.37435       	 -1.499238e+04 2.742494e+04 7.270899e+04 	 -1.328475e+04 2.740861e+04 7.270581e+04 	 -1.707626e+03 1.632801e+01 3.178011e+00 
2.3889        	 -1.499029e+04 2.733043e+04 7.264091e+04 	 -1.328193e+04 2.731391e+04 7.263754e+04 	 -1.708361e+03 1.652020e+01 3.374669e+00 
2.40311       	 -1.498963e+04 2.729062e+04 7.256329e+04 	 -1.328047e+04 2.727390e+04 7.255957e+04 	 -1.709159e+03 1.671930e+01 3.712644e+00 
2.41882       	 -1.497170e+04 2.728299e+04 7.264018e+04 	 -1.326147e+04 2.726600e+04 7.263625e+04 	 -1.710235e+03 1.699058e+01 3.932052e+00 
2.43335       	 -1.497740e+04 2.720638e+04 7.253935e+04 	 -1.326604e+04 2.718914e+04 7.253529e+04 	 -1.711362e+03 1.724473e+01 4.054143e+00 
2.44954       	 -1.496494e+04 2.733666e+04 7.262743e+04 	 -1.325194e+04 2.731913e+04 7.262307e+04 	 -1.712994e+03 1.753165e+01 4.360688e+00 
2.46441       	 -1.496062e+04 2.722423e+04 7.249937e+04 	 -1.324591e+04 2.720627e+04 7.249472e+04 	 -1.714704e+03 1.795751e+01 4.649039e+00 
2.48017       	 -1.495154e+04 2.732809e+04 7.253957e+04 	 -1.323538e+04 2.730971e+04 7.253465e+04 	 -1.716159e+03 1.837810e+01 4.911965e+00 
2.49641       	 -1.494518e+04 2.726075e+04 7.262243e+04 	 -1.322735e+04 2.724171e+04 7.261721e+04 	 -1.717833e+03 1.903893e+01 5.215244e+00 
2.51167       	 -1.494543e+04 2.730172e+04 7.251225e+04 	 -1.322615e+04 2.728222e+04 7.250683e+04 	 -1.719283e+03 1.950356e+01 5.422002e+00 
2.52851       	 -1.496134e+04 2.743155e+04 7.270004e+04 	 -1.324066e+04 2.741144e+04 7.269420e+04 	 -1.720680e+03 2.011610e+01 5.833188e+00 
2.5428        	 -1.498893e+04 2.735346e+04 7.250404e+04 	 -1.326658e+04 2.733292e+04 7.249806e+04 	 -1.722355e+03 2.053533e+01 5.979916e+00 
2.55913       	 -1.499254e+04 2.753757e+04 7.277620e+04 	 -1.326899e+04 2.751665e+04 7.276986e+04 	 -1.723548e+03 2.092124e+01 6.334172e+00 
2.57335       	 -1.499592e+04 2.737281e+04 7.260063e+04 	 -1.327161e+04 2.735151e+04 7.259427e+04 	 -1.724319e+03 2.129614e+01 6.354972e+00 
2.58915       	 -1.500542e+04 2.748857e+04 7.271429e+04 	 -1.328061e+04 2.746696e+04 7.270786e+04 	 -1.724802e+03 2.161017e+01 6.429874e+00 
2.60437       	 -1.498707e+04 2.744824e+04 7.264681e+04 	 -1.326170e+04 2.742626e+04 7.264067e+04 	 -1.725370e+03 2.197504e+01 6.143331e+00 
2.61958       	 -1.498553e+04 2.743003e+04 7.268159e+04 	 -1.326027e+04 2.740777e+04 7.267570e+04 	 -1.725256e+03 2.226326e+01 5.883453e+00 
2.63612       	 -1.496097e+04 2.748859e+04 7.283472e+04 	 -1.323555e+04 2.746600e+04 7.282919e+04 	 -1.725425e+03 2.258256e+01 5.533507e+00 
2.65128       	 -1.498465e+04 2.745351e+04 7.272980e+04 	 -1.325956e+04 2.743064e+04 7.272468e+04 	 -1.725091e+03 2.287056e+01 5.125140e+00 
2.66789       	 -1.497010e+04 2.750033e+04 7.292077e+04 	 -1.324505e+04 2.747707e+04 7.291611e+04 	 -1.725049e+03 2.326744e+01 4.658690e+00 
2.68299       	 -1.497835e+04 2.750840e+04 7.282651e+04 	 -1.325313e+04 2.748487e+04 7.282231e+04 	 -1.725221e+03 2.353594e+01 4.198244e+00 
2.69808       	 -1.498727e+04 2.765888e+04 7.286021e+04 	 -1.326213e+04 2.763475e+04 7.285644e+04 	 -1.725141e+03 2.412817e+01 3.768728e+00 
2.71181       	 -1.504113e+04 2.768109e+04 7.283070e+04 	 -1.331569e+04 2.765673e+04 7.282741e+04 	 -1.725438e+03 2.435998e+01 3.290604e+00 
2.72289       	 -1.508865e+04 2.754936e+04 7.265528e+04 	 -1.336325e+04 2.752452e+04 7.265213e+04 	 -1.725401e+03 2.484053e+01 3.150728e+00 
2.73444       	 -1.507183e+04 2.765476e+04 7.269496e+04 	 -1.334651e+04 2.762948e+04 7.269227e+04 	 -1.725318e+03 2.527421e+01 2.691094e+00 
2.74506       	 -1.509386e+04 2.750912e+04 7.262141e+04 	 -1.336890e+04 2.748322e+04 7.261859e+04 	 -1.724953e+03 2.589981e+01 2.824564e+00 
2.75568       	 -1.508191e+04 2.757116e+04 7.265723e+04 	 -1.335701e+04 2.754514e+04 7.265478e+04 	 -1.724905e+03 2.602507e+01 2.444110e+00 
2.76732       	 -1.511135e+04 2.763052e+04 7.281591e+04 	 -1.338718e+04 2.760399e+04 7.281323e+04 	 -1.724168e+03 2.653118e+01 2.686527e+00 
2.77743       	 -1.505180e+04 2.743808e+04 7.251114e+04 	 -1.332784e+04 2.741171e+04 7.250864e+04 	 -1.723964e+03 2.636829e+01 2.499016e+00 
2.78856       	 -1.506099e+04 2.751014e+04 7.264937e+04 	 -1.333768e+04 2.748364e+04 7.264663e+04 	 -1.723307e+03 2.649948e+01 2.743492e+00 
2.801         	 -1.501421e+04 2.739162e+04 7.262860e+04 	 -1.329149e+04 2.736522e+04 7.262590e+04 	 -1.722725e+03 2.639506e+01 2.698862e+00 
2.81521       	 -1.498756e+04 2.745591e+04 7.265416e+04 	 -1.326517e+04 2.742927e+04 7.265127e+04 	 -1.722390e+03 2.664487e+01 2.894806e+00 
2.83061       	 -1.498572e+04 2.747280e+04 7.260907e+04 	 -1.326392e+04 2.744613e+04 7.260598e+04 	 -1.721808e+03 2.667040e+01 3.085994e+00 
2.84601       	 -1.498394e+04 2.747403e+04 7.260384e+04 	 -1.326317e+04 2.744735e+04 7.260072e+04 	 -1.720772e+03 2.667798e+01 3.117732e+00 
2.86001       	 -1.500899e+04 2.736555e+04 7.245116e+04 	 -1.328892e+04 2.733903e+04 7.244792e+04 	 -1.720069e+03 2.652010e+01 3.243390e+00 
2.87274       	 -1.499135e+04 2.722328e+04 7.221553e+04 	 -1.327149e+04 2.719665e+04 7.221233e+04 	 -1.719861e+03 2.663419e+01 3.193176e+00 
2.88688       	 -1.499141e+04 2.726919e+04 7.234751e+04 	 -1.327232e+04 2.724250e+04 7.234454e+04 	 -1.719083e+03 2.668384e+01 2.974246e+00 
2.90102       	 -1.496786e+04 2.715739e+04 7.223815e+04 	 -1.324943e+04 2.713040e+04 7.223542e+04 	 -1.718431e+03 2.699727e+01 2.727476e+00 
2.91339       	 -1.497274e+04 2.704469e+04 7.210417e+04 	 -1.325503e+04 2.701779e+04 7.210177e+04 	 -1.717705e+03 2.689904e+01 2.406158e+00 
2.92782       	 -1.499539e+04 2.725965e+04 7.237278e+04 	 -1.327868e+04 2.723257e+04 7.237052e+04 	 -1.716711e+03 2.708329e+01 2.259906e+00 
2.93985       	 -1.499072e+04 2.716886e+04 7.213249e+04 	 -1.327483e+04 2.714171e+04 7.213052e+04 	 -1.715887e+03 2.714428e+01 1.970420e+00 
2.95489       	 -1.500642e+04 2.740515e+04 7.246904e+04 	 -1.329169e+04 2.737797e+04 7.246699e+04 	 -1.714727e+03 2.718211e+01 2.056234e+00 
2.96617       	 -1.498241e+04 2.714062e+04 7.212465e+04 	 -1.326865e+04 2.711340e+04 7.212285e+04 	 -1.713751e+03 2.722098e+01 1.795311e+00 
2.97745       	 -1.501288e+04 2.722736e+04 7.228341e+04 	 -1.330019e+04 2.720011e+04 7.228167e+04 	 -1.712689e+03 2.724817e+01 1.741181e+00 
2.98872       	 -1.499580e+04 2.720004e+04 7.228137e+04 	 -1.328406e+04 2.717293e+04 7.227982e+04 	 -1.711742e+03 2.711298e+01 1.553706e+00 
3             	 -1.498356e+04 2.732181e+04 7.231972e+04 	 -1.327268e+04 2.729464e+04 7.231824e+04 	 -1.710874e+03 2.717318e+01 1.485888e+00 
3.01266       	 -1.497641e+04 2.733110e+04 7.248433e+04 	 -1.326624e+04 2.730384e+04 7.248296e+04 	 -1.710169e+03 2.726120e+01 1.371690e+00 
3.02676       	 -1.496958e+04 2.741488e+04 7.263296e+04 	 -1.326011e+04 2.738749e+04 7.263168e+04 	 -1.709463e+03 2.738472e+01 1.281954e+00 
3.04246       	 -1.495485e+04 2.750537e+04 7.276183e+04 	 -1.324589e+04 2.747780e+04 7.276065e+04 	 -1.708961e+03 2.757508e+01 1.174098e+00 
3.0579        	 -1.495810e+04 2.747817e+04 7.282623e+04 	 -1.324953e+04 2.745048e+04 7.282515e+04 	 -1.708572e+03 2.768821e+01 1.083529e+00 
3.07535       	 -1.492722e+04 2.761401e+04 7.303289e+04 	 -1.321898e+04 2.758628e+04 7.303187e+04 	 -1.708241e+03 2.772261e+01 1.021807e+00 
3.09076       	 -1.495704e+04 2.754270e+04 7.287742e+04 	 -1.324878e+04 2.751503e+04 7.287644e+04 	 -1.708264e+03 2.767466e+01 9.803177e-01 
3.1076        	 -1.492792e+04 2.767568e+04 7.294449e+04 	 -1.321976e+04 2.764794e+04 7.294359e+04 	 -1.708154e+03 2.773382e+01 8.959875e-01 
3.12413       	 -1.494382e+04 2.755020e+04 7.298028e+04 	 -1.323606e+04 2.752245e+04 7.297958e+04 	 -1.707759e+03 2.775037e+01 7.038527e-01 
3.14035       	 -1.495980e+04 2.764929e+04 7.301167e+04 	 -1.325165e+04 2.762153e+04 7.301110e+04 	 -1.708146e+03 2.776860e+01 5.777633e-01 
3.15825       	 -1.495898e+04 2.772410e+04 7.314443e+04 	 -1.325038e+04 2.769627e+04 7.314406e+04 	 -1.708604e+03 2.782895e+01 3.765731e-01 
3.17509       	 -1.496065e+04 2.766191e+04 7.305615e+04 	 -1.325134e+04 2.763408e+04 7.305575e+04 	 -1.709312e+03 2.782971e+01 3.981574e-01 
3.19264       	 -1.494241e+04 2.768158e+04 7.313612e+04 	 -1.323244e+04 2.765373e+04 7.313608e+04 	 -1.709980e+03 2.784667e+01 4.256128e-02 
3.21058       	 -1.500817e+04 2.774814e+04 7.321706e+04 	 -1.329760e+04 2.772016e+04 7.321709e+04 	 -1.710571e+03 2.797751e+01 -2.762030e-02 
3.22738       	 -1.496121e+04 2.762590e+04 7.306871e+04 	 -1.324960e+04 2.759785e+04 7.306873e+04 	 -1.711610e+03 2.805098e+01 -2.504059e-02 
3.24535       	 -1.498961e+04 2.770525e+04 7.323466e+04 	 -1.327692e+04 2.767694e+04 7.323433e+04 	 -1.712684e+03 2.831243e+01 3.344526e-01 
3.2614        	 -1.498985e+04 2.771711e+04 7.311037e+04 	 -1.327594e+04 2.768870e+04 7.311003e+04 	 -1.713910e+03 2.840336e+01 3.432441e-01 
3.27858       	 -1.498236e+04 2.775829e+04 7.320458e+04 	 -1.326739e+04 2.772966e+04 7.320399e+04 	 -1.714978e+03 2.863175e+01 5.874502e-01 
3.29536       	 -1.499518e+04 2.777984e+04 7.328969e+04 	 -1.327871e+04 2.775135e+04 7.328916e+04 	 -1.716468e+03 2.848991e+01 5.298759e-01 
3.31213       	 -1.503250e+04 2.805866e+04 7.340623e+04 	 -1.331419e+04 2.802994e+04 7.340565e+04 	 -1.718313e+03 2.871808e+01 5.855338e-01 
3.32617       	 -1.507367e+04 2.822315e+04 7.321018e+04 	 -1.335397e+04 2.819494e+04 7.320980e+04 	 -1.719693e+03 2.821323e+01 3.723849e-01 
3.3367        	 -1.516544e+04 2.799181e+04 7.300395e+04 	 -1.344507e+04 2.796316e+04 7.300334e+04 	 -1.720371e+03 2.864821e+01 6.170996e-01 
3.34706       	 -1.516413e+04 2.806738e+04 7.293285e+04 	 -1.344302e+04 2.803890e+04 7.293261e+04 	 -1.721116e+03 2.847573e+01 2.407849e-01 
3.35626       	 -1.518466e+04 2.780808e+04 7.286723e+04 	 -1.346390e+04 2.777903e+04 7.286666e+04 	 -1.720759e+03 2.905326e+01 5.732376e-01 
3.36559       	 -1.514570e+04 2.771855e+04 7.288686e+04 	 -1.342556e+04 2.769001e+04 7.288642e+04 	 -1.720143e+03 2.854115e+01 4.351708e-01 
3.37535       	 -1.517537e+04 2.782265e+04 7.298068e+04 	 -1.345621e+04 2.779389e+04 7.298011e+04 	 -1.719167e+03 2.875929e+01 5.750013e-01 
3.38454       	 -1.511452e+04 2.761835e+04 7.273341e+04 	 -1.339608e+04 2.758983e+04 7.273299e+04 	 -1.718435e+03 2.851357e+01 4.246376e-01 
3.39479       	 -1.510202e+04 2.763414e+04 7.291636e+04 	 -1.338414e+04 2.760576e+04 7.291600e+04 	 -1.717876e+03 2.837095e+01 3.595147e-01 
3.40621       	 -1.504513e+04 2.762348e+04 7.283707e+04 	 -1.332733e+04 2.759520e+04 7.283670e+04 	 -1.717798e+03 2.828035e+01 3.629260e-01 
3.41833       	 -1.502496e+04 2.763023e+04 7.295997e+04 	 -1.330740e+04 2.760210e+04 7.295963e+04 	 -1.717560e+03 2.812493e+01 3.413956e-01 
3.43098       	 -1.498739e+04 2.759658e+04 7.292611e+04 	 -1.327003e+04 2.756840e+04 7.292583e+04 	 -1.717363e+03 2.818361e+01 2.813408e-01 
3.4452        	 -1.499041e+04 2.766603e+04 7.314101e+04 	 -1.327310e+04 2.763786e+04 7.314071e+04 	 -1.717316e+03 2.817432e+01 3.008882e-01 
3.46061       	 -1.500420e+04 2.779538e+04 7.324769e+04 	 -1.328652e+04 2.776697e+04 7.324700e+04 	 -1.717680e+03 2.840265e+01 6.853499e-01 
3.47519       	 -1.498469e+04 2.780503e+04 7.318982e+04 	 -1.326656e+04 2.777648e+04 7.318865e+04 	 -1.718130e+03 2.855145e+01 1.174077e+00 
3.49019       	 -1.503055e+04 2.787090e+04 7.330160e+04 	 -1.331163e+04 2.784222e+04 7.329970e+04 	 -1.718920e+03 2.867716e+01 1.893365e+00 
3.50475       	 -1.500496e+04 2.770902e+04 7.320763e+04 	 -1.328516e+04 2.768021e+04 7.320523e+04 	 -1.719800e+03 2.881601e+01 2.396754e+00 
3.51778       	 -1.503022e+04 2.765609e+04 7.306438e+04 	 -1.331066e+04 2.762735e+04 7.306136e+04 	 -1.719561e+03 2.873899e+01 3.026682e+00 
3.5324        	 -1.503369e+04 2.767724e+04 7.319367e+04 	 -1.331438e+04 2.764844e+04 7.319029e+04 	 -1.719306e+03 2.880414e+01 3.381401e+00 
3.54504       	 -1.504409e+04 2.754116e+04 7.301496e+04 	 -1.332542e+04 2.751235e+04 7.301129e+04 	 -1.718676e+03 2.881316e+01 3.676438e+00 
3.55925       	 -1.505142e+04 2.758937e+04 7.319917e+04 	 -1.333376e+04 2.756056e+04 7.319544e+04 	 -1.717661e+03 2.880913e+01 3.730760e+00 
3.57261       	 -1.505857e+04 2.752898e+04 7.305962e+04 	 -1.334209e+04 2.750019e+04 7.305589e+04 	 -1.716475e+03 2.878470e+01 3.732405e+00 
3.58787       	 -1.505220e+04 2.767272e+04 7.325913e+04 	 -1.333721e+04 2.764402e+04 7.325558e+04 	 -1.714997e+03 2.869779e+01 3.549330e+00 
3.60161       	 -1.505994e+04 2.750408e+04 7.310647e+04 	 -1.334680e+04 2.747533e+04 7.310313e+04 	 -1.713139e+03 2.875210e+01 3.337653e+00 
3.61693       	 -1.505633e+04 2.765464e+04 7.325945e+04 	 -1.334491e+04 2.762589e+04 7.325637e+04 	 -1.711425e+03 2.875535e+01 3.081734e+00 
3.63226       	 -1.507878e+04 2.761996e+04 7.322526e+04 	 -1.336903e+04 2.759117e+04 7.322232e+04 	 -1.709742e+03 2.878518e+01 2.945643e+00 
3.64824       	 -1.505946e+04 2.767735e+04 7.330815e+04 	 -1.335155e+04 2.764858e+04 7.330537e+04 	 -1.707912e+03 2.876883e+01 2.778376e+00 
3.66583       	 -1.506414e+04 2.774864e+04 7.345898e+04 	 -1.335783e+04 2.771999e+04 7.345614e+04 	 -1.706305e+03 2.864511e+01 2.830279e+00 
3.68175       	 -1.506323e+04 2.765569e+04 7.326667e+04 	 -1.335866e+04 2.762715e+04 7.326391e+04 	 -1.704572e+03 2.854249e+01 2.754578e+00 
3.69943       	 -1.503860e+04 2.781087e+04 7.335470e+04 	 -1.333543e+04 2.778253e+04 7.335179e+04 	 -1.703170e+03 2.834067e+01 2.910661e+00 
3.71525       	 -1.507300e+04 2.764624e+04 7.329641e+04 	 -1.337103e+04 2.761811e+04 7.329343e+04 	 -1.701964e+03 2.812748e+01 2.980186e+00 
3.732         	 -1.504681e+04 2.777281e+04 7.332857e+04 	 -1.334676e+04 2.774488e+04 7.332549e+04 	 -1.700048e+03 2.793560e+01 3.077912e+00 
3.74875       	 -1.507072e+04 2.773932e+04 7.339674e+04 	 -1.337204e+04 2.771151e+04 7.339353e+04 	 -1.698680e+03 2.780799e+01 3.211101e+00 
3.7655        	 -1.505399e+04 2.774514e+04 7.337099e+04 	 -1.335711e+04 2.771734e+04 7.336778e+04 	 -1.696873e+03 2.779900e+01 3.206918e+00 
3.78354       	 -1.504161e+04 2.786726e+04 7.342729e+04 	 -1.334624e+04 2.783957e+04 7.342394e+04 	 -1.695368e+03 2.768587e+01 3.354942e+00 
3.80019       	 -1.501799e+04 2.772613e+04 7.334044e+04 	 -1.332411e+04 2.769842e+04 7.333676e+04 	 -1.693880e+03 2.770149e+01 3.683684e+00 
3.81835       	 -1.498064e+04 2.769617e+04 7.341754e+04 	 -1.328780e+04 2.766858e+04 7.341364e+04 	 -1.692844e+03 2.758793e+01 3.906490e+00 
3.83652       	 -1.500539e+04 2.771453e+04 7.340603e+04 	 -1.331314e+04 2.768701e+04 7.340185e+04 	 -1.692249e+03 2.751872e+01 4.188811e+00 
3.85286       	 -1.498141e+04 2.761373e+04 7.323556e+04 	 -1.328977e+04 2.758637e+04 7.323125e+04 	 -1.691643e+03 2.736110e+01 4.314701e+00 
3.87126       	 -1.498553e+04 2.767823e+04 7.334996e+04 	 -1.329417e+04 2.765096e+04 7.334523e+04 	 -1.691367e+03 2.727030e+01 4.729016e+00 
3.88735       	 -1.500288e+04 2.769062e+04 7.317997e+04 	 -1.331200e+04 2.766348e+04 7.317527e+04 	 -1.690876e+03 2.713598e+01 4.693437e+00 
3.90344       	 -1.498021e+04 2.767164e+04 7.314002e+04 	 -1.328968e+04 2.764434e+04 7.313530e+04 	 -1.690534e+03 2.729900e+01 4.722600e+00 
3.91954       	 -1.499655e+04 2.768490e+04 7.328703e+04 	 -1.330529e+04 2.765777e+04 7.328241e+04 	 -1.691265e+03 2.712686e+01 4.616601e+00 
3.93563       	 -1.503011e+04 2.788159e+04 7.329565e+04 	 -1.333759e+04 2.785428e+04 7.329104e+04 	 -1.692514e+03 2.730775e+01 4.609961e+00 
3.9485        	 -1.510813e+04 2.799651e+04 7.314275e+04 	 -1.341406e+04 2.796977e+04 7.313830e+04 	 -1.694071e+03 2.674235e+01 4.443738e+00 
3.9588        	 -1.516903e+04 2.788383e+04 7.301490e+04 	 -1.347410e+04 2.785672e+04 7.301023e+04 	 -1.694933e+03 2.711541e+01 4.671684e+00 
3.9691        	 -1.518194e+04 2.800596e+04 7.297759e+04 	 -1.348613e+04 2.797929e+04 7.297318e+04 	 -1.695816e+03 2.666408e+01 4.413038e+00 
3.97683       	 -1.518943e+04 2.767466e+04 7.272801e+04 	 -1.349409e+04 2.764721e+04 7.272332e+04 	 -1.695334e+03 2.744924e+01 4.682735e+00 
3.98455       	 -1.518808e+04 2.769511e+04 7.287088e+04 	 -1.349356e+04 2.766841e+04 7.286643e+04 	 -1.694520e+03 2.669489e+01 4.441585e+00 
3.99228       	 -1.520881e+04 2.763303e+04 7.290039e+04 	 -1.351570e+04 2.760593e+04 7.289585e+04 	 -1.693112e+03 2.710098e+01 4.537157e+00 
4             	 -1.515556e+04 2.749818e+04 7.271606e+04 	 -1.346365e+04 2.747151e+04 7.271172e+04 	 -1.691903e+03 2.667096e+01 4.334331e+00 
4.0087        	 -1.514665e+04 2.761137e+04 7.283650e+04 	 -1.345609e+04 2.758478e+04 7.283226e+04 	 -1.690559e+03 2.659140e+01 4.240114e+00 
4.01861       	 -1.510099e+04 2.748768e+04 7.282311e+04 	 -1.341130e+04 2.746136e+04 7.281900e+04 	 -1.689691e+03 2.631778e+01 4.113274e+00 
4.02976       	 -1.506559e+04 2.743024e+04 7.291667e+04 	 -1.337662e+04 2.740430e+04 7.291279e+04 	 -1.688971e+03 2.594467e+01 3.883066e+00 
4.0422        	 -1.501023e+04 2.751432e+04 7.284778e+04 	 -1.332146e+04 2.748838e+04 7.284404e+04 	 -1.688765e+03 2.594102e+01 3.743606e+00 
4.05608       	 -1.500716e+04 2.760441e+04 7.303381e+04 	 -1.331834e+04 2.757859e+04 7.303025e+04 	 -1.688819e+03 2.581845e+01 3.559216e+00 
4.06996       	 -1.499575e+04 2.758556e+04 7.302481e+04 	 -1.330682e+04 2.755989e+04 7.302126e+04 	 -1.688930e+03 2.567270e+01 3.556707e+00 
4.08472       	 -1.498286e+04 2.769711e+04 7.311651e+04 	 -1.329348e+04 2.767163e+04 7.311286e+04 	 -1.689379e+03 2.547712e+01 3.646191e+00 
4.09998       	 -1.499662e+04 2.769345e+04 7.324371e+04 	 -1.330626e+04 2.766815e+04 7.323985e+04 	 -1.690351e+03 2.530336e+01 3.863026e+00 
4.11473       	 -1.499498e+04 2.764805e+04 7.323378e+04 	 -1.330346e+04 2.762287e+04 7.322966e+04 	 -1.691518e+03 2.517939e+01 4.114366e+00 
4.13113       	 -1.499536e+04 2.777135e+04 7.342614e+04 	 -1.330310e+04 2.774624e+04 7.342178e+04 	 -1.692257e+03 2.511141e+01 4.366190e+00 
4.14637       	 -1.500082e+04 2.767650e+04 7.336009e+04 	 -1.330794e+04 2.765139e+04 7.335560e+04 	 -1.692880e+03 2.511652e+01 4.488593e+00 
4.16189       	 -1.498006e+04 2.773840e+04 7.338549e+04 	 -1.328702e+04 2.771334e+04 7.338073e+04 	 -1.693042e+03 2.506168e+01 4.753616e+00 
4.179         	 -1.495456e+04 2.765674e+04 7.350195e+04 	 -1.326130e+04 2.763154e+04 7.349713e+04 	 -1.693264e+03 2.520030e+01 4.817311e+00 
4.19449       	 -1.496846e+04 2.756713e+04 7.325980e+04 	 -1.327533e+04 2.754194e+04 7.325500e+04 	 -1.693124e+03 2.519037e+01 4.801266e+00 
4.212         	 -1.495239e+04 2.764997e+04 7.331647e+04 	 -1.325955e+04 2.762477e+04 7.331193e+04 	 -1.692842e+03 2.520049e+01 4.538983e+00 
4.22776       	 -1.496265e+04 2.754839e+04 7.315298e+04 	 -1.327054e+04 2.752324e+04 7.314870e+04 	 -1.692102e+03 2.515365e+01 4.274519e+00 
4.24531       	 -1.492963e+04 2.759382e+04 7.327635e+04 	 -1.323735e+04 2.756865e+04 7.327229e+04 	 -1.692282e+03 2.517150e+01 4.056114e+00 
4.26171       	 -1.496513e+04 2.764961e+04 7.325387e+04 	 -1.327256e+04 2.762445e+04 7.324999e+04 	 -1.692566e+03 2.516736e+01 3.879744e+00 
4.27812       	 -1.494783e+04 2.762395e+04 7.328046e+04 	 -1.325511e+04 2.759869e+04 7.327673e+04 	 -1.692714e+03 2.526379e+01 3.734129e+00 
4.29573       	 -1.496731e+04 2.775861e+04 7.333086e+04 	 -1.327388e+04 2.773351e+04 7.332696e+04 	 -1.693421e+03 2.510107e+01 3.897794e+00 
4.31173       	 -1.497010e+04 2.770978e+04 7.322138e+04 	 -1.327584e+04 2.768459e+04 7.321734e+04 	 -1.694262e+03 2.519016e+01 4.040101e+00 
4.32938       	 -1.495857e+04 2.768558e+04 7.330240e+04 	 -1.326296e+04 2.766028e+04 7.329809e+04 	 -1.695612e+03 2.529612e+01 4.315380e+00 
4.34535       	 -1.497820e+04 2.756769e+04 7.320829e+04 	 -1.328154e+04 2.754219e+04 7.320394e+04 	 -1.696656e+03 2.550662e+01 4.349266e+00 
4.36258       	 -1.496530e+04 2.766406e+04 7.325612e+04 	 -1.326706e+04 2.763839e+04 7.325200e+04 	 -1.698240e+03 2.566542e+01 4.113685e+00 
4.3798        	 -1.499679e+04 2.773153e+04 7.333517e+04 	 -1.329675e+04 2.770561e+04 7.333133e+04 	 -1.700041e+03 2.592036e+01 3.844686e+00 
4.39657       	 -1.497356e+04 2.777993e+04 7.332108e+04 	 -1.327221e+04 2.775372e+04 7.331744e+04 	 -1.701348e+03 2.621468e+01 3.642028e+00 
4.41485       	 -1.497347e+04 2.782574e+04 7.354841e+04 	 -1.327076e+04 2.779954e+04 7.354472e+04 	 -1.702702e+03 2.620850e+01 3.694838e+00 
4.43111       	 -1.498425e+04 2.774231e+04 7.340627e+04 	 -1.328040e+04 2.771608e+04 7.340261e+04 	 -1.703850e+03 2.623660e+01 3.661775e+00 
4.44888       	 -1.494969e+04 2.778999e+04 7.351226e+04 	 -1.324468e+04 2.776384e+04 7.350848e+04 	 -1.705013e+03 2.614796e+01 3.781370e+00 
4.46558       	 -1.500024e+04 2.784575e+04 7.346974e+04 	 -1.329426e+04 2.781966e+04 7.346601e+04 	 -1.705976e+03 2.609614e+01 3.729142e+00 
4.48282       	 -1.501175e+04 2.792433e+04 7.353547e+04 	 -1.330428e+04 2.789841e+04 7.353146e+04 	 -1.707473e+03 2.591719e+01 4.015119e+00 
4.50066       	 -1.503242e+04 2.795590e+04 7.366236e+04 	 -1.332377e+04 2.793001e+04 7.365744e+04 	 -1.708642e+03 2.588800e+01 4.912081e+00 
4.51677       	 -1.504659e+04 2.789877e+04 7.354642e+04 	 -1.333653e+04 2.787303e+04 7.354076e+04 	 -1.710063e+03 2.574148e+01 5.662022e+00 
4.53287       	 -1.504544e+04 2.783788e+04 7.350669e+04 	 -1.333424e+04 2.781208e+04 7.350036e+04 	 -1.711200e+03 2.579896e+01 6.332212e+00 
4.54898       	 -1.501924e+04 2.779993e+04 7.340234e+04 	 -1.330749e+04 2.777419e+04 7.339575e+04 	 -1.711752e+03 2.573763e+01 6.597266e+00 
4.56353       	 -1.498630e+04 2.755108e+04 7.321140e+04 	 -1.327426e+04 2.752535e+04 7.320450e+04 	 -1.712043e+03 2.572948e+01 6.897238e+00 
4.5797        	 -1.502247e+04 2.771259e+04 7.336877e+04 	 -1.331017e+04 2.768688e+04 7.336161e+04 	 -1.712300e+03 2.571371e+01 7.154577e+00 
4.59283       	 -1.502501e+04 2.757202e+04 7.302503e+04 	 -1.331315e+04 2.754631e+04 7.301780e+04 	 -1.711859e+03 2.571271e+01 7.237217e+00 
4.60737       	 -1.505293e+04 2.774727e+04 7.319911e+04 	 -1.334124e+04 2.772171e+04 7.319194e+04 	 -1.711697e+03 2.556005e+01 7.164816e+00 
4.62247       	 -1.504136e+04 2.777999e+04 7.327696e+04 	 -1.333022e+04 2.775433e+04 7.327024e+04 	 -1.711136e+03 2.565345e+01 6.720472e+00 
4.63358       	 -1.509469e+04 2.790999e+04 7.307372e+04 	 -1.338409e+04 2.788473e+04 7.306731e+04 	 -1.710602e+03 2.526074e+01 6.413338e+00 
4.6454        	 -1.513951e+04 2.803294e+04 7.328838e+04 	 -1.342961e+04 2.800727e+04 7.328232e+04 	 -1.709902e+03 2.567149e+01 6.056066e+00 
4.65648       	 -1.513958e+04 2.797958e+04 7.306736e+04 	 -1.343053e+04 2.795404e+04 7.306184e+04 	 -1.709050e+03 2.553941e+01 5.524244e+00 
4.66658       	 -1.514421e+04 2.781091e+04 7.304321e+04 	 -1.343665e+04 2.778517e+04 7.303755e+04 	 -1.707558e+03 2.574532e+01 5.653970e+00 
4.6777        	 -1.513656e+04 2.793737e+04 7.317939e+04 	 -1.343047e+04 2.791129e+04 7.317432e+04 	 -1.706086e+03 2.608617e+01 5.070352e+00 
4.68963       	 -1.512617e+04 2.788187e+04 7.323513e+04 	 -1.342155e+04 2.785520e+04 7.323013e+04 	 -1.704622e+03 2.667462e+01 5.006668e+00 
4.69998       	 -1.506893e+04 2.769713e+04 7.288065e+04 	 -1.336538e+04 2.767070e+04 7.287600e+04 	 -1.703557e+03 2.642774e+01 4.649053e+00 
4.71069       	 -1.504949e+04 2.762045e+04 7.303791e+04 	 -1.334685e+04 2.759392e+04 7.303312e+04 	 -1.702640e+03 2.652991e+01 4.782406e+00 
4.72275       	 -1.501088e+04 2.771361e+04 7.305460e+04 	 -1.330900e+04 2.768732e+04 7.304979e+04 	 -1.701884e+03 2.629345e+01 4.816685e+00 
4.7343        	 -1.500506e+04 2.772533e+04 7.307484e+04 	 -1.330393e+04 2.769892e+04 7.307000e+04 	 -1.701136e+03 2.640630e+01 4.839711e+00 
4.74695       	 -1.498574e+04 2.778765e+04 7.319020e+04 	 -1.328501e+04 2.776141e+04 7.318529e+04 	 -1.700730e+03 2.624517e+01 4.910700e+00 
4.759         	 -1.499730e+04 2.769362e+04 7.319057e+04 	 -1.329686e+04 2.766735e+04 7.318565e+04 	 -1.700434e+03 2.627526e+01 4.924068e+00 
4.77239       	 -1.500892e+04 2.782025e+04 7.333916e+04 	 -1.330884e+04 2.779419e+04 7.333420e+04 	 -1.700083e+03 2.606333e+01 4.968152e+00 
4.78504       	 -1.500167e+04 2.777285e+04 7.327575e+04 	 -1.330183e+04 2.774680e+04 7.327084e+04 	 -1.699835e+03 2.604905e+01 4.909592e+00 
4.79768       	 -1.498791e+04 2.777456e+04 7.329764e+04 	 -1.328829e+04 2.774857e+04 7.329276e+04 	 -1.699629e+03 2.599380e+01 4.878119e+00 
4.81213       	 -1.499029e+04 2.782765e+04 7.347496e+04 	 -1.329106e+04 2.780158e+04 7.347020e+04 	 -1.699235e+03 2.607460e+01 4.760168e+00 
4.82466       	 -1.498848e+04 2.774986e+04 7.327882e+04 	 -1.329017e+04 2.772372e+04 7.327422e+04 	 -1.698307e+03 2.614534e+01 4.596853e+00 
4.83927       	 -1.498965e+04 2.784006e+04 7.354179e+04 	 -1.329216e+04 2.781385e+04 7.353731e+04 	 -1.697485e+03 2.621291e+01 4.481201e+00 
4.85163       	 -1.500425e+04 2.771852e+04 7.332969e+04 	 -1.330757e+04 2.769214e+04 7.332540e+04 	 -1.696676e+03 2.637780e+01 4.289481e+00 
4.86512       	 -1.500967e+04 2.787943e+04 7.350150e+04 	 -1.331339e+04 2.785310e+04 7.349719e+04 	 -1.696277e+03 2.632450e+01 4.302223e+00 
4.87861       	 -1.500395e+04 2.782800e+04 7.350445e+04 	 -1.330796e+04 2.780163e+04 7.350008e+04 	 -1.695984e+03 2.636386e+01 4.373609e+00 
4.89378       	 -1.501523e+04 2.798814e+04 7.364908e+04 	 -1.331968e+04 2.796189e+04 7.364460e+04 	 -1.695551e+03 2.625188e+01 4.482993e+00 
4.90896       	 -1.500808e+04 2.787780e+04 7.360813e+04 	 -1.331246e+04 2.785153e+04 7.360366e+04 	 -1.695613e+03 2.626816e+01 4.475116e+00 
4.92413       	 -1.501606e+04 2.786402e+04 7.359795e+04 	 -1.332008e+04 2.783781e+04 7.359343e+04 	 -1.695981e+03 2.621040e+01 4.527223e+00 
4.9431        	 -1.498283e+04 2.805582e+04 7.382249e+04 	 -1.328595e+04 2.802937e+04 7.381810e+04 	 -1.696880e+03 2.644858e+01 4.391146e+00 
4.95732       	 -1.500650e+04 2.783879e+04 7.347391e+04 	 -1.330942e+04 2.781222e+04 7.346988e+04 	 -1.697082e+03 2.656948e+01 4.023930e+00 
4.97155       	 -1.496899e+04 2.776219e+04 7.344439e+04 	 -1.327088e+04 2.773539e+04 7.344062e+04 	 -1.698114e+03 2.679774e+01 3.761305e+00 
4.98577       	 -1.498096e+04 2.775735e+04 7.338931e+04 	 -1.328145e+04 2.773048e+04 7.338565e+04 	 -1.699505e+03 2.686630e+01 3.654737e+00 
5             	 -1.499153e+04 2.775788e+04 7.341857e+04 	 -1.328992e+04 2.773093e+04 7.341501e+04 	 -1.701613e+03 2.695296e+01 3.560150e+00 
5.01587       	 -1.501774e+04 2.793111e+04 7.362820e+04 	 -1.331351e+04 2.790411e+04 7.362460e+04 	 -1.704230e+03 2.699842e+01 3.602576e+00 
5.03314       	 -1.502107e+04 2.801033e+04 7.385225e+04 	 -1.331400e+04 2.798314e+04 7.384828e+04 	 -1.707069e+03 2.718846e+01 3.971980e+00 
5.0501        	 -1.499306e+04 2.811470e+04 7.382263e+04 	 -1.328369e+04 2.808735e+04 7.381802e+04 	 -1.709368e+03 2.735140e+01 4.606622e+00 
5.06737       	 -1.500690e+04 2.812476e+04 7.393966e+04 	 -1.329559e+04 2.809731e+04 7.393423e+04 	 -1.711314e+03 2.744680e+01 5.432245e+00 
5.08403       	 -1.497628e+04 2.812300e+04 7.381536e+04 	 -1.326329e+04 2.809531e+04 7.380944e+04 	 -1.712986e+03 2.768904e+01 5.920167e+00 
5.10068       	 -1.497602e+04 2.811021e+04 7.384722e+04 	 -1.326276e+04 2.808252e+04 7.384093e+04 	 -1.713263e+03 2.769479e+01 6.289492e+00 
5.11765       	 -1.500162e+04 2.815300e+04 7.378219e+04 	 -1.328899e+04 2.812512e+04 7.377566e+04 	 -1.712625e+03 2.788539e+01 6.526995e+00 
5.13369       	 -1.499610e+04 2.814284e+04 7.369574e+04 	 -1.328438e+04 2.811502e+04 7.368906e+04 	 -1.711721e+03 2.781762e+01 6.675067e+00 
5.15174       	 -1.502096e+04 2.834213e+04 7.390749e+04 	 -1.331057e+04 2.831404e+04 7.390063e+04 	 -1.710394e+03 2.808582e+01 6.854460e+00 
5.16636       	 -1.502734e+04 2.807531e+04 7.358442e+04 	 -1.331883e+04 2.804727e+04 7.357776e+04 	 -1.708510e+03 2.804757e+01 6.664599e+00 
5.18049       	 -1.503544e+04 2.799564e+04 7.363613e+04 	 -1.332886e+04 2.796767e+04 7.362922e+04 	 -1.706580e+03 2.796486e+01 6.904159e+00 
5.19371       	 -1.503180e+04 2.797076e+04 7.348049e+04 	 -1.332671e+04 2.794271e+04 7.347397e+04 	 -1.705084e+03 2.804188e+01 6.521745e+00 
5.2054        	 -1.506746e+04 2.791609e+04 7.341690e+04 	 -1.336323e+04 2.788799e+04 7.341037e+04 	 -1.704235e+03 2.809442e+01 6.528143e+00 
5.21864       	 -1.506208e+04 2.810614e+04 7.359419e+04 	 -1.335826e+04 2.807813e+04 7.358793e+04 	 -1.703815e+03 2.801136e+01 6.263099e+00 
5.22965       	 -1.507046e+04 2.806721e+04 7.336184e+04 	 -1.336722e+04 2.803923e+04 7.335578e+04 	 -1.703241e+03 2.798202e+01 6.067349e+00 
5.2415        	 -1.509434e+04 2.806746e+04 7.345678e+04 	 -1.339145e+04 2.803927e+04 7.345099e+04 	 -1.702893e+03 2.819230e+01 5.789811e+00 
5.25414       	 -1.508037e+04 2.810689e+04 7.339623e+04 	 -1.337767e+04 2.807859e+04 7.339114e+04 	 -1.702702e+03 2.830661e+01 5.091921e+00 
5.26464       	 -1.511338e+04 2.787403e+04 7.327137e+04 	 -1.341172e+04 2.784552e+04 7.326644e+04 	 -1.701663e+03 2.850618e+01 4.923290e+00 
5.27562       	 -1.509945e+04 2.800239e+04 7.330143e+04 	 -1.339868e+04 2.797400e+04 7.329722e+04 	 -1.700764e+03 2.839105e+01 4.208899e+00 
5.2879        	 -1.510825e+04 2.806641e+04 7.344008e+04 	 -1.340867e+04 2.803768e+04 7.343607e+04 	 -1.699573e+03 2.872607e+01 4.010504e+00 
5.29853       	 -1.508159e+04 2.781156e+04 7.322305e+04 	 -1.338279e+04 2.778323e+04 7.321942e+04 	 -1.698796e+03 2.832929e+01 3.635678e+00 
5.31002       	 -1.506723e+04 2.784985e+04 7.330924e+04 	 -1.336897e+04 2.782165e+04 7.330566e+04 	 -1.698258e+03 2.820043e+01 3.585413e+00 
5.32304       	 -1.501648e+04 2.778649e+04 7.331150e+04 	 -1.331867e+04 2.775861e+04 7.330807e+04 	 -1.697808e+03 2.788166e+01 3.433307e+00 
5.33632       	 -1.499615e+04 2.778822e+04 7.332300e+04 	 -1.329853e+04 2.776044e+04 7.331960e+04 	 -1.697620e+03 2.777394e+01 3.405076e+00 
5.35107       	 -1.500434e+04 2.792955e+04 7.342050e+04 	 -1.330679e+04 2.790188e+04 7.341702e+04 	 -1.697547e+03 2.767489e+01 3.480780e+00 
5.36487       	 -1.502059e+04 2.801442e+04 7.339349e+04 	 -1.332321e+04 2.798678e+04 7.338989e+04 	 -1.697385e+03 2.763283e+01 3.602981e+00 
5.37868       	 -1.504346e+04 2.804046e+04 7.350194e+04 	 -1.334667e+04 2.801295e+04 7.349818e+04 	 -1.696786e+03 2.751070e+01 3.752587e+00 
5.39162       	 -1.502311e+04 2.803889e+04 7.340462e+04 	 -1.332705e+04 2.801129e+04 7.340098e+04 	 -1.696059e+03 2.759977e+01 3.641040e+00 
5.40514       	 -1.503820e+04 2.798090e+04 7.359712e+04 	 -1.334293e+04 2.795324e+04 7.359351e+04 	 -1.695269e+03 2.765860e+01 3.611801e+00 
5.42001       	 -1.501230e+04 2.804363e+04 7.360543e+04 	 -1.331779e+04 2.801588e+04 7.360211e+04 	 -1.694507e+03 2.774885e+01 3.320019e+00 
5.4329        	 -1.501497e+04 2.785072e+04 7.346153e+04 	 -1.332146e+04 2.782307e+04 7.345838e+04 	 -1.693506e+03 2.765513e+01 3.149357e+00 
5.44744       	 -1.498643e+04 2.792662e+04 7.361167e+04 	 -1.329377e+04 2.789907e+04 7.360893e+04 	 -1.692658e+03 2.754382e+01 2.745939e+00 
5.46161       	 -1.500302e+04 2.789147e+04 7.357969e+04 	 -1.331145e+04 2.786395e+04 7.357733e+04 	 -1.691570e+03 2.751710e+01 2.355862e+00 
5.47793       	 -1.496550e+04 2.800790e+04 7.377830e+04 	 -1.327490e+04 2.798036e+04 7.377631e+04 	 -1.690598e+03 2.753892e+01 1.995645e+00 
5.49204       	 -1.499165e+04 2.783591e+04 7.356073e+04 	 -1.330162e+04 2.780838e+04 7.355880e+04 	 -1.690024e+03 2.752780e+01 1.924872e+00 
5.50791       	 -1.497012e+04 2.789588e+04 7.376106e+04 	 -1.328061e+04 2.786839e+04 7.375920e+04 	 -1.689507e+03 2.748856e+01 1.854762e+00 
5.52329       	 -1.496753e+04 2.794939e+04 7.367096e+04 	 -1.327789e+04 2.792188e+04 7.366907e+04 	 -1.689643e+03 2.750762e+01 1.888022e+00 
5.53918       	 -1.498204e+04 2.802712e+04 7.378256e+04 	 -1.329233e+04 2.799964e+04 7.378049e+04 	 -1.689710e+03 2.748609e+01 2.060665e+00 
5.55564       	 -1.495827e+04 2.806012e+04 7.381096e+04 	 -1.326857e+04 2.803242e+04 7.380887e+04 	 -1.689696e+03 2.769294e+01 2.089830e+00 
5.57151       	 -1.496841e+04 2.799908e+04 7.378143e+04 	 -1.327824e+04 2.797137e+04 7.377921e+04 	 -1.690176e+03 2.771283e+01 2.218122e+00 
5.58865       	 -1.496338e+04 2.813562e+04 7.386602e+04 	 -1.327285e+04 2.810766e+04 7.386369e+04 	 -1.690528e+03 2.795553e+01 2.335154e+00 
5.60447       	 -1.496161e+04 2.801036e+04 7.380571e+04 	 -1.327048e+04 2.798245e+04 7.380330e+04 	 -1.691123e+03 2.790812e+01 2.410414e+00 
5.62245       	 -1.495115e+04 2.820205e+04 7.399392e+04 	 -1.325912e+04 2.817414e+04 7.399130e+04 	 -1.692035e+03 2.791424e+01 2.623393e+00 
5.63818       	 -1.497563e+04 2.807270e+04 7.377915e+04 	 -1.328251e+04 2.804483e+04 7.377643e+04 	 -1.693121e+03 2.787482e+01 2.726088e+00 
5.65541       	 -1.496706e+04 2.815190e+04 7.388788e+04 	 -1.327267e+04 2.812416e+04 7.388472e+04 	 -1.694384e+03 2.773485e+01 3.160933e+00 
5.67039       	 -1.499491e+04 2.803309e+04 7.368599e+04 	 -1.329972e+04 2.800549e+04 7.368271e+04 	 -1.695189e+03 2.759506e+01 3.286795e+00 
5.68687       	 -1.498077e+04 2.817074e+04 7.377109e+04 	 -1.328485e+04 2.814324e+04 7.376746e+04 	 -1.695918e+03 2.750075e+01 3.631759e+00 
5.70253       	 -1.499532e+04 2.809586e+04 7.375911e+04 	 -1.329845e+04 2.806845e+04 7.375535e+04 	 -1.696872e+03 2.741113e+01 3.757635e+00 
5.7174        	 -1.500709e+04 2.808023e+04 7.370852e+04 	 -1.330975e+04 2.805273e+04 7.370432e+04 	 -1.697347e+03 2.749389e+01 4.204203e+00 
5.73402       	 -1.499853e+04 2.816151e+04 7.384999e+04 	 -1.330057e+04 2.813405e+04 7.384546e+04 	 -1.697956e+03 2.746108e+01 4.534263e+00 
5.7488        	 -1.501238e+04 2.808849e+04 7.375967e+04 	 -1.331410e+04 2.806094e+04 7.375478e+04 	 -1.698281e+03 2.755042e+01 4.893089e+00 
5.76555       	 -1.497738e+04 2.818776e+04 7.398174e+04 	 -1.327855e+04 2.816016e+04 7.397665e+04 	 -1.698831e+03 2.760896e+01 5.081515e+00 
5.77934       	 -1.503088e+04 2.804329e+04 7.379867e+04 	 -1.333219e+04 2.801565e+04 7.379349e+04 	 -1.698693e+03 2.764479e+01 5.178767e+00 
5.7951        	 -1.504039e+04 2.819128e+04 7.392717e+04 	 -1.334193e+04 2.816352e+04 7.392198e+04 	 -1.698454e+03 2.775898e+01 5.191813e+00 
5.80974       	 -1.502990e+04 2.811225e+04 7.379145e+04 	 -1.333187e+04 2.808447e+04 7.378654e+04 	 -1.698033e+03 2.777640e+01 4.910609e+00 
5.82242       	 -1.504556e+04 2.807995e+04 7.364883e+04 	 -1.334790e+04 2.805233e+04 7.364413e+04 	 -1.697665e+03 2.762135e+01 4.692528e+00 
5.83722       	 -1.505826e+04 2.815124e+04 7.392639e+04 	 -1.336048e+04 2.812364e+04 7.392201e+04 	 -1.697777e+03 2.760369e+01 4.379316e+00 
5.84807       	 -1.509172e+04 2.816275e+04 7.357839e+04 	 -1.339406e+04 2.813554e+04 7.357418e+04 	 -1.697659e+03 2.720573e+01 4.204429e+00 
5.85976       	 -1.511956e+04 2.824380e+04 7.375918e+04 	 -1.342209e+04 2.821648e+04 7.375519e+04 	 -1.697463e+03 2.731662e+01 3.988274e+00 
5.87251       	 -1.511051e+04 2.834884e+04 7.377145e+04 	 -1.341299e+04 2.832176e+04 7.376788e+04 	 -1.697528e+03 2.707512e+01 3.561006e+00 
5.88231       	 -1.512740e+04 2.812324e+04 7.348568e+04 	 -1.343056e+04 2.809600e+04 7.348194e+04 	 -1.696836e+03 2.724417e+01 3.734873e+00 
5.89301       	 -1.512118e+04 2.825823e+04 7.368089e+04 	 -1.342474e+04 2.823129e+04 7.367749e+04 	 -1.696443e+03 2.693555e+01 3.403669e+00 
5.90371       	 -1.515552e+04 2.822047e+04 7.369459e+04 	 -1.345980e+04 2.819311e+04 7.369089e+04 	 -1.695722e+03 2.735920e+01 3.696354e+00 
5.91334       	 -1.511463e+04 2.800018e+04 7.349233e+04 	 -1.341980e+04 2.797334e+04 7.348888e+04 	 -1.694836e+03 2.683324e+01 3.450729e+00 
5.92417       	 -1.511481e+04 2.805243e+04 7.365342e+04 	 -1.342105e+04 2.802568e+04 7.364996e+04 	 -1.693755e+03 2.675248e+01 3.457992e+00 
5.93501       	 -1.505259e+04 2.794047e+04 7.340975e+04 	 -1.335923e+04 2.791388e+04 7.340642e+04 	 -1.693352e+03 2.659152e+01 3.330857e+00 
5.948         	 -1.504059e+04 2.797817e+04 7.363084e+04 	 -1.334774e+04 2.795173e+04 7.362750e+04 	 -1.692849e+03 2.644221e+01 3.336113e+00 
5.961         	 -1.498722e+04 2.795823e+04 7.337952e+04 	 -1.329457e+04 2.793176e+04 7.337624e+04 	 -1.692642e+03 2.646912e+01 3.287979e+00 
5.974         	 -1.500582e+04 2.795482e+04 7.345895e+04 	 -1.331299e+04 2.792845e+04 7.345577e+04 	 -1.692822e+03 2.637405e+01 3.173821e+00 
5.987         	 -1.501263e+04 2.796488e+04 7.353486e+04 	 -1.331977e+04 2.793851e+04 7.353181e+04 	 -1.692865e+03 2.637011e+01 3.040142e+00 
6             	 -1.502185e+04 2.805342e+04 7.360667e+04 	 -1.332868e+04 2.802710e+04 7.360377e+04 	 -1.693175e+03 2.632027e+01 2.908314e+00 
