0.0015499     	 -5.836727e+04 5.960070e+04 1.008088e+05 	 -5.831184e+04 5.960092e+04 1.008092e+05 	 -5.543313e+01 -2.187136e-01 -4.136053e-01 
0.00197972    	 -4.337741e+04 5.338824e+04 9.175399e+04 	 -4.332219e+04 5.338849e+04 9.175442e+04 	 -5.522148e+01 -2.506008e-01 -4.295834e-01 
0.00249549    	 -3.275571e+04 4.899571e+04 8.559282e+04 	 -3.270070e+04 4.899600e+04 8.559326e+04 	 -5.500508e+01 -2.838585e-01 -4.410012e-01 
0.00311429    	 -2.505521e+04 4.594234e+04 8.131497e+04 	 -2.500043e+04 4.594266e+04 8.131541e+04 	 -5.478608e+01 -3.200663e-01 -4.486219e-01 
0.00385657    	 -1.946231e+04 4.369745e+04 7.832873e+04 	 -1.940775e+04 4.369781e+04 7.832919e+04 	 -5.456673e+01 -3.603152e-01 -4.532031e-01 
0.00474757    	 -1.541845e+04 4.204376e+04 7.620250e+04 	 -1.536410e+04 4.204417e+04 7.620295e+04 	 -5.434840e+01 -4.051890e-01 -4.533691e-01 
0.00581659    	 -1.276138e+04 4.070283e+04 7.466000e+04 	 -1.270725e+04 4.070329e+04 7.466045e+04 	 -5.413186e+01 -4.553457e-01 -4.493534e-01 
0.00709941    	 -1.117344e+04 3.960928e+04 7.351226e+04 	 -1.111952e+04 3.960980e+04 7.351270e+04 	 -5.391726e+01 -5.115191e-01 -4.403277e-01 
0.00863879    	 -9.952481e+03 3.869915e+04 7.266136e+04 	 -9.898771e+03 3.869972e+04 7.266178e+04 	 -5.370983e+01 -5.744755e-01 -4.290646e-01 
0.0104849     	 -9.100814e+03 3.793417e+04 7.198589e+04 	 -9.047300e+03 3.793481e+04 7.198631e+04 	 -5.351418e+01 -6.445769e-01 -4.161487e-01 
0.0126986     	 -8.662356e+03 3.728500e+04 7.143968e+04 	 -8.609021e+03 3.728572e+04 7.144009e+04 	 -5.333528e+01 -7.209895e-01 -4.031269e-01 
0.0153526     	 -8.294880e+03 3.675822e+04 7.103260e+04 	 -8.241699e+03 3.675903e+04 7.103299e+04 	 -5.318106e+01 -8.018892e-01 -3.881980e-01 
0.0185392     	 -8.020112e+03 3.635541e+04 7.075783e+04 	 -7.967050e+03 3.635630e+04 7.075820e+04 	 -5.306135e+01 -8.860956e-01 -3.700666e-01 
0.0223581     	 -7.917244e+03 3.602279e+04 7.055812e+04 	 -7.864252e+03 3.602377e+04 7.055847e+04 	 -5.299260e+01 -9.720059e-01 -3.486436e-01 
0.026948      	 -7.699836e+03 3.577177e+04 7.049343e+04 	 -7.646841e+03 3.577283e+04 7.049375e+04 	 -5.299491e+01 -1.059112e+00 -3.233419e-01 
0.0324454     	 -7.550057e+03 3.557182e+04 7.051327e+04 	 -7.496962e+03 3.557296e+04 7.051356e+04 	 -5.309447e+01 -1.147257e+00 -2.916813e-01 
0.0390274     	 -7.379939e+03 3.544933e+04 7.056460e+04 	 -7.326610e+03 3.545056e+04 7.056485e+04 	 -5.332883e+01 -1.236849e+00 -2.526680e-01 
0.0469043     	 -7.205642e+03 3.528814e+04 7.064368e+04 	 -7.151889e+03 3.528947e+04 7.064389e+04 	 -5.375321e+01 -1.328837e+00 -2.047252e-01 
0.0563408     	 -6.993035e+03 3.510605e+04 7.078731e+04 	 -6.938601e+03 3.510746e+04 7.078749e+04 	 -5.443447e+01 -1.414566e+00 -1.739295e-01 
0.0677102     	 -6.660178e+03 3.481480e+04 7.094131e+04 	 -6.604676e+03 3.481629e+04 7.094150e+04 	 -5.550150e+01 -1.491854e+00 -1.804542e-01 
0.0814204     	 -6.327257e+03 3.452969e+04 7.104717e+04 	 -6.270156e+03 3.453124e+04 7.104744e+04 	 -5.710055e+01 -1.547907e+00 -2.671492e-01 
0.097258      	 -6.019407e+03 3.423699e+04 7.111922e+04 	 -5.960021e+03 3.423858e+04 7.111966e+04 	 -5.938624e+01 -1.589048e+00 -4.355757e-01 
0.115681      	 -5.840452e+03 3.388518e+04 7.104576e+04 	 -5.777806e+03 3.388681e+04 7.104646e+04 	 -6.264532e+01 -1.622967e+00 -6.978786e-01 
0.136736      	 -5.775315e+03 3.342363e+04 7.077879e+04 	 -5.708226e+03 3.342528e+04 7.077984e+04 	 -6.708853e+01 -1.656705e+00 -1.056705e+00 
0.160068      	 -5.870324e+03 3.294153e+04 7.026894e+04 	 -5.797788e+03 3.294323e+04 7.027044e+04 	 -7.253598e+01 -1.696132e+00 -1.494852e+00 
0.18552       	 -6.040561e+03 3.239712e+04 6.961259e+04 	 -5.961842e+03 3.239885e+04 6.961458e+04 	 -7.871872e+01 -1.735610e+00 -1.991271e+00 
0.210973      	 -6.185156e+03 3.194210e+04 6.910791e+04 	 -6.100048e+03 3.194387e+04 6.911041e+04 	 -8.510768e+01 -1.767803e+00 -2.491639e+00 
0.236425      	 -6.284288e+03 3.161693e+04 6.883582e+04 	 -6.192695e+03 3.161871e+04 6.883880e+04 	 -9.159324e+01 -1.782000e+00 -2.977377e+00 
0.261057      	 -6.323499e+03 3.144748e+04 6.868561e+04 	 -6.225492e+03 3.144924e+04 6.868905e+04 	 -9.800644e+01 -1.767104e+00 -3.437756e+00 
0.285688      	 -6.359784e+03 3.122964e+04 6.856905e+04 	 -6.255228e+03 3.123137e+04 6.857292e+04 	 -1.045560e+02 -1.730583e+00 -3.873954e+00 
0.308731      	 -6.385122e+03 3.112323e+04 6.845099e+04 	 -6.274132e+03 3.112490e+04 6.845526e+04 	 -1.109900e+02 -1.673262e+00 -4.267473e+00 
0.333419      	 -6.415755e+03 3.097069e+04 6.829288e+04 	 -6.297527e+03 3.097225e+04 6.829751e+04 	 -1.182276e+02 -1.557846e+00 -4.630555e+00 
0.358107      	 -6.439731e+03 3.086367e+04 6.808207e+04 	 -6.313699e+03 3.086504e+04 6.808705e+04 	 -1.260320e+02 -1.378150e+00 -4.976061e+00 
0.386015      	 -6.474724e+03 3.072759e+04 6.781687e+04 	 -6.339024e+03 3.072874e+04 6.782216e+04 	 -1.356995e+02 -1.144750e+00 -5.288021e+00 
0.410575      	 -6.515959e+03 3.066086e+04 6.760747e+04 	 -6.370483e+03 3.066172e+04 6.761300e+04 	 -1.454761e+02 -8.572622e-01 -5.527117e+00 
0.438643      	 -6.551537e+03 3.054364e+04 6.730720e+04 	 -6.393514e+03 3.054417e+04 6.731298e+04 	 -1.580236e+02 -5.287544e-01 -5.776745e+00 
0.462033      	 -6.610822e+03 3.056725e+04 6.714488e+04 	 -6.440896e+03 3.056752e+04 6.715084e+04 	 -1.699258e+02 -2.712531e-01 -5.962690e+00 
0.485422      	 -6.639419e+03 3.049948e+04 6.685552e+04 	 -6.456364e+03 3.049946e+04 6.686165e+04 	 -1.830549e+02 1.634290e-02 -6.132131e+00 
0.509926      	 -6.697514e+03 3.046374e+04 6.658165e+04 	 -6.499682e+03 3.046345e+04 6.658798e+04 	 -1.978321e+02 2.822433e-01 -6.328193e+00 
0.537152      	 -6.750131e+03 3.036159e+04 6.623077e+04 	 -6.535022e+03 3.036099e+04 6.623728e+04 	 -2.151095e+02 6.032292e-01 -6.510324e+00 
0.564379      	 -6.813816e+03 3.023635e+04 6.586539e+04 	 -6.580439e+03 3.023550e+04 6.587208e+04 	 -2.333771e+02 8.415196e-01 -6.688507e+00 
0.58858       	 -6.868723e+03 3.013086e+04 6.550086e+04 	 -6.618203e+03 3.012970e+04 6.550773e+04 	 -2.505200e+02 1.157283e+00 -6.873644e+00 
0.614294      	 -6.937407e+03 2.993889e+04 6.510495e+04 	 -6.668265e+03 2.993754e+04 6.511193e+04 	 -2.691414e+02 1.351075e+00 -6.979951e+00 
0.635722      	 -6.982564e+03 2.976309e+04 6.482080e+04 	 -6.697164e+03 2.976154e+04 6.482800e+04 	 -2.853994e+02 1.553775e+00 -7.194377e+00 
0.660007      	 -7.039179e+03 2.956128e+04 6.443627e+04 	 -6.735598e+03 2.955955e+04 6.444357e+04 	 -3.035806e+02 1.722189e+00 -7.297594e+00 
0.677901      	 -7.078914e+03 2.944811e+04 6.420637e+04 	 -6.761456e+03 2.944625e+04 6.421387e+04 	 -3.174578e+02 1.856453e+00 -7.500381e+00 
0.698033      	 -7.129336e+03 2.923968e+04 6.398059e+04 	 -6.796535e+03 2.923762e+04 6.398829e+04 	 -3.328004e+02 2.054980e+00 -7.695278e+00 
0.716906      	 -7.167566e+03 2.908555e+04 6.375820e+04 	 -6.820460e+03 2.908338e+04 6.376612e+04 	 -3.471059e+02 2.169637e+00 -7.922115e+00 
0.738682      	 -7.204458e+03 2.897214e+04 6.352909e+04 	 -6.841353e+03 2.896985e+04 6.353724e+04 	 -3.631050e+02 2.283016e+00 -8.152637e+00 
0.762438      	 -7.243066e+03 2.885122e+04 6.337232e+04 	 -6.863040e+03 2.884878e+04 6.338079e+04 	 -3.800260e+02 2.440236e+00 -8.467447e+00 
0.788834      	 -7.298233e+03 2.873804e+04 6.321464e+04 	 -6.900243e+03 2.873543e+04 6.322341e+04 	 -3.979899e+02 2.611621e+00 -8.769075e+00 
0.812297      	 -7.341242e+03 2.862461e+04 6.304518e+04 	 -6.927526e+03 2.862185e+04 6.305425e+04 	 -4.137157e+02 2.762529e+00 -9.070116e+00 
0.833153      	 -7.389395e+03 2.862032e+04 6.291708e+04 	 -6.961819e+03 2.861747e+04 6.292629e+04 	 -4.275765e+02 2.849681e+00 -9.206194e+00 
0.851691      	 -7.423431e+03 2.854477e+04 6.276058e+04 	 -6.983748e+03 2.854184e+04 6.277004e+04 	 -4.396837e+02 2.928147e+00 -9.451640e+00 
0.866522      	 -7.444606e+03 2.840644e+04 6.259595e+04 	 -6.995346e+03 2.840339e+04 6.260555e+04 	 -4.492603e+02 3.049753e+00 -9.607354e+00 
0.883207      	 -7.454183e+03 2.839425e+04 6.250743e+04 	 -6.994402e+03 2.839115e+04 6.251711e+04 	 -4.597803e+02 3.098788e+00 -9.679850e+00 
0.896184      	 -7.489238e+03 2.823076e+04 6.237750e+04 	 -7.021202e+03 2.822740e+04 6.238729e+04 	 -4.680357e+02 3.360026e+00 -9.785190e+00 
0.911015      	 -7.479340e+03 2.823526e+04 6.231345e+04 	 -7.002068e+03 2.823188e+04 6.232324e+04 	 -4.772726e+02 3.375523e+00 -9.782269e+00 
0.928812      	 -7.528301e+03 2.825235e+04 6.229193e+04 	 -7.040418e+03 2.824866e+04 6.230165e+04 	 -4.878838e+02 3.692768e+00 -9.718335e+00 
0.943049      	 -7.527923e+03 2.819401e+04 6.214755e+04 	 -7.031447e+03 2.819032e+04 6.215741e+04 	 -4.964758e+02 3.686439e+00 -9.854788e+00 
0.957287      	 -7.555843e+03 2.811352e+04 6.214879e+04 	 -7.050981e+03 2.810959e+04 6.215847e+04 	 -5.048620e+02 3.924508e+00 -9.679081e+00 
0.971525      	 -7.561310e+03 2.814705e+04 6.206604e+04 	 -7.048121e+03 2.814305e+04 6.207586e+04 	 -5.131888e+02 4.008208e+00 -9.818076e+00 
0.985762      	 -7.577165e+03 2.810590e+04 6.199705e+04 	 -7.055793e+03 2.810166e+04 6.200685e+04 	 -5.213724e+02 4.236252e+00 -9.798037e+00 
1             	 -7.595960e+03 2.814258e+04 6.195181e+04 	 -7.066577e+03 2.813823e+04 6.196176e+04 	 -5.293826e+02 4.359020e+00 -9.947650e+00 
1.01613       	 -7.614278e+03 2.818562e+04 6.192441e+04 	 -7.076201e+03 2.818103e+04 6.193445e+04 	 -5.380771e+02 4.588950e+00 -1.004325e+01 
1.03309       	 -7.615624e+03 2.823163e+04 6.190008e+04 	 -7.068591e+03 2.822681e+04 6.191029e+04 	 -5.470334e+02 4.815092e+00 -1.020482e+01 
1.05067       	 -7.644698e+03 2.828326e+04 6.187956e+04 	 -7.088718e+03 2.827811e+04 6.188986e+04 	 -5.559803e+02 5.155408e+00 -1.030870e+01 
1.06793       	 -7.643919e+03 2.828395e+04 6.187252e+04 	 -7.079360e+03 2.827857e+04 6.188289e+04 	 -5.645589e+02 5.381258e+00 -1.036909e+01 
1.08347       	 -7.665671e+03 2.828458e+04 6.184939e+04 	 -7.093487e+03 2.827899e+04 6.185979e+04 	 -5.721839e+02 5.592963e+00 -1.039474e+01 
1.09955       	 -7.675724e+03 2.829466e+04 6.184690e+04 	 -7.095797e+03 2.828891e+04 6.185739e+04 	 -5.799266e+02 5.750531e+00 -1.049023e+01 
1.11686       	 -7.690660e+03 2.835417e+04 6.183331e+04 	 -7.102785e+03 2.834819e+04 6.184383e+04 	 -5.878744e+02 5.985702e+00 -1.052111e+01 
1.13183       	 -7.701391e+03 2.828783e+04 6.178431e+04 	 -7.106777e+03 2.828172e+04 6.179487e+04 	 -5.946137e+02 6.108042e+00 -1.055875e+01 
1.14821       	 -7.715756e+03 2.834249e+04 6.178448e+04 	 -7.114098e+03 2.833620e+04 6.179504e+04 	 -6.016585e+02 6.286344e+00 -1.056009e+01 
1.1629        	 -7.725873e+03 2.828074e+04 6.173558e+04 	 -7.117856e+03 2.827433e+04 6.174613e+04 	 -6.080170e+02 6.410678e+00 -1.054344e+01 
1.17733       	 -7.739152e+03 2.829358e+04 6.174036e+04 	 -7.125000e+03 2.828701e+04 6.175087e+04 	 -6.141522e+02 6.574588e+00 -1.051723e+01 
1.19082       	 -7.749372e+03 2.830009e+04 6.170846e+04 	 -7.129545e+03 2.829337e+04 6.171893e+04 	 -6.198265e+02 6.726254e+00 -1.046617e+01 
1.20453       	 -7.759661e+03 2.831365e+04 6.172391e+04 	 -7.134155e+03 2.830671e+04 6.173430e+04 	 -6.255065e+02 6.937825e+00 -1.039613e+01 
1.21849       	 -7.764508e+03 2.835269e+04 6.172810e+04 	 -7.133324e+03 2.834553e+04 6.173839e+04 	 -6.311843e+02 7.155774e+00 -1.029577e+01 
1.23296       	 -7.781813e+03 2.840426e+04 6.172666e+04 	 -7.144930e+03 2.839686e+04 6.173680e+04 	 -6.368822e+02 7.398785e+00 -1.014816e+01 
1.2483        	 -7.788276e+03 2.845504e+04 6.170420e+04 	 -7.145504e+03 2.844740e+04 6.171417e+04 	 -6.427721e+02 7.642358e+00 -9.978228e+00 
1.26396       	 -7.800925e+03 2.847604e+04 6.164463e+04 	 -7.152407e+03 2.846813e+04 6.165443e+04 	 -6.485185e+02 7.908148e+00 -9.800736e+00 
1.27868       	 -7.811235e+03 2.844089e+04 6.150231e+04 	 -7.157420e+03 2.843277e+04 6.151201e+04 	 -6.538148e+02 8.126601e+00 -9.705070e+00 
1.29311       	 -7.819229e+03 2.842568e+04 6.140593e+04 	 -7.160265e+03 2.841730e+04 6.141558e+04 	 -6.589639e+02 8.382204e+00 -9.642785e+00 
1.30697       	 -7.830280e+03 2.834609e+04 6.124863e+04 	 -7.166372e+03 2.833745e+04 6.125821e+04 	 -6.639083e+02 8.640533e+00 -9.580523e+00 
1.32005       	 -7.836331e+03 2.828075e+04 6.107495e+04 	 -7.167771e+03 2.827184e+04 6.108453e+04 	 -6.685601e+02 8.908290e+00 -9.585925e+00 
1.33338       	 -7.846889e+03 2.825116e+04 6.094612e+04 	 -7.173671e+03 2.824196e+04 6.095566e+04 	 -6.732181e+02 9.201578e+00 -9.539514e+00 
1.34645       	 -7.851583e+03 2.815057e+04 6.077534e+04 	 -7.173588e+03 2.814114e+04 6.078489e+04 	 -6.779952e+02 9.428647e+00 -9.552201e+00 
1.35878       	 -7.860531e+03 2.805761e+04 6.058337e+04 	 -7.178214e+03 2.804792e+04 6.059293e+04 	 -6.823171e+02 9.685057e+00 -9.557164e+00 
1.37214       	 -7.868408e+03 2.803350e+04 6.045928e+04 	 -7.181454e+03 2.802353e+04 6.046887e+04 	 -6.869535e+02 9.969352e+00 -9.581731e+00 
1.38355       	 -7.873070e+03 2.783378e+04 6.025083e+04 	 -7.182139e+03 2.782356e+04 6.026045e+04 	 -6.909308e+02 1.022105e+01 -9.620845e+00 
1.39667       	 -7.880967e+03 2.782468e+04 6.012597e+04 	 -7.185539e+03 2.781417e+04 6.013562e+04 	 -6.954283e+02 1.050425e+01 -9.654580e+00 
1.40805       	 -7.884080e+03 2.765860e+04 5.989641e+04 	 -7.184775e+03 2.764784e+04 5.990613e+04 	 -6.993058e+02 1.076007e+01 -9.722217e+00 
1.42065       	 -7.892473e+03 2.760794e+04 5.975245e+04 	 -7.189026e+03 2.759689e+04 5.976227e+04 	 -7.034463e+02 1.105154e+01 -9.823940e+00 
1.43081       	 -7.890356e+03 2.739740e+04 5.947790e+04 	 -7.183710e+03 2.738607e+04 5.948791e+04 	 -7.066454e+02 1.133001e+01 -1.001441e+01 
1.44155       	 -7.894309e+03 2.733148e+04 5.932230e+04 	 -7.184501e+03 2.731982e+04 5.933249e+04 	 -7.098079e+02 1.165511e+01 -1.019010e+01 
1.45028       	 -7.891523e+03 2.715142e+04 5.909235e+04 	 -7.179179e+03 2.713946e+04 5.910277e+04 	 -7.123438e+02 1.196078e+01 -1.041976e+01 
1.46027       	 -7.893402e+03 2.710833e+04 5.896281e+04 	 -7.178328e+03 2.709603e+04 5.897343e+04 	 -7.150742e+02 1.229927e+01 -1.062464e+01 
1.46858       	 -7.890096e+03 2.695944e+04 5.876243e+04 	 -7.172881e+03 2.694683e+04 5.877324e+04 	 -7.172144e+02 1.260529e+01 -1.081602e+01 
1.47824       	 -7.893015e+03 2.691176e+04 5.862642e+04 	 -7.173343e+03 2.689882e+04 5.863748e+04 	 -7.196718e+02 1.293922e+01 -1.105934e+01 
1.48827       	 -7.892231e+03 2.682953e+04 5.844570e+04 	 -7.170170e+03 2.681624e+04 5.845714e+04 	 -7.220610e+02 1.328540e+01 -1.144621e+01 
1.4999        	 -7.890602e+03 2.676746e+04 5.830891e+04 	 -7.166110e+03 2.675382e+04 5.832076e+04 	 -7.244917e+02 1.363937e+01 -1.185091e+01 
1.51306       	 -7.897511e+03 2.668543e+04 5.810680e+04 	 -7.170494e+03 2.667141e+04 5.811921e+04 	 -7.270174e+02 1.402294e+01 -1.241580e+01 
1.52524       	 -7.887698e+03 2.654137e+04 5.784781e+04 	 -7.158709e+03 2.652695e+04 5.786085e+04 	 -7.289883e+02 1.442388e+01 -1.304254e+01 
1.53603       	 -7.895518e+03 2.640645e+04 5.766699e+04 	 -7.165031e+03 2.639169e+04 5.768057e+04 	 -7.304867e+02 1.475864e+01 -1.358416e+01 
1.54531       	 -7.884900e+03 2.629978e+04 5.745249e+04 	 -7.153258e+03 2.628468e+04 5.746662e+04 	 -7.316426e+02 1.510221e+01 -1.413102e+01 
1.55541       	 -7.894413e+03 2.627853e+04 5.734682e+04 	 -7.161603e+03 2.626314e+04 5.736146e+04 	 -7.328096e+02 1.539838e+01 -1.463987e+01 
1.56364       	 -7.889494e+03 2.619510e+04 5.714568e+04 	 -7.155812e+03 2.617944e+04 5.716079e+04 	 -7.336816e+02 1.566050e+01 -1.511055e+01 
1.57293       	 -7.889695e+03 2.616297e+04 5.706074e+04 	 -7.155101e+03 2.614704e+04 5.707634e+04 	 -7.345937e+02 1.592833e+01 -1.559967e+01 
1.58201       	 -7.895379e+03 2.616109e+04 5.692143e+04 	 -7.160028e+03 2.614491e+04 5.693756e+04 	 -7.353510e+02 1.618509e+01 -1.612772e+01 
1.59054       	 -7.892201e+03 2.610690e+04 5.681201e+04 	 -7.156346e+03 2.609045e+04 5.682865e+04 	 -7.358544e+02 1.644322e+01 -1.663610e+01 
1.60007       	 -7.890611e+03 2.610948e+04 5.673276e+04 	 -7.154325e+03 2.609277e+04 5.675000e+04 	 -7.362855e+02 1.671824e+01 -1.723989e+01 
1.61088       	 -7.898180e+03 2.615063e+04 5.665820e+04 	 -7.161584e+03 2.613359e+04 5.667612e+04 	 -7.365956e+02 1.704176e+01 -1.791742e+01 
1.62343       	 -7.896124e+03 2.619351e+04 5.658530e+04 	 -7.159363e+03 2.617612e+04 5.660404e+04 	 -7.367608e+02 1.739371e+01 -1.873611e+01 
1.63641       	 -7.894680e+03 2.617802e+04 5.647508e+04 	 -7.157991e+03 2.616024e+04 5.649469e+04 	 -7.366888e+02 1.777808e+01 -1.961196e+01 
1.64814       	 -7.889030e+03 2.612345e+04 5.633113e+04 	 -7.152638e+03 2.610532e+04 5.635147e+04 	 -7.363918e+02 1.812721e+01 -2.034024e+01 
1.65987       	 -7.889508e+03 2.609196e+04 5.620848e+04 	 -7.153559e+03 2.607351e+04 5.622957e+04 	 -7.359492e+02 1.844587e+01 -2.108261e+01 
1.6716        	 -7.885419e+03 2.608117e+04 5.609307e+04 	 -7.150084e+03 2.606239e+04 5.611482e+04 	 -7.353343e+02 1.877399e+01 -2.175393e+01 
1.68423       	 -7.883554e+03 2.605204e+04 5.598695e+04 	 -7.148911e+03 2.603299e+04 5.600945e+04 	 -7.346435e+02 1.905096e+01 -2.250512e+01 
1.69686       	 -7.878629e+03 2.602352e+04 5.585336e+04 	 -7.144750e+03 2.600420e+04 5.587655e+04 	 -7.338788e+02 1.931828e+01 -2.318947e+01 
1.70949       	 -7.878384e+03 2.595216e+04 5.573207e+04 	 -7.145462e+03 2.593261e+04 5.575596e+04 	 -7.329220e+02 1.954838e+01 -2.389466e+01 
1.72066       	 -7.873808e+03 2.590438e+04 5.560916e+04 	 -7.141743e+03 2.588461e+04 5.563361e+04 	 -7.320656e+02 1.976763e+01 -2.444870e+01 
1.73336       	 -7.878195e+03 2.588259e+04 5.553967e+04 	 -7.147254e+03 2.586264e+04 5.556473e+04 	 -7.309412e+02 1.994663e+01 -2.506658e+01 
1.74288       	 -7.871322e+03 2.580610e+04 5.540076e+04 	 -7.141338e+03 2.578598e+04 5.542622e+04 	 -7.299840e+02 2.011656e+01 -2.546692e+01 
1.7536        	 -7.874616e+03 2.579671e+04 5.534296e+04 	 -7.145806e+03 2.577647e+04 5.536885e+04 	 -7.288103e+02 2.024873e+01 -2.589005e+01 
1.76209       	 -7.873211e+03 2.576283e+04 5.526203e+04 	 -7.145337e+03 2.574246e+04 5.528827e+04 	 -7.278740e+02 2.037197e+01 -2.623981e+01 
1.77161       	 -7.874394e+03 2.575192e+04 5.521265e+04 	 -7.147597e+03 2.573145e+04 5.523921e+04 	 -7.267962e+02 2.046760e+01 -2.656203e+01 
1.78007       	 -7.872003e+03 2.575407e+04 5.516018e+04 	 -7.146177e+03 2.573352e+04 5.518705e+04 	 -7.258256e+02 2.055082e+01 -2.686934e+01 
1.78963       	 -7.872647e+03 2.574562e+04 5.512501e+04 	 -7.147877e+03 2.572499e+04 5.515220e+04 	 -7.247703e+02 2.063260e+01 -2.718921e+01 
1.79965       	 -7.868983e+03 2.570075e+04 5.507089e+04 	 -7.145306e+03 2.568001e+04 5.509842e+04 	 -7.236767e+02 2.073581e+01 -2.752299e+01 
1.81078       	 -7.871871e+03 2.571681e+04 5.502736e+04 	 -7.149421e+03 2.569598e+04 5.505519e+04 	 -7.224500e+02 2.083614e+01 -2.782899e+01 
1.82339       	 -7.874024e+03 2.574086e+04 5.498318e+04 	 -7.152902e+03 2.571993e+04 5.501134e+04 	 -7.211214e+02 2.092591e+01 -2.815883e+01 
1.83811       	 -7.875300e+03 2.572508e+04 5.494227e+04 	 -7.155598e+03 2.570407e+04 5.497081e+04 	 -7.197023e+02 2.100527e+01 -2.854498e+01 
1.8543        	 -7.879439e+03 2.575320e+04 5.489638e+04 	 -7.161201e+03 2.573210e+04 5.492528e+04 	 -7.182377e+02 2.109500e+01 -2.889914e+01 
1.86755       	 -7.878667e+03 2.569582e+04 5.483236e+04 	 -7.161495e+03 2.567466e+04 5.486158e+04 	 -7.171726e+02 2.115493e+01 -2.921291e+01 
1.88079       	 -7.884427e+03 2.573250e+04 5.481834e+04 	 -7.168392e+03 2.571127e+04 5.484776e+04 	 -7.160356e+02 2.123046e+01 -2.942534e+01 
1.89271       	 -7.892045e+03 2.571472e+04 5.479174e+04 	 -7.176888e+03 2.569345e+04 5.482138e+04 	 -7.151570e+02 2.127030e+01 -2.964420e+01 
1.90612       	 -7.897806e+03 2.577590e+04 5.480155e+04 	 -7.183621e+03 2.575458e+04 5.483134e+04 	 -7.141848e+02 2.131622e+01 -2.978603e+01 
1.91953       	 -7.902887e+03 2.581923e+04 5.477128e+04 	 -7.189526e+03 2.579787e+04 5.480126e+04 	 -7.133606e+02 2.136390e+01 -2.997840e+01 
1.93295       	 -7.905390e+03 2.583890e+04 5.475964e+04 	 -7.192778e+03 2.581747e+04 5.478983e+04 	 -7.126121e+02 2.143060e+01 -3.018571e+01 
1.94636       	 -7.910653e+03 2.585888e+04 5.473146e+04 	 -7.198762e+03 2.583740e+04 5.476186e+04 	 -7.118906e+02 2.148227e+01 -3.039572e+01 
1.95977       	 -7.915505e+03 2.585826e+04 5.470626e+04 	 -7.204323e+03 2.583670e+04 5.473693e+04 	 -7.111818e+02 2.156009e+01 -3.067160e+01 
1.97318       	 -7.919335e+03 2.587386e+04 5.467360e+04 	 -7.208763e+03 2.585221e+04 5.470451e+04 	 -7.105723e+02 2.165417e+01 -3.091251e+01 
1.98659       	 -7.917896e+03 2.586299e+04 5.462853e+04 	 -7.207948e+03 2.584120e+04 5.465966e+04 	 -7.099478e+02 2.179148e+01 -3.113342e+01 
2             	 -7.919667e+03 2.586862e+04 5.460027e+04 	 -7.210244e+03 2.584670e+04 5.463169e+04 	 -7.094232e+02 2.191832e+01 -3.141774e+01 
2.01205       	 -7.922304e+03 2.586678e+04 5.453512e+04 	 -7.213412e+03 2.584473e+04 5.456667e+04 	 -7.088916e+02 2.204539e+01 -3.154721e+01 
2.02203       	 -7.915828e+03 2.577699e+04 5.447772e+04 	 -7.207440e+03 2.575482e+04 5.450943e+04 	 -7.083882e+02 2.216467e+01 -3.171509e+01 
2.03232       	 -7.922857e+03 2.581618e+04 5.447628e+04 	 -7.215017e+03 2.579391e+04 5.450810e+04 	 -7.078401e+02 2.227091e+01 -3.182462e+01 
2.04025       	 -7.921622e+03 2.578397e+04 5.443921e+04 	 -7.214147e+03 2.576162e+04 5.447112e+04 	 -7.074750e+02 2.234728e+01 -3.190651e+01 
2.04914       	 -7.931464e+03 2.582594e+04 5.445906e+04 	 -7.224408e+03 2.580348e+04 5.449098e+04 	 -7.070562e+02 2.245922e+01 -3.192127e+01 
2.05874       	 -7.933227e+03 2.582508e+04 5.442417e+04 	 -7.226512e+03 2.580258e+04 5.445619e+04 	 -7.067157e+02 2.250186e+01 -3.201994e+01 
2.0673        	 -7.934334e+03 2.581467e+04 5.441971e+04 	 -7.228027e+03 2.579203e+04 5.445186e+04 	 -7.063073e+02 2.263573e+01 -3.214783e+01 
2.0757        	 -7.938619e+03 2.579501e+04 5.440155e+04 	 -7.232643e+03 2.577233e+04 5.443371e+04 	 -7.059757e+02 2.267471e+01 -3.215944e+01 
2.0836        	 -7.947931e+03 2.585436e+04 5.440018e+04 	 -7.242148e+03 2.583163e+04 5.443230e+04 	 -7.057828e+02 2.272785e+01 -3.212253e+01 
2.09209       	 -7.951875e+03 2.585551e+04 5.440288e+04 	 -7.246406e+03 2.583276e+04 5.443508e+04 	 -7.054683e+02 2.275626e+01 -3.220305e+01 
2.10042       	 -7.956440e+03 2.586919e+04 5.440939e+04 	 -7.251241e+03 2.584643e+04 5.444143e+04 	 -7.051992e+02 2.276226e+01 -3.203367e+01 
2.10969       	 -7.963481e+03 2.590835e+04 5.440285e+04 	 -7.258631e+03 2.588559e+04 5.443484e+04 	 -7.048504e+02 2.276013e+01 -3.198956e+01 
2.12005       	 -7.964938e+03 2.589280e+04 5.439146e+04 	 -7.260408e+03 2.587005e+04 5.442336e+04 	 -7.045302e+02 2.275508e+01 -3.190536e+01 
2.13162       	 -7.975875e+03 2.593979e+04 5.438565e+04 	 -7.271780e+03 2.591705e+04 5.441743e+04 	 -7.040956e+02 2.273657e+01 -3.177771e+01 
2.14458       	 -7.982472e+03 2.593348e+04 5.438650e+04 	 -7.278877e+03 2.591079e+04 5.441813e+04 	 -7.035946e+02 2.269285e+01 -3.162748e+01 
2.15908       	 -7.981316e+03 2.596315e+04 5.437322e+04 	 -7.278425e+03 2.594048e+04 5.440471e+04 	 -7.028909e+02 2.266758e+01 -3.149428e+01 
2.17384       	 -7.989613e+03 2.593555e+04 5.434295e+04 	 -7.287411e+03 2.591290e+04 5.437441e+04 	 -7.022018e+02 2.264636e+01 -3.145550e+01 
2.18942       	 -7.991847e+03 2.590300e+04 5.431550e+04 	 -7.290268e+03 2.588038e+04 5.434687e+04 	 -7.015799e+02 2.262166e+01 -3.136854e+01 
2.2034        	 -7.992395e+03 2.586445e+04 5.424757e+04 	 -7.291447e+03 2.584187e+04 5.427895e+04 	 -7.009473e+02 2.258452e+01 -3.137568e+01 
2.21788       	 -7.994979e+03 2.583333e+04 5.424036e+04 	 -7.294768e+03 2.581077e+04 5.427167e+04 	 -7.002113e+02 2.256068e+01 -3.130820e+01 
2.23092       	 -7.993170e+03 2.580147e+04 5.419112e+04 	 -7.293476e+03 2.577895e+04 5.422239e+04 	 -6.996943e+02 2.252025e+01 -3.127118e+01 
2.24516       	 -8.003853e+03 2.579924e+04 5.420305e+04 	 -7.304730e+03 2.577675e+04 5.423431e+04 	 -6.991224e+02 2.248997e+01 -3.125385e+01 
2.25677       	 -7.990369e+03 2.577410e+04 5.412512e+04 	 -7.291870e+03 2.575160e+04 5.415641e+04 	 -6.984992e+02 2.249900e+01 -3.128820e+01 
2.26981       	 -7.995379e+03 2.581539e+04 5.412981e+04 	 -7.297525e+03 2.579289e+04 5.416115e+04 	 -6.978544e+02 2.250275e+01 -3.134169e+01 
2.28122       	 -7.988139e+03 2.573522e+04 5.410892e+04 	 -7.290697e+03 2.571271e+04 5.414041e+04 	 -6.974423e+02 2.250882e+01 -3.149410e+01 
2.29164       	 -7.983609e+03 2.571520e+04 5.407908e+04 	 -7.286653e+03 2.569263e+04 5.411062e+04 	 -6.969558e+02 2.257125e+01 -3.154451e+01 
2.30237       	 -7.981651e+03 2.573621e+04 5.408116e+04 	 -7.284984e+03 2.571361e+04 5.411282e+04 	 -6.966675e+02 2.260738e+01 -3.166149e+01 
2.3144        	 -7.979571e+03 2.576783e+04 5.409825e+04 	 -7.283244e+03 2.574516e+04 5.413009e+04 	 -6.963267e+02 2.266931e+01 -3.183443e+01 
2.32784       	 -7.976932e+03 2.577181e+04 5.409546e+04 	 -7.281033e+03 2.574904e+04 5.412739e+04 	 -6.958990e+02 2.277709e+01 -3.193180e+01 
2.33924       	 -7.970334e+03 2.575754e+04 5.408726e+04 	 -7.274886e+03 2.573467e+04 5.411935e+04 	 -6.954478e+02 2.286586e+01 -3.209208e+01 
2.35194       	 -7.974636e+03 2.579791e+04 5.412008e+04 	 -7.279531e+03 2.577493e+04 5.415227e+04 	 -6.951050e+02 2.298703e+01 -3.219776e+01 
2.36082       	 -7.960807e+03 2.570764e+04 5.409430e+04 	 -7.266127e+03 2.568453e+04 5.412658e+04 	 -6.946800e+02 2.311185e+01 -3.228850e+01 
2.37097       	 -7.966696e+03 2.571974e+04 5.412695e+04 	 -7.272308e+03 2.569653e+04 5.415929e+04 	 -6.943878e+02 2.321222e+01 -3.234107e+01 
2.37995       	 -7.956710e+03 2.573878e+04 5.412595e+04 	 -7.262697e+03 2.571544e+04 5.415833e+04 	 -6.940129e+02 2.333615e+01 -3.237299e+01 
2.39029       	 -7.960735e+03 2.575287e+04 5.415048e+04 	 -7.267155e+03 2.572942e+04 5.418292e+04 	 -6.935801e+02 2.344789e+01 -3.244110e+01 
2.40179       	 -7.957329e+03 2.578395e+04 5.416333e+04 	 -7.264194e+03 2.576033e+04 5.419585e+04 	 -6.931356e+02 2.361873e+01 -3.251410e+01 
2.41452       	 -7.957728e+03 2.583269e+04 5.413341e+04 	 -7.265047e+03 2.580892e+04 5.416602e+04 	 -6.926807e+02 2.376943e+01 -3.261575e+01 
2.42813       	 -7.952134e+03 2.581912e+04 5.415431e+04 	 -7.260118e+03 2.579512e+04 5.418700e+04 	 -6.920167e+02 2.399578e+01 -3.269325e+01 
2.44084       	 -7.951940e+03 2.582440e+04 5.413022e+04 	 -7.260439e+03 2.580026e+04 5.416299e+04 	 -6.915011e+02 2.414020e+01 -3.276808e+01 
2.45355       	 -7.949055e+03 2.581467e+04 5.411032e+04 	 -7.258092e+03 2.579040e+04 5.414313e+04 	 -6.909637e+02 2.427263e+01 -3.281218e+01 
2.46756       	 -7.948019e+03 2.584924e+04 5.411476e+04 	 -7.257606e+03 2.582483e+04 5.414760e+04 	 -6.904126e+02 2.440442e+01 -3.284029e+01 
2.48277       	 -7.951198e+03 2.588971e+04 5.410428e+04 	 -7.261389e+03 2.586520e+04 5.413712e+04 	 -6.898094e+02 2.450208e+01 -3.284405e+01 
2.49714       	 -7.951911e+03 2.588003e+04 5.406501e+04 	 -7.262644e+03 2.585543e+04 5.409784e+04 	 -6.892672e+02 2.459979e+01 -3.282150e+01 
2.51336       	 -7.953943e+03 2.591134e+04 5.407754e+04 	 -7.265208e+03 2.588668e+04 5.411036e+04 	 -6.887355e+02 2.465985e+01 -3.282103e+01 
2.52811       	 -7.957936e+03 2.587390e+04 5.404932e+04 	 -7.269676e+03 2.584916e+04 5.408208e+04 	 -6.882597e+02 2.473479e+01 -3.276134e+01 
2.54333       	 -7.959588e+03 2.591303e+04 5.405175e+04 	 -7.271787e+03 2.588828e+04 5.408447e+04 	 -6.878012e+02 2.475735e+01 -3.271362e+01 
2.55908       	 -7.965744e+03 2.596230e+04 5.404715e+04 	 -7.278405e+03 2.593752e+04 5.407982e+04 	 -6.873388e+02 2.477039e+01 -3.266296e+01 
2.57483       	 -7.965121e+03 2.593301e+04 5.403841e+04 	 -7.278260e+03 2.590825e+04 5.407098e+04 	 -6.868618e+02 2.475668e+01 -3.256723e+01 
2.59183       	 -7.967572e+03 2.595665e+04 5.406258e+04 	 -7.281062e+03 2.593193e+04 5.409506e+04 	 -6.865095e+02 2.471490e+01 -3.248072e+01 
2.60591       	 -7.957649e+03 2.590250e+04 5.401485e+04 	 -7.271624e+03 2.587783e+04 5.404724e+04 	 -6.860243e+02 2.466681e+01 -3.239342e+01 
2.62167       	 -7.962907e+03 2.592064e+04 5.401384e+04 	 -7.277279e+03 2.589601e+04 5.404608e+04 	 -6.856272e+02 2.462497e+01 -3.223111e+01 
2.6328        	 -7.965683e+03 2.584903e+04 5.395582e+04 	 -7.280560e+03 2.582447e+04 5.398800e+04 	 -6.851237e+02 2.455915e+01 -3.217963e+01 
2.64546       	 -7.966477e+03 2.588756e+04 5.400132e+04 	 -7.281738e+03 2.586306e+04 5.403340e+04 	 -6.847395e+02 2.450468e+01 -3.207483e+01 
2.65654       	 -7.964644e+03 2.588195e+04 5.398282e+04 	 -7.280068e+03 2.585750e+04 5.401482e+04 	 -6.845767e+02 2.445235e+01 -3.200583e+01 
2.66881       	 -7.966257e+03 2.589726e+04 5.402497e+04 	 -7.281782e+03 2.587282e+04 5.405690e+04 	 -6.844752e+02 2.443426e+01 -3.192681e+01 
2.67985       	 -7.966297e+03 2.588235e+04 5.402969e+04 	 -7.281846e+03 2.585795e+04 5.406157e+04 	 -6.844512e+02 2.440189e+01 -3.187529e+01 
2.69216       	 -7.965300e+03 2.592688e+04 5.404651e+04 	 -7.280849e+03 2.590251e+04 5.407829e+04 	 -6.844514e+02 2.437169e+01 -3.178644e+01 
2.704         	 -7.967433e+03 2.595150e+04 5.404288e+04 	 -7.282930e+03 2.592714e+04 5.407462e+04 	 -6.845031e+02 2.436617e+01 -3.173583e+01 
2.71745       	 -7.965754e+03 2.595207e+04 5.408389e+04 	 -7.280981e+03 2.592773e+04 5.411555e+04 	 -6.847729e+02 2.433830e+01 -3.165595e+01 
2.72876       	 -7.965323e+03 2.596067e+04 5.405380e+04 	 -7.280294e+03 2.593634e+04 5.408538e+04 	 -6.850284e+02 2.432665e+01 -3.158872e+01 
2.74167       	 -7.968603e+03 2.600318e+04 5.407655e+04 	 -7.283333e+03 2.597888e+04 5.410804e+04 	 -6.852703e+02 2.429650e+01 -3.148847e+01 
2.75397       	 -7.968306e+03 2.599554e+04 5.405904e+04 	 -7.282802e+03 2.597131e+04 5.409046e+04 	 -6.855043e+02 2.423115e+01 -3.141499e+01 
2.76764       	 -7.968285e+03 2.601625e+04 5.406625e+04 	 -7.282551e+03 2.599210e+04 5.409756e+04 	 -6.857344e+02 2.415413e+01 -3.130897e+01 
2.77987       	 -7.967436e+03 2.603116e+04 5.403801e+04 	 -7.281584e+03 2.600705e+04 5.406923e+04 	 -6.858516e+02 2.410519e+01 -3.121710e+01 
2.79363       	 -7.970913e+03 2.607837e+04 5.405404e+04 	 -7.284928e+03 2.605434e+04 5.408512e+04 	 -6.859852e+02 2.402446e+01 -3.107430e+01 
2.80577       	 -7.965617e+03 2.608341e+04 5.400703e+04 	 -7.279441e+03 2.605946e+04 5.403798e+04 	 -6.861754e+02 2.395061e+01 -3.094767e+01 
2.81964       	 -7.969358e+03 2.612042e+04 5.402306e+04 	 -7.283064e+03 2.609654e+04 5.405384e+04 	 -6.862935e+02 2.387302e+01 -3.077838e+01 
2.83167       	 -7.966661e+03 2.610398e+04 5.400022e+04 	 -7.280214e+03 2.608022e+04 5.403091e+04 	 -6.864472e+02 2.376020e+01 -3.068537e+01 
2.84569       	 -7.969331e+03 2.612554e+04 5.400734e+04 	 -7.282790e+03 2.610193e+04 5.403785e+04 	 -6.865409e+02 2.361029e+01 -3.050860e+01 
2.85756       	 -7.966405e+03 2.613359e+04 5.400363e+04 	 -7.279728e+03 2.611008e+04 5.403400e+04 	 -6.866769e+02 2.351216e+01 -3.037054e+01 
2.87051       	 -7.968462e+03 2.614504e+04 5.401402e+04 	 -7.281611e+03 2.612167e+04 5.404424e+04 	 -6.868514e+02 2.336761e+01 -3.022298e+01 
2.88346       	 -7.966569e+03 2.613851e+04 5.400858e+04 	 -7.279628e+03 2.611529e+04 5.403867e+04 	 -6.869405e+02 2.322106e+01 -3.009238e+01 
2.89512       	 -7.968962e+03 2.613422e+04 5.402801e+04 	 -7.282060e+03 2.611115e+04 5.405800e+04 	 -6.869016e+02 2.306863e+01 -2.998573e+01 
2.90823       	 -7.971377e+03 2.614669e+04 5.405348e+04 	 -7.284360e+03 2.612379e+04 5.408332e+04 	 -6.870172e+02 2.290039e+01 -2.984060e+01 
2.92134       	 -7.975326e+03 2.615788e+04 5.407140e+04 	 -7.288294e+03 2.613515e+04 5.410115e+04 	 -6.870327e+02 2.272404e+01 -2.974709e+01 
2.93707       	 -7.982129e+03 2.617118e+04 5.412042e+04 	 -7.295105e+03 2.614869e+04 5.415009e+04 	 -6.870241e+02 2.249259e+01 -2.966694e+01 
2.9528        	 -7.985523e+03 2.620326e+04 5.416140e+04 	 -7.298506e+03 2.618099e+04 5.419096e+04 	 -6.870168e+02 2.226722e+01 -2.956554e+01 
2.96853       	 -7.990365e+03 2.616297e+04 5.418719e+04 	 -7.303426e+03 2.614089e+04 5.421671e+04 	 -6.869384e+02 2.207482e+01 -2.951984e+01 
2.98427       	 -7.994184e+03 2.615059e+04 5.421694e+04 	 -7.307306e+03 2.612870e+04 5.424635e+04 	 -6.868782e+02 2.188561e+01 -2.940785e+01 
2.99213       	 -7.984549e+03 2.608176e+04 5.414519e+04 	 -7.297879e+03 2.605995e+04 5.417455e+04 	 -6.866708e+02 2.181476e+01 -2.935152e+01 
3             	 -7.991071e+03 2.607050e+04 5.417471e+04 	 -7.304430e+03 2.604881e+04 5.420399e+04 	 -6.866407e+02 2.169049e+01 -2.928778e+01 
3.00917       	 -7.989110e+03 2.608010e+04 5.418921e+04 	 -7.302694e+03 2.605848e+04 5.421839e+04 	 -6.864164e+02 2.162062e+01 -2.918350e+01 
3.01983       	 -7.997063e+03 2.612331e+04 5.418503e+04 	 -7.310764e+03 2.610183e+04 5.421411e+04 	 -6.862991e+02 2.148720e+01 -2.908453e+01 
3.03178       	 -7.992055e+03 2.611831e+04 5.420270e+04 	 -7.305943e+03 2.609693e+04 5.423173e+04 	 -6.861114e+02 2.138963e+01 -2.903173e+01 
3.04523       	 -7.995314e+03 2.613055e+04 5.424152e+04 	 -7.309336e+03 2.610928e+04 5.427050e+04 	 -6.859781e+02 2.126346e+01 -2.898764e+01 
3.05796       	 -7.994181e+03 2.615703e+04 5.422507e+04 	 -7.308352e+03 2.613586e+04 5.425407e+04 	 -6.858291e+02 2.117183e+01 -2.899856e+01 
3.07223       	 -7.996110e+03 2.613178e+04 5.426351e+04 	 -7.310344e+03 2.611073e+04 5.429249e+04 	 -6.857653e+02 2.105423e+01 -2.897868e+01 
3.08608       	 -7.992667e+03 2.618353e+04 5.425426e+04 	 -7.307063e+03 2.616255e+04 5.428327e+04 	 -6.856033e+02 2.098796e+01 -2.900209e+01 
3.10157       	 -7.993921e+03 2.617963e+04 5.426476e+04 	 -7.308423e+03 2.615876e+04 5.429379e+04 	 -6.854974e+02 2.087213e+01 -2.903465e+01 
3.11706       	 -7.991198e+03 2.614365e+04 5.428621e+04 	 -7.305748e+03 2.612284e+04 5.431530e+04 	 -6.854502e+02 2.080748e+01 -2.908772e+01 
3.13341       	 -7.994357e+03 2.614695e+04 5.429302e+04 	 -7.308918e+03 2.612619e+04 5.432216e+04 	 -6.854387e+02 2.075885e+01 -2.914621e+01 
3.14946       	 -7.990777e+03 2.616569e+04 5.426873e+04 	 -7.305451e+03 2.614498e+04 5.429795e+04 	 -6.853260e+02 2.071551e+01 -2.921862e+01 
3.16614       	 -7.985068e+03 2.614465e+04 5.427139e+04 	 -7.300039e+03 2.612400e+04 5.430069e+04 	 -6.850285e+02 2.065393e+01 -2.930113e+01 
3.18249       	 -7.981665e+03 2.614937e+04 5.425128e+04 	 -7.296833e+03 2.612878e+04 5.428071e+04 	 -6.848319e+02 2.059012e+01 -2.942822e+01 
3.19988       	 -7.982101e+03 2.611782e+04 5.421199e+04 	 -7.297577e+03 2.609725e+04 5.424153e+04 	 -6.845239e+02 2.056808e+01 -2.953911e+01 
3.21527       	 -7.983256e+03 2.609043e+04 5.415588e+04 	 -7.299357e+03 2.606991e+04 5.418555e+04 	 -6.838998e+02 2.052442e+01 -2.966923e+01 
3.23233       	 -7.982710e+03 2.608974e+04 5.409139e+04 	 -7.299585e+03 2.606929e+04 5.412118e+04 	 -6.831246e+02 2.045361e+01 -2.978422e+01 
3.24654       	 -7.975139e+03 2.604015e+04 5.401536e+04 	 -7.292790e+03 2.601968e+04 5.404522e+04 	 -6.823491e+02 2.047275e+01 -2.986294e+01 
3.26224       	 -7.976440e+03 2.604177e+04 5.399379e+04 	 -7.294873e+03 2.602132e+04 5.402372e+04 	 -6.815665e+02 2.045009e+01 -2.993019e+01 
3.27671       	 -7.974790e+03 2.602322e+04 5.394794e+04 	 -7.294209e+03 2.600277e+04 5.397791e+04 	 -6.805807e+02 2.044779e+01 -2.997142e+01 
3.29278       	 -7.976827e+03 2.604954e+04 5.390380e+04 	 -7.297108e+03 2.602918e+04 5.393384e+04 	 -6.797185e+02 2.036005e+01 -3.003753e+01 
3.30783       	 -7.978099e+03 2.603743e+04 5.387241e+04 	 -7.299326e+03 2.601714e+04 5.390252e+04 	 -6.787733e+02 2.029947e+01 -3.010501e+01 
3.32471       	 -7.979471e+03 2.606617e+04 5.386073e+04 	 -7.301735e+03 2.604599e+04 5.389092e+04 	 -6.777368e+02 2.018402e+01 -3.018873e+01 
3.34159       	 -7.983387e+03 2.608827e+04 5.383163e+04 	 -7.306504e+03 2.606814e+04 5.386193e+04 	 -6.768833e+02 2.013544e+01 -3.029491e+01 
3.35892       	 -7.984539e+03 2.605997e+04 5.379715e+04 	 -7.308730e+03 2.603988e+04 5.382754e+04 	 -6.758090e+02 2.009153e+01 -3.039395e+01 
3.37536       	 -7.983821e+03 2.603881e+04 5.375138e+04 	 -7.308899e+03 2.601878e+04 5.378193e+04 	 -6.749219e+02 2.002095e+01 -3.054862e+01 
3.39224       	 -7.982709e+03 2.603127e+04 5.373110e+04 	 -7.308751e+03 2.601127e+04 5.376175e+04 	 -6.739585e+02 1.999109e+01 -3.065202e+01 
3.40823       	 -7.987646e+03 2.601411e+04 5.369252e+04 	 -7.314459e+03 2.599414e+04 5.372328e+04 	 -6.731868e+02 1.996966e+01 -3.075837e+01 
3.42514       	 -7.987327e+03 2.600197e+04 5.367063e+04 	 -7.314832e+03 2.598204e+04 5.370154e+04 	 -6.724951e+02 1.993138e+01 -3.091139e+01 
3.44068       	 -7.985560e+03 2.599562e+04 5.364685e+04 	 -7.313517e+03 2.597569e+04 5.367788e+04 	 -6.720437e+02 1.992800e+01 -3.103200e+01 
3.45621       	 -7.987901e+03 2.596027e+04 5.364542e+04 	 -7.316173e+03 2.594036e+04 5.367660e+04 	 -6.717278e+02 1.990956e+01 -3.118348e+01 
3.47175       	 -7.991131e+03 2.596340e+04 5.366376e+04 	 -7.319650e+03 2.594346e+04 5.369511e+04 	 -6.714808e+02 1.994516e+01 -3.135161e+01 
3.48879       	 -7.994414e+03 2.599160e+04 5.364090e+04 	 -7.322797e+03 2.597168e+04 5.367245e+04 	 -6.716175e+02 1.992396e+01 -3.155109e+01 
3.50299       	 -7.998452e+03 2.591682e+04 5.362672e+04 	 -7.327083e+03 2.589683e+04 5.365839e+04 	 -6.713696e+02 1.999205e+01 -3.167159e+01 
3.51902       	 -7.999210e+03 2.592851e+04 5.362566e+04 	 -7.327963e+03 2.590852e+04 5.365745e+04 	 -6.712477e+02 1.998782e+01 -3.179139e+01 
3.5336        	 -8.005782e+03 2.590725e+04 5.362578e+04 	 -7.334849e+03 2.588724e+04 5.365767e+04 	 -6.709327e+02 2.000775e+01 -3.189791e+01 
3.54968       	 -8.006459e+03 2.590466e+04 5.364047e+04 	 -7.335533e+03 2.588466e+04 5.367254e+04 	 -6.709254e+02 1.999620e+01 -3.207503e+01 
3.56576       	 -8.011640e+03 2.592693e+04 5.363661e+04 	 -7.340738e+03 2.590700e+04 5.366888e+04 	 -6.709020e+02 1.992913e+01 -3.226979e+01 
3.58074       	 -8.010814e+03 2.589083e+04 5.365000e+04 	 -7.339874e+03 2.587092e+04 5.368245e+04 	 -6.709396e+02 1.990851e+01 -3.245603e+01 
3.59686       	 -8.015950e+03 2.594117e+04 5.365899e+04 	 -7.344788e+03 2.592133e+04 5.369162e+04 	 -6.711621e+02 1.983445e+01 -3.262900e+01 
3.61126       	 -8.014365e+03 2.591439e+04 5.365816e+04 	 -7.343137e+03 2.589458e+04 5.369094e+04 	 -6.712281e+02 1.981012e+01 -3.277936e+01 
3.62746       	 -8.014151e+03 2.595278e+04 5.367163e+04 	 -7.342689e+03 2.593301e+04 5.370452e+04 	 -6.714617e+02 1.977099e+01 -3.288616e+01 
3.64236       	 -8.013889e+03 2.591594e+04 5.366280e+04 	 -7.342172e+03 2.589618e+04 5.369581e+04 	 -6.717174e+02 1.975554e+01 -3.301214e+01 
3.65939       	 -8.014045e+03 2.596405e+04 5.369335e+04 	 -7.341963e+03 2.594431e+04 5.372646e+04 	 -6.720817e+02 1.973849e+01 -3.310204e+01 
3.6742        	 -8.011986e+03 2.593702e+04 5.367251e+04 	 -7.339572e+03 2.591727e+04 5.370569e+04 	 -6.724144e+02 1.974968e+01 -3.318073e+01 
3.68971       	 -8.016990e+03 2.595307e+04 5.367278e+04 	 -7.344330e+03 2.593324e+04 5.370598e+04 	 -6.726603e+02 1.982240e+01 -3.320643e+01 
3.70523       	 -8.014803e+03 2.599870e+04 5.365249e+04 	 -7.341584e+03 2.597882e+04 5.368580e+04 	 -6.732196e+02 1.988521e+01 -3.330878e+01 
3.71804       	 -8.008909e+03 2.596337e+04 5.359761e+04 	 -7.335433e+03 2.594343e+04 5.363097e+04 	 -6.734754e+02 1.994316e+01 -3.335909e+01 
3.73214       	 -8.013576e+03 2.598023e+04 5.358307e+04 	 -7.339544e+03 2.596021e+04 5.361649e+04 	 -6.740323e+02 2.001458e+01 -3.342469e+01 
3.7479        	 -8.010006e+03 2.597506e+04 5.357454e+04 	 -7.335519e+03 2.595493e+04 5.360804e+04 	 -6.744870e+02 2.013117e+01 -3.349786e+01 
3.76365       	 -8.005623e+03 2.596365e+04 5.355204e+04 	 -7.330604e+03 2.594340e+04 5.358558e+04 	 -6.750182e+02 2.025191e+01 -3.354332e+01 
3.77756       	 -8.008740e+03 2.597064e+04 5.350704e+04 	 -7.333350e+03 2.595029e+04 5.354062e+04 	 -6.753903e+02 2.034421e+01 -3.358529e+01 
3.79345       	 -8.008450e+03 2.599690e+04 5.352548e+04 	 -7.332610e+03 2.597646e+04 5.355908e+04 	 -6.758405e+02 2.044501e+01 -3.359773e+01 
3.8082        	 -8.008700e+03 2.598631e+04 5.347064e+04 	 -7.332513e+03 2.596577e+04 5.350428e+04 	 -6.761870e+02 2.053599e+01 -3.363986e+01 
3.82418       	 -8.010013e+03 2.598607e+04 5.346020e+04 	 -7.333227e+03 2.596548e+04 5.349392e+04 	 -6.767858e+02 2.059663e+01 -3.372405e+01 
3.83883       	 -8.015761e+03 2.598376e+04 5.341041e+04 	 -7.338406e+03 2.596309e+04 5.344425e+04 	 -6.773546e+02 2.067613e+01 -3.384020e+01 
3.85495       	 -8.016738e+03 2.595896e+04 5.341440e+04 	 -7.338596e+03 2.593829e+04 5.344839e+04 	 -6.781420e+02 2.066241e+01 -3.398860e+01 
3.87107       	 -8.025809e+03 2.597195e+04 5.337352e+04 	 -7.346999e+03 2.595130e+04 5.340764e+04 	 -6.788093e+02 2.065139e+01 -3.411762e+01 
3.88949       	 -8.030730e+03 2.599247e+04 5.337698e+04 	 -7.350909e+03 2.597184e+04 5.341125e+04 	 -6.798205e+02 2.062404e+01 -3.426952e+01 
3.90527       	 -8.033907e+03 2.598495e+04 5.334129e+04 	 -7.353253e+03 2.596437e+04 5.337567e+04 	 -6.806542e+02 2.057309e+01 -3.437992e+01 
3.92422       	 -8.039435e+03 2.602665e+04 5.336168e+04 	 -7.357635e+03 2.600610e+04 5.339624e+04 	 -6.818008e+02 2.054932e+01 -3.456615e+01 
3.94316       	 -8.039114e+03 2.601494e+04 5.337541e+04 	 -7.356135e+03 2.599438e+04 5.341014e+04 	 -6.829787e+02 2.055193e+01 -3.473175e+01 
3.96211       	 -8.043266e+03 2.602741e+04 5.339414e+04 	 -7.359026e+03 2.600687e+04 5.342907e+04 	 -6.842409e+02 2.053551e+01 -3.493097e+01 
3.98105       	 -8.047014e+03 2.602235e+04 5.336728e+04 	 -7.361932e+03 2.600183e+04 5.340233e+04 	 -6.850821e+02 2.051428e+01 -3.505388e+01 
4             	 -8.051349e+03 2.601796e+04 5.336176e+04 	 -7.365450e+03 2.599748e+04 5.339698e+04 	 -6.858993e+02 2.048311e+01 -3.522544e+01 
4.01538       	 -8.055686e+03 2.596032e+04 5.334415e+04 	 -7.369341e+03 2.593989e+04 5.337946e+04 	 -6.863453e+02 2.043492e+01 -3.531175e+01 
4.02945       	 -8.058239e+03 2.591874e+04 5.334176e+04 	 -7.371389e+03 2.589835e+04 5.337716e+04 	 -6.868499e+02 2.038899e+01 -3.539589e+01 
4.04352       	 -8.060216e+03 2.592641e+04 5.334009e+04 	 -7.372864e+03 2.590606e+04 5.337557e+04 	 -6.873515e+02 2.034390e+01 -3.547668e+01 
4.05801       	 -8.060522e+03 2.592456e+04 5.336491e+04 	 -7.372695e+03 2.590417e+04 5.340043e+04 	 -6.878264e+02 2.039608e+01 -3.551255e+01 
4.0732        	 -8.061397e+03 2.592698e+04 5.339166e+04 	 -7.372855e+03 2.590658e+04 5.342721e+04 	 -6.885420e+02 2.040292e+01 -3.555300e+01 
4.08724       	 -8.067250e+03 2.592107e+04 5.340094e+04 	 -7.378285e+03 2.590059e+04 5.343651e+04 	 -6.889644e+02 2.048136e+01 -3.556931e+01 
4.10221       	 -8.070883e+03 2.595048e+04 5.342247e+04 	 -7.381369e+03 2.592990e+04 5.345803e+04 	 -6.895140e+02 2.057467e+01 -3.555748e+01 
4.11624       	 -8.073017e+03 2.596098e+04 5.343568e+04 	 -7.383204e+03 2.594028e+04 5.347124e+04 	 -6.898129e+02 2.070239e+01 -3.555880e+01 
4.13174       	 -8.076427e+03 2.599812e+04 5.347892e+04 	 -7.386187e+03 2.597729e+04 5.351450e+04 	 -6.902407e+02 2.083066e+01 -3.558056e+01 
4.14531       	 -8.075873e+03 2.596206e+04 5.349803e+04 	 -7.385333e+03 2.594110e+04 5.353365e+04 	 -6.905405e+02 2.096055e+01 -3.562288e+01 
4.1603        	 -8.081467e+03 2.598218e+04 5.353780e+04 	 -7.390681e+03 2.596106e+04 5.357341e+04 	 -6.907860e+02 2.111704e+01 -3.561537e+01 
4.17363       	 -8.079143e+03 2.602427e+04 5.354080e+04 	 -7.388177e+03 2.600298e+04 5.357643e+04 	 -6.909659e+02 2.129365e+01 -3.563409e+01 
4.18764       	 -8.086108e+03 2.604602e+04 5.355780e+04 	 -7.394942e+03 2.602456e+04 5.359339e+04 	 -6.911656e+02 2.146710e+01 -3.559284e+01 
4.20074       	 -8.083521e+03 2.605494e+04 5.355683e+04 	 -7.392222e+03 2.603324e+04 5.359241e+04 	 -6.912995e+02 2.169787e+01 -3.557962e+01 
4.21476       	 -8.085869e+03 2.607416e+04 5.357028e+04 	 -7.394364e+03 2.605226e+04 5.360584e+04 	 -6.915042e+02 2.190229e+01 -3.555494e+01 
4.22723       	 -8.081494e+03 2.608652e+04 5.353856e+04 	 -7.389988e+03 2.606436e+04 5.357406e+04 	 -6.915054e+02 2.215996e+01 -3.549556e+01 
4.24102       	 -8.080527e+03 2.610028e+04 5.357047e+04 	 -7.388920e+03 2.607788e+04 5.360592e+04 	 -6.916075e+02 2.240334e+01 -3.544673e+01 
4.25411       	 -8.080401e+03 2.611747e+04 5.354307e+04 	 -7.388942e+03 2.609474e+04 5.357843e+04 	 -6.914591e+02 2.272776e+01 -3.536650e+01 
4.26874       	 -8.083821e+03 2.615332e+04 5.356679e+04 	 -7.392477e+03 2.613033e+04 5.360210e+04 	 -6.913432e+02 2.299028e+01 -3.530712e+01 
4.28429       	 -8.076403e+03 2.620672e+04 5.354106e+04 	 -7.385274e+03 2.618337e+04 5.357633e+04 	 -6.911288e+02 2.334654e+01 -3.526766e+01 
4.29985       	 -8.081081e+03 2.620678e+04 5.354494e+04 	 -7.390292e+03 2.618313e+04 5.358010e+04 	 -6.907884e+02 2.364593e+01 -3.515672e+01 
4.31258       	 -8.079720e+03 2.618379e+04 5.349967e+04 	 -7.389307e+03 2.615988e+04 5.353475e+04 	 -6.904130e+02 2.390580e+01 -3.508705e+01 
4.3269        	 -8.084164e+03 2.621615e+04 5.351310e+04 	 -7.394156e+03 2.619202e+04 5.354811e+04 	 -6.900085e+02 2.412610e+01 -3.501396e+01 
4.34093       	 -8.084980e+03 2.622876e+04 5.350886e+04 	 -7.395549e+03 2.620439e+04 5.354379e+04 	 -6.894301e+02 2.436710e+01 -3.492247e+01 
4.35662       	 -8.083923e+03 2.624206e+04 5.352593e+04 	 -7.395114e+03 2.621749e+04 5.356078e+04 	 -6.888084e+02 2.456165e+01 -3.485069e+01 
4.37194       	 -8.081713e+03 2.621760e+04 5.350674e+04 	 -7.393624e+03 2.619286e+04 5.354151e+04 	 -6.880888e+02 2.473604e+01 -3.477496e+01 
4.38726       	 -8.080650e+03 2.624125e+04 5.348434e+04 	 -7.393426e+03 2.621634e+04 5.351901e+04 	 -6.872241e+02 2.491583e+01 -3.467573e+01 
4.40382       	 -8.076183e+03 2.620090e+04 5.347930e+04 	 -7.389749e+03 2.617588e+04 5.351393e+04 	 -6.864339e+02 2.501597e+01 -3.462823e+01 
4.41872       	 -8.080902e+03 2.618227e+04 5.343337e+04 	 -7.395309e+03 2.615718e+04 5.346790e+04 	 -6.855932e+02 2.509514e+01 -3.452633e+01 
4.43533       	 -8.077328e+03 2.620640e+04 5.344617e+04 	 -7.392577e+03 2.618125e+04 5.348060e+04 	 -6.847503e+02 2.514400e+01 -3.443032e+01 
4.45146       	 -8.070458e+03 2.619379e+04 5.343111e+04 	 -7.386601e+03 2.616861e+04 5.346545e+04 	 -6.838567e+02 2.517210e+01 -3.433577e+01 
4.46861       	 -8.070731e+03 2.618382e+04 5.344510e+04 	 -7.387817e+03 2.615865e+04 5.347936e+04 	 -6.829141e+02 2.517050e+01 -3.425840e+01 
4.48521       	 -8.067519e+03 2.614925e+04 5.342632e+04 	 -7.385352e+03 2.612411e+04 5.346053e+04 	 -6.821669e+02 2.514353e+01 -3.420610e+01 
4.50237       	 -8.066614e+03 2.616128e+04 5.340206e+04 	 -7.385280e+03 2.613618e+04 5.343623e+04 	 -6.813341e+02 2.509695e+01 -3.417012e+01 
4.51953       	 -8.064237e+03 2.616458e+04 5.338359e+04 	 -7.383803e+03 2.613950e+04 5.341769e+04 	 -6.804343e+02 2.507535e+01 -3.409639e+01 
4.53669       	 -8.068423e+03 2.613277e+04 5.337568e+04 	 -7.388820e+03 2.610777e+04 5.340974e+04 	 -6.796028e+02 2.500573e+01 -3.405723e+01 
4.55451       	 -8.065117e+03 2.613188e+04 5.338993e+04 	 -7.386405e+03 2.610692e+04 5.342391e+04 	 -6.787122e+02 2.496088e+01 -3.398268e+01 
4.56987       	 -8.065192e+03 2.610998e+04 5.335200e+04 	 -7.387267e+03 2.608510e+04 5.338589e+04 	 -6.779248e+02 2.488162e+01 -3.389878e+01 
4.58523       	 -8.060602e+03 2.611695e+04 5.336187e+04 	 -7.383518e+03 2.609214e+04 5.339567e+04 	 -6.770846e+02 2.480050e+01 -3.379877e+01 
4.60059       	 -8.062317e+03 2.612402e+04 5.335141e+04 	 -7.386045e+03 2.609930e+04 5.338511e+04 	 -6.762724e+02 2.472717e+01 -3.369905e+01 
4.61348       	 -8.055789e+03 2.606770e+04 5.332389e+04 	 -7.380240e+03 2.604308e+04 5.335754e+04 	 -6.755490e+02 2.462643e+01 -3.364651e+01 
4.62779       	 -8.058214e+03 2.614255e+04 5.337618e+04 	 -7.383340e+03 2.611801e+04 5.340980e+04 	 -6.748742e+02 2.453692e+01 -3.361228e+01 
4.64211       	 -8.051269e+03 2.614752e+04 5.339134e+04 	 -7.376986e+03 2.612309e+04 5.342496e+04 	 -6.742827e+02 2.442865e+01 -3.361379e+01 
4.65838       	 -8.049284e+03 2.619631e+04 5.342942e+04 	 -7.375715e+03 2.617200e+04 5.346302e+04 	 -6.735696e+02 2.430669e+01 -3.359904e+01 
4.67261       	 -8.045039e+03 2.614797e+04 5.339940e+04 	 -7.372119e+03 2.612378e+04 5.343302e+04 	 -6.729195e+02 2.419886e+01 -3.361975e+01 
4.6882        	 -8.046050e+03 2.620544e+04 5.344022e+04 	 -7.373802e+03 2.618136e+04 5.347382e+04 	 -6.722482e+02 2.407897e+01 -3.360449e+01 
4.70305       	 -8.044482e+03 2.621840e+04 5.344387e+04 	 -7.372850e+03 2.619444e+04 5.347750e+04 	 -6.716319e+02 2.396110e+01 -3.362846e+01 
4.71868       	 -8.039327e+03 2.624635e+04 5.345548e+04 	 -7.368306e+03 2.622254e+04 5.348908e+04 	 -6.710203e+02 2.381126e+01 -3.359251e+01 
4.73207       	 -8.037614e+03 2.620706e+04 5.342032e+04 	 -7.367178e+03 2.618337e+04 5.345394e+04 	 -6.704357e+02 2.368699e+01 -3.361459e+01 
4.74696       	 -8.036473e+03 2.622161e+04 5.345539e+04 	 -7.366722e+03 2.619808e+04 5.348892e+04 	 -6.697513e+02 2.353363e+01 -3.352565e+01 
4.75961       	 -8.033162e+03 2.620502e+04 5.340564e+04 	 -7.364077e+03 2.618161e+04 5.343916e+04 	 -6.690852e+02 2.341158e+01 -3.351850e+01 
4.77375       	 -8.032325e+03 2.622517e+04 5.341181e+04 	 -7.363920e+03 2.620195e+04 5.344526e+04 	 -6.684050e+02 2.322457e+01 -3.345280e+01 
4.78706       	 -8.029310e+03 2.618201e+04 5.341470e+04 	 -7.361580e+03 2.615892e+04 5.344810e+04 	 -6.677298e+02 2.308714e+01 -3.339674e+01 
4.80126       	 -8.026400e+03 2.621370e+04 5.342261e+04 	 -7.359418e+03 2.619082e+04 5.345596e+04 	 -6.669818e+02 2.288687e+01 -3.334813e+01 
4.81545       	 -8.026468e+03 2.619611e+04 5.342307e+04 	 -7.360314e+03 2.617338e+04 5.345636e+04 	 -6.661541e+02 2.273574e+01 -3.329347e+01 
4.83083       	 -8.027076e+03 2.625141e+04 5.342561e+04 	 -7.361704e+03 2.622889e+04 5.345887e+04 	 -6.653724e+02 2.252142e+01 -3.326291e+01 
4.84493       	 -8.030381e+03 2.620035e+04 5.341045e+04 	 -7.365831e+03 2.617799e+04 5.344367e+04 	 -6.645498e+02 2.235563e+01 -3.321579e+01 
4.86044       	 -8.029402e+03 2.620076e+04 5.342392e+04 	 -7.365630e+03 2.617864e+04 5.345710e+04 	 -6.637719e+02 2.212187e+01 -3.317813e+01 
4.87594       	 -8.031705e+03 2.624641e+04 5.342390e+04 	 -7.368804e+03 2.622446e+04 5.345704e+04 	 -6.629014e+02 2.194695e+01 -3.313519e+01 
4.89367       	 -8.033355e+03 2.624991e+04 5.344463e+04 	 -7.371313e+03 2.622820e+04 5.347776e+04 	 -6.620421e+02 2.171498e+01 -3.313176e+01 
4.91139       	 -8.031645e+03 2.626268e+04 5.345000e+04 	 -7.370496e+03 2.624116e+04 5.348307e+04 	 -6.611491e+02 2.151924e+01 -3.306786e+01 
4.92911       	 -8.033354e+03 2.621965e+04 5.345006e+04 	 -7.373099e+03 2.619837e+04 5.348310e+04 	 -6.602554e+02 2.127582e+01 -3.304205e+01 
4.94683       	 -8.038484e+03 2.623113e+04 5.343080e+04 	 -7.379147e+03 2.621010e+04 5.346385e+04 	 -6.593365e+02 2.103647e+01 -3.304486e+01 
4.96456       	 -8.029126e+03 2.621892e+04 5.344749e+04 	 -7.370549e+03 2.619814e+04 5.348055e+04 	 -6.585774e+02 2.077693e+01 -3.305699e+01 
4.98228       	 -8.035527e+03 2.621852e+04 5.343035e+04 	 -7.377653e+03 2.619797e+04 5.346342e+04 	 -6.578738e+02 2.055422e+01 -3.306292e+01 
5             	 -8.031671e+03 2.621798e+04 5.342704e+04 	 -7.374448e+03 2.619765e+04 5.346009e+04 	 -6.572225e+02 2.032908e+01 -3.305124e+01 
5.01667       	 -8.033005e+03 2.620400e+04 5.342993e+04 	 -7.376301e+03 2.618393e+04 5.346301e+04 	 -6.567040e+02 2.006898e+01 -3.308494e+01 
5.03392       	 -8.032350e+03 2.621015e+04 5.344981e+04 	 -7.376182e+03 2.619031e+04 5.348290e+04 	 -6.561680e+02 1.983977e+01 -3.308330e+01 
5.05117       	 -8.033801e+03 2.622987e+04 5.340191e+04 	 -7.377764e+03 2.621028e+04 5.343504e+04 	 -6.560375e+02 1.958797e+01 -3.313013e+01 
5.06874       	 -8.031945e+03 2.618375e+04 5.342999e+04 	 -7.375944e+03 2.616440e+04 5.346313e+04 	 -6.560003e+02 1.935450e+01 -3.314735e+01 
5.0848        	 -8.038150e+03 2.616964e+04 5.338843e+04 	 -7.382195e+03 2.615050e+04 5.342161e+04 	 -6.559548e+02 1.914170e+01 -3.318489e+01 
5.1024        	 -8.034556e+03 2.620451e+04 5.340921e+04 	 -7.378519e+03 2.618558e+04 5.344250e+04 	 -6.560372e+02 1.893114e+01 -3.329571e+01 
5.11814       	 -8.039415e+03 2.611917e+04 5.337701e+04 	 -7.383400e+03 2.610043e+04 5.341034e+04 	 -6.560152e+02 1.873993e+01 -3.332682e+01 
5.1351        	 -8.035257e+03 2.615070e+04 5.338160e+04 	 -7.379151e+03 2.613218e+04 5.341500e+04 	 -6.561058e+02 1.852288e+01 -3.339525e+01 
5.15112       	 -8.042512e+03 2.610879e+04 5.336266e+04 	 -7.386350e+03 2.609048e+04 5.339608e+04 	 -6.561629e+02 1.831294e+01 -3.341553e+01 
5.16776       	 -8.035047e+03 2.613813e+04 5.336482e+04 	 -7.378656e+03 2.612003e+04 5.339832e+04 	 -6.563910e+02 1.809491e+01 -3.350361e+01 
5.18441       	 -8.042326e+03 2.613326e+04 5.336483e+04 	 -7.385722e+03 2.611537e+04 5.339843e+04 	 -6.566037e+02 1.788787e+01 -3.359767e+01 
5.20105       	 -8.039575e+03 2.612350e+04 5.335413e+04 	 -7.382795e+03 2.610578e+04 5.338782e+04 	 -6.567801e+02 1.771973e+01 -3.368338e+01 
5.2177        	 -8.044118e+03 2.611701e+04 5.333253e+04 	 -7.387118e+03 2.609946e+04 5.336629e+04 	 -6.569996e+02 1.754075e+01 -3.376802e+01 
5.2347        	 -8.044297e+03 2.615182e+04 5.334327e+04 	 -7.387018e+03 2.613445e+04 5.337716e+04 	 -6.572792e+02 1.737222e+01 -3.388287e+01 
5.25065       	 -8.042752e+03 2.610257e+04 5.332043e+04 	 -7.385294e+03 2.608533e+04 5.335440e+04 	 -6.574580e+02 1.724468e+01 -3.396933e+01 
5.2673        	 -8.041875e+03 2.610497e+04 5.334184e+04 	 -7.384030e+03 2.608785e+04 5.337593e+04 	 -6.578454e+02 1.711845e+01 -3.409696e+01 
5.28358       	 -8.041433e+03 2.615290e+04 5.334637e+04 	 -7.383128e+03 2.613586e+04 5.338053e+04 	 -6.583047e+02 1.703936e+01 -3.416518e+01 
5.30024       	 -8.041739e+03 2.617792e+04 5.336314e+04 	 -7.382617e+03 2.616097e+04 5.339743e+04 	 -6.591216e+02 1.694779e+01 -3.429194e+01 
5.31424       	 -8.042477e+03 2.610379e+04 5.329464e+04 	 -7.382683e+03 2.608693e+04 5.332898e+04 	 -6.597942e+02 1.685597e+01 -3.434695e+01 
5.32853       	 -8.045824e+03 2.615193e+04 5.327857e+04 	 -7.385266e+03 2.613519e+04 5.331299e+04 	 -6.605588e+02 1.674643e+01 -3.441861e+01 
5.3412        	 -8.041166e+03 2.606796e+04 5.323444e+04 	 -7.379995e+03 2.605127e+04 5.326893e+04 	 -6.611714e+02 1.668885e+01 -3.448676e+01 
5.35386       	 -8.036424e+03 2.603938e+04 5.323357e+04 	 -7.374602e+03 2.602279e+04 5.326813e+04 	 -6.618223e+02 1.658759e+01 -3.455330e+01 
5.36679       	 -8.039754e+03 2.604567e+04 5.324672e+04 	 -7.377348e+03 2.602911e+04 5.328131e+04 	 -6.624054e+02 1.656603e+01 -3.459718e+01 
5.37945       	 -8.034895e+03 2.607746e+04 5.321672e+04 	 -7.371880e+03 2.606094e+04 5.325134e+04 	 -6.630155e+02 1.652337e+01 -3.461682e+01 
5.39355       	 -8.035292e+03 2.610975e+04 5.326507e+04 	 -7.371548e+03 2.609322e+04 5.329975e+04 	 -6.637441e+02 1.652478e+01 -3.467254e+01 
5.40799       	 -8.032105e+03 2.610722e+04 5.326849e+04 	 -7.367753e+03 2.609063e+04 5.330317e+04 	 -6.643524e+02 1.658366e+01 -3.468290e+01 
5.42209       	 -8.034810e+03 2.608982e+04 5.325208e+04 	 -7.369859e+03 2.607320e+04 5.328683e+04 	 -6.649512e+02 1.661446e+01 -3.474798e+01 
5.43654       	 -8.031616e+03 2.608261e+04 5.324330e+04 	 -7.366315e+03 2.606591e+04 5.327808e+04 	 -6.653018e+02 1.669953e+01 -3.477127e+01 
5.45177       	 -8.037459e+03 2.608524e+04 5.324293e+04 	 -7.371691e+03 2.606843e+04 5.327775e+04 	 -6.657674e+02 1.680454e+01 -3.482729e+01 
5.46658       	 -8.035913e+03 2.607575e+04 5.321916e+04 	 -7.369756e+03 2.605885e+04 5.325403e+04 	 -6.661572e+02 1.690393e+01 -3.487728e+01 
5.48227       	 -8.037840e+03 2.609936e+04 5.322582e+04 	 -7.371018e+03 2.608239e+04 5.326070e+04 	 -6.668212e+02 1.697301e+01 -3.487489e+01 
5.49953       	 -8.037708e+03 2.612788e+04 5.324493e+04 	 -7.369938e+03 2.611085e+04 5.327982e+04 	 -6.677702e+02 1.702905e+01 -3.489874e+01 
5.51517       	 -8.039454e+03 2.605633e+04 5.318150e+04 	 -7.370961e+03 2.603927e+04 5.321644e+04 	 -6.684926e+02 1.706127e+01 -3.494889e+01 
5.53248       	 -8.040046e+03 2.612494e+04 5.324681e+04 	 -7.370776e+03 2.610781e+04 5.328183e+04 	 -6.692702e+02 1.713357e+01 -3.502624e+01 
5.54861       	 -8.041287e+03 2.607876e+04 5.323812e+04 	 -7.371398e+03 2.606159e+04 5.327327e+04 	 -6.698898e+02 1.716918e+01 -3.515008e+01 
5.56473       	 -8.044027e+03 2.608490e+04 5.323607e+04 	 -7.373507e+03 2.606772e+04 5.327137e+04 	 -6.705200e+02 1.718185e+01 -3.530437e+01 
5.58147       	 -8.053538e+03 2.608386e+04 5.327877e+04 	 -7.382314e+03 2.606661e+04 5.331414e+04 	 -6.712237e+02 1.725165e+01 -3.537135e+01 
5.59415       	 -8.048891e+03 2.602706e+04 5.322579e+04 	 -7.377385e+03 2.600981e+04 5.326124e+04 	 -6.715061e+02 1.725331e+01 -3.545326e+01 
5.60815       	 -8.056775e+03 2.606254e+04 5.326286e+04 	 -7.384663e+03 2.604530e+04 5.329835e+04 	 -6.721118e+02 1.724208e+01 -3.548773e+01 
5.62002       	 -8.050971e+03 2.598241e+04 5.322773e+04 	 -7.378545e+03 2.596513e+04 5.326324e+04 	 -6.724259e+02 1.727948e+01 -3.551189e+01 
5.63312       	 -8.057413e+03 2.601040e+04 5.324682e+04 	 -7.384383e+03 2.599313e+04 5.328233e+04 	 -6.730300e+02 1.726696e+01 -3.551107e+01 
5.64577       	 -8.051601e+03 2.599945e+04 5.323898e+04 	 -7.378115e+03 2.598216e+04 5.327448e+04 	 -6.734853e+02 1.728637e+01 -3.549985e+01 
5.65994       	 -8.056046e+03 2.604227e+04 5.326422e+04 	 -7.381786e+03 2.602504e+04 5.329971e+04 	 -6.742607e+02 1.722599e+01 -3.549441e+01 
5.67167       	 -8.048697e+03 2.598303e+04 5.323601e+04 	 -7.374000e+03 2.596579e+04 5.327146e+04 	 -6.746971e+02 1.724129e+01 -3.545447e+01 
5.6848        	 -8.051545e+03 2.605674e+04 5.325308e+04 	 -7.376105e+03 2.603957e+04 5.328854e+04 	 -6.754407e+02 1.717329e+01 -3.545521e+01 
5.69741       	 -8.049669e+03 2.604376e+04 5.324831e+04 	 -7.373702e+03 2.602658e+04 5.328375e+04 	 -6.759667e+02 1.717664e+01 -3.543502e+01 
5.71182       	 -8.051205e+03 2.607378e+04 5.327221e+04 	 -7.374591e+03 2.605666e+04 5.330759e+04 	 -6.766147e+02 1.711788e+01 -3.538271e+01 
5.72699       	 -8.049538e+03 2.607063e+04 5.328031e+04 	 -7.372344e+03 2.605355e+04 5.331560e+04 	 -6.771939e+02 1.708721e+01 -3.529857e+01 
5.74405       	 -8.058439e+03 2.612605e+04 5.327964e+04 	 -7.380414e+03 2.610904e+04 5.331491e+04 	 -6.780258e+02 1.701067e+01 -3.526537e+01 
5.76111       	 -8.057434e+03 2.611674e+04 5.326736e+04 	 -7.378699e+03 2.609977e+04 5.330253e+04 	 -6.787345e+02 1.696728e+01 -3.516820e+01 
5.77704       	 -8.065566e+03 2.610218e+04 5.325412e+04 	 -7.386294e+03 2.608528e+04 5.328917e+04 	 -6.792718e+02 1.690177e+01 -3.505572e+01 
5.79296       	 -8.065731e+03 2.612150e+04 5.325272e+04 	 -7.385940e+03 2.610471e+04 5.328769e+04 	 -6.797903e+02 1.678850e+01 -3.497238e+01 
5.80775       	 -8.072543e+03 2.607697e+04 5.322706e+04 	 -7.392519e+03 2.606027e+04 5.326190e+04 	 -6.800235e+02 1.669687e+01 -3.483864e+01 
5.82377       	 -8.074874e+03 2.611364e+04 5.323960e+04 	 -7.394318e+03 2.609712e+04 5.327438e+04 	 -6.805560e+02 1.652278e+01 -3.477967e+01 
5.83846       	 -8.076511e+03 2.607822e+04 5.320697e+04 	 -7.395788e+03 2.606180e+04 5.324165e+04 	 -6.807237e+02 1.641608e+01 -3.467770e+01 
5.85461       	 -8.079153e+03 2.611437e+04 5.322789e+04 	 -7.398328e+03 2.609808e+04 5.326242e+04 	 -6.808246e+02 1.628793e+01 -3.452751e+01 
5.86915       	 -8.075552e+03 2.604635e+04 5.318344e+04 	 -7.394714e+03 2.603019e+04 5.321785e+04 	 -6.808374e+02 1.615989e+01 -3.440901e+01 
5.88551       	 -8.080287e+03 2.610806e+04 5.318295e+04 	 -7.399339e+03 2.609203e+04 5.321721e+04 	 -6.809477e+02 1.603122e+01 -3.426386e+01 
5.89982       	 -8.077093e+03 2.602880e+04 5.314631e+04 	 -7.396234e+03 2.601285e+04 5.318043e+04 	 -6.808583e+02 1.595418e+01 -3.411469e+01 
5.91413       	 -8.077338e+03 2.604286e+04 5.313425e+04 	 -7.396540e+03 2.602700e+04 5.316821e+04 	 -6.807978e+02 1.586267e+01 -3.395605e+01 
5.9264        	 -8.074251e+03 2.599572e+04 5.308830e+04 	 -7.393703e+03 2.597990e+04 5.312210e+04 	 -6.805483e+02 1.582500e+01 -3.379834e+01 
5.94112       	 -8.069987e+03 2.604647e+04 5.310239e+04 	 -7.389455e+03 2.603074e+04 5.313605e+04 	 -6.805322e+02 1.572406e+01 -3.365595e+01 
5.95584       	 -8.072524e+03 2.605487e+04 5.308310e+04 	 -7.392030e+03 2.603920e+04 5.311663e+04 	 -6.804940e+02 1.567162e+01 -3.352527e+01 
5.97056       	 -8.077110e+03 2.606127e+04 5.306954e+04 	 -7.396557e+03 2.604569e+04 5.310294e+04 	 -6.805528e+02 1.557521e+01 -3.339824e+01 
5.98528       	 -8.075485e+03 2.607882e+04 5.307176e+04 	 -7.394919e+03 2.606331e+04 5.310503e+04 	 -6.805658e+02 1.551645e+01 -3.327040e+01 
6             	 -8.074708e+03 2.608037e+04 5.307179e+04 	 -7.394043e+03 2.606494e+04 5.310496e+04 	 -6.806651e+02 1.542622e+01 -3.316708e+01 
