# Moment      
# CofR        : (2.929541e+00 0.000000e+00 2.000000e-01)
#
# Time        	(total_x total_y total_z)	(pressure_x pressure_y pressure_z)	(viscous_x viscous_y viscous_z)
0.000120005   	(-8.303654e+05 -2.582867e+07 1.462674e+07)	(-8.303654e+05 -2.582869e+07 1.462679e+07)	(-2.522416e-02 2.271787e+01 -4.496767e+01)
0.000264017   	(-8.136187e+04 4.975778e+05 -3.401358e+05)	(-8.136190e+04 4.975554e+05 -3.400894e+05)	(3.198365e-02 2.241381e+01 -4.636935e+01)
0.000436833   	(-5.307264e+04 3.833659e+05 -2.154914e+05)	(-5.307269e+04 3.833436e+05 -2.154451e+05)	(4.840811e-02 2.228869e+01 -4.632627e+01)
0.000644211   	(-3.929850e+04 3.163727e+05 -1.624350e+05)	(-3.929856e+04 3.163505e+05 -1.623888e+05)	(5.827169e-02 2.222240e+01 -4.623030e+01)
0.000893055   	(-3.151528e+04 2.765585e+05 -1.368416e+05)	(-3.151534e+04 2.765363e+05 -1.367955e+05)	(6.570807e-02 2.218242e+01 -4.611023e+01)
0.00119165    	(-2.677405e+04 2.523421e+05 -1.223046e+05)	(-2.677412e+04 2.523200e+05 -1.222586e+05)	(7.194584e-02 2.215629e+01 -4.597232e+01)
0.0015499     	(-2.375497e+04 2.367432e+05 -1.133364e+05)	(-2.375505e+04 2.367211e+05 -1.132906e+05)	(7.755992e-02 2.213769e+01 -4.581550e+01)
0.00197972    	(-2.174053e+04 2.264723e+05 -1.076369e+05)	(-2.174061e+04 2.264502e+05 -1.075913e+05)	(8.190471e-02 2.211735e+01 -4.563860e+01)
0.00249549    	(-2.036642e+04 2.189187e+05 -1.038262e+05)	(-2.036650e+04 2.188966e+05 -1.037808e+05)	(8.399930e-02 2.209186e+01 -4.544254e+01)
0.00311429    	(-1.945953e+04 2.132024e+05 -1.011583e+05)	(-1.945962e+04 2.131804e+05 -1.011131e+05)	(8.348755e-02 2.206541e+01 -4.522795e+01)
0.00385657    	(-1.884708e+04 2.092477e+05 -9.935304e+04)	(-1.884716e+04 2.092257e+05 -9.930804e+04)	(8.021573e-02 2.203666e+01 -4.499609e+01)
0.00474757    	(-1.845153e+04 2.065914e+05 -9.815663e+04)	(-1.845161e+04 2.065694e+05 -9.811188e+04)	(7.467757e-02 2.199584e+01 -4.474851e+01)
0.00581659    	(-1.818329e+04 2.050376e+05 -9.755541e+04)	(-1.818336e+04 2.050157e+05 -9.751093e+04)	(6.737033e-02 2.193864e+01 -4.448602e+01)
0.00709941    	(-1.800744e+04 2.045892e+05 -9.756499e+04)	(-1.800750e+04 2.045673e+05 -9.752077e+04)	(5.864948e-02 2.185276e+01 -4.421101e+01)
0.00863879    	(-1.792916e+04 2.052051e+05 -9.806807e+04)	(-1.792921e+04 2.051833e+05 -9.802414e+04)	(4.910901e-02 2.172566e+01 -4.393076e+01)
0.0104849     	(-1.791466e+04 2.067326e+05 -9.913392e+04)	(-1.791470e+04 2.067110e+05 -9.909027e+04)	(3.903283e-02 2.155211e+01 -4.365520e+01)
0.0126986     	(-1.797663e+04 2.094886e+05 -1.007369e+05)	(-1.797666e+04 2.094672e+05 -1.006935e+05)	(2.909330e-02 2.133521e+01 -4.339843e+01)
0.0153526     	(-1.809034e+04 2.136172e+05 -1.029810e+05)	(-1.809036e+04 2.135962e+05 -1.029378e+05)	(1.943498e-02 2.106203e+01 -4.317989e+01)
0.0185392     	(-1.823468e+04 2.182773e+05 -1.054717e+05)	(-1.823469e+04 2.182565e+05 -1.054287e+05)	(9.000406e-03 2.080008e+01 -4.302361e+01)
0.0223581     	(-1.840053e+04 2.232206e+05 -1.080978e+05)	(-1.840053e+04 2.232000e+05 -1.080549e+05)	(-3.582447e-03 2.059220e+01 -4.295506e+01)
0.026948      	(-1.856847e+04 2.282122e+05 -1.107447e+05)	(-1.856845e+04 2.281918e+05 -1.107017e+05)	(-2.122000e-02 2.042973e+01 -4.300556e+01)
0.0324454     	(-1.873216e+04 2.330014e+05 -1.132090e+05)	(-1.873212e+04 2.329811e+05 -1.131658e+05)	(-4.400907e-02 2.034362e+01 -4.319654e+01)
0.0390274     	(-1.888825e+04 2.371311e+05 -1.152548e+05)	(-1.888819e+04 2.371107e+05 -1.152113e+05)	(-6.603923e-02 2.035430e+01 -4.354588e+01)
0.0467772     	(-1.901357e+04 2.403599e+05 -1.167486e+05)	(-1.901348e+04 2.403395e+05 -1.167045e+05)	(-8.977909e-02 2.047406e+01 -4.407231e+01)
0.0557699     	(-1.914256e+04 2.431373e+05 -1.178641e+05)	(-1.914246e+04 2.431165e+05 -1.178193e+05)	(-9.857635e-02 2.083549e+01 -4.473371e+01)
0.0660332     	(-1.927138e+04 2.452016e+05 -1.184287e+05)	(-1.927131e+04 2.451801e+05 -1.183831e+05)	(-6.889818e-02 2.149897e+01 -4.551622e+01)
0.0778556     	(-1.933178e+04 2.462047e+05 -1.184749e+05)	(-1.933177e+04 2.461822e+05 -1.184285e+05)	(-2.805589e-03 2.246025e+01 -4.646083e+01)
0.0914166     	(-1.935458e+04 2.465152e+05 -1.179923e+05)	(-1.935467e+04 2.464915e+05 -1.179447e+05)	(9.110740e-02 2.370996e+01 -4.764730e+01)
0.106816      	(-1.933576e+04 2.459901e+05 -1.171436e+05)	(-1.933597e+04 2.459648e+05 -1.170944e+05)	(2.098212e-01 2.525099e+01 -4.917260e+01)
0.123993      	(-1.931220e+04 2.441045e+05 -1.156675e+05)	(-1.931255e+04 2.440773e+05 -1.156164e+05)	(3.523128e-01 2.713832e+01 -5.115669e+01)
0.143037      	(-1.925262e+04 2.409938e+05 -1.138054e+05)	(-1.925314e+04 2.409643e+05 -1.137516e+05)	(5.237522e-01 2.949484e+01 -5.380734e+01)
0.164461      	(-1.916794e+04 2.371601e+05 -1.116785e+05)	(-1.916868e+04 2.371274e+05 -1.116210e+05)	(7.354657e-01 3.264162e+01 -5.747258e+01)
0.188333      	(-1.904270e+04 2.333296e+05 -1.095839e+05)	(-1.904370e+04 2.332926e+05 -1.095213e+05)	(9.967425e-01 3.702543e+01 -6.263145e+01)
0.213698      	(-1.889862e+04 2.301818e+05 -1.078251e+05)	(-1.889991e+04 2.301387e+05 -1.077554e+05)	(1.292545e+00 4.316980e+01 -6.977300e+01)
0.240812      	(-1.871678e+04 2.273047e+05 -1.060270e+05)	(-1.871842e+04 2.272525e+05 -1.059472e+05)	(1.636702e+00 5.213818e+01 -7.975250e+01)
0.266991      	(-1.854865e+04 2.250127e+05 -1.044402e+05)	(-1.855066e+04 2.249490e+05 -1.043476e+05)	(2.017261e+00 6.376825e+01 -9.251298e+01)
0.292267      	(-1.837202e+04 2.228849e+05 -1.029602e+05)	(-1.837450e+04 2.228066e+05 -1.028517e+05)	(2.475715e+00 7.830203e+01 -1.084051e+02)
0.316671      	(-1.819823e+04 2.208466e+05 -1.014865e+05)	(-1.820125e+04 2.207515e+05 -1.013591e+05)	(3.022692e+00 9.512410e+01 -1.273730e+02)
0.341076      	(-1.803021e+04 2.187584e+05 -9.998492e+04)	(-1.803389e+04 2.186441e+05 -9.983541e+04)	(3.672938e+00 1.142890e+02 -1.495107e+02)
0.364609      	(-1.788188e+04 2.168257e+05 -9.861647e+04)	(-1.788628e+04 2.166910e+05 -9.844288e+04)	(4.395195e+00 1.346776e+02 -1.735902e+02)
0.387301      	(-1.773994e+04 2.149127e+05 -9.718568e+04)	(-1.774509e+04 2.147573e+05 -9.698695e+04)	(5.150114e+00 1.554171e+02 -1.987261e+02)
0.409994      	(-1.758810e+04 2.128377e+05 -9.568278e+04)	(-1.759402e+04 2.126613e+05 -9.545812e+04)	(5.916819e+00 1.763509e+02 -2.246544e+02)
0.432687      	(-1.740649e+04 2.108521e+05 -9.424245e+04)	(-1.741326e+04 2.106552e+05 -9.399155e+04)	(6.773149e+00 1.968613e+02 -2.509043e+02)
0.454506      	(-1.725811e+04 2.089978e+05 -9.291680e+04)	(-1.726583e+04 2.087819e+05 -9.264098e+04)	(7.721536e+00 2.159109e+02 -2.758222e+02)
0.476326      	(-1.708086e+04 2.069630e+05 -9.145772e+04)	(-1.708956e+04 2.067291e+05 -9.115781e+04)	(8.705954e+00 2.338463e+02 -2.999099e+02)
0.494384      	(-1.690239e+04 2.053601e+05 -9.012429e+04)	(-1.691188e+04 2.051118e+05 -8.980522e+04)	(9.490413e+00 2.483628e+02 -3.190734e+02)
0.512441      	(-1.673670e+04 2.038015e+05 -8.921197e+04)	(-1.674705e+04 2.035396e+05 -8.887540e+04)	(1.035252e+01 2.618541e+02 -3.365713e+02)
0.530499      	(-1.654385e+04 2.020272e+05 -8.797607e+04)	(-1.655520e+04 2.017529e+05 -8.762386e+04)	(1.134591e+01 2.742722e+02 -3.522101e+02)
0.546689      	(-1.637635e+04 2.006114e+05 -8.706024e+04)	(-1.638856e+04 2.003265e+05 -8.669537e+04)	(1.220904e+01 2.848905e+02 -3.648615e+02)
0.564124      	(-1.614910e+04 1.989557e+05 -8.612597e+04)	(-1.616228e+04 1.986605e+05 -8.574932e+04)	(1.318622e+01 2.952744e+02 -3.766437e+02)
0.577332      	(-1.597775e+04 1.977535e+05 -8.515454e+04)	(-1.599169e+04 1.974505e+05 -8.477005e+04)	(1.393600e+01 3.030128e+02 -3.844904e+02)
0.589764      	(-1.575212e+04 1.963959e+05 -8.429206e+04)	(-1.576675e+04 1.960860e+05 -8.390125e+04)	(1.462771e+01 3.098923e+02 -3.908101e+02)
0.600283      	(-1.557969e+04 1.952036e+05 -8.336641e+04)	(-1.559486e+04 1.948880e+05 -8.297052e+04)	(1.517242e+01 3.155951e+02 -3.958899e+02)
0.610801      	(-1.539314e+04 1.941310e+05 -8.286954e+04)	(-1.540889e+04 1.938101e+05 -8.246922e+04)	(1.574740e+01 3.209053e+02 -4.003177e+02)
0.622595      	(-1.517177e+04 1.927576e+05 -8.207427e+04)	(-1.518813e+04 1.924311e+05 -8.166944e+04)	(1.635520e+01 3.264850e+02 -4.048287e+02)
0.634032      	(-1.498812e+04 1.916982e+05 -8.156154e+04)	(-1.500496e+04 1.913664e+05 -8.115313e+04)	(1.683988e+01 3.317674e+02 -4.084077e+02)
0.645468      	(-1.474731e+04 1.903864e+05 -8.075498e+04)	(-1.476458e+04 1.900496e+05 -8.034346e+04)	(1.727106e+01 3.368198e+02 -4.115264e+02)
0.65813       	(-1.451591e+04 1.891805e+05 -8.031244e+04)	(-1.453368e+04 1.888386e+05 -7.989798e+04)	(1.777330e+01 3.418887e+02 -4.144631e+02)
0.672375      	(-1.424075e+04 1.877568e+05 -7.959704e+04)	(-1.425897e+04 1.874095e+05 -7.917990e+04)	(1.822064e+01 3.473106e+02 -4.171433e+02)
0.687976      	(-1.394394e+04 1.862316e+05 -7.890656e+04)	(-1.396249e+04 1.858786e+05 -7.848741e+04)	(1.855165e+01 3.529707e+02 -4.191492e+02)
0.702159      	(-1.365734e+04 1.847874e+05 -7.824192e+04)	(-1.367603e+04 1.844293e+05 -7.782170e+04)	(1.868701e+01 3.581406e+02 -4.202209e+02)
0.716342      	(-1.335400e+04 1.831930e+05 -7.752466e+04)	(-1.337278e+04 1.828301e+05 -7.710379e+04)	(1.877742e+01 3.629571e+02 -4.208734e+02)
0.732101      	(-1.303482e+04 1.815709e+05 -7.694894e+04)	(-1.305360e+04 1.812028e+05 -7.652779e+04)	(1.877306e+01 3.681423e+02 -4.211551e+02)
0.746984      	(-1.273821e+04 1.800015e+05 -7.617975e+04)	(-1.275683e+04 1.796284e+05 -7.575882e+04)	(1.862532e+01 3.730744e+02 -4.209347e+02)
0.758485      	(-1.250500e+04 1.785804e+05 -7.546402e+04)	(-1.252344e+04 1.782037e+05 -7.504372e+04)	(1.843692e+01 3.767495e+02 -4.202914e+02)
0.771196      	(-1.224415e+04 1.770994e+05 -7.484248e+04)	(-1.226237e+04 1.767189e+05 -7.442293e+04)	(1.821757e+01 3.805235e+02 -4.195472e+02)
0.784655      	(-1.203493e+04 1.758125e+05 -7.428694e+04)	(-1.205285e+04 1.754280e+05 -7.386833e+04)	(1.792092e+01 3.844755e+02 -4.186132e+02)
0.798114      	(-1.182880e+04 1.744542e+05 -7.357899e+04)	(-1.184642e+04 1.740661e+05 -7.316134e+04)	(1.762329e+01 3.881122e+02 -4.176479e+02)
0.813644      	(-1.163230e+04 1.731590e+05 -7.308452e+04)	(-1.164958e+04 1.727671e+05 -7.266785e+04)	(1.727788e+01 3.919266e+02 -4.166765e+02)
0.829173      	(-1.146943e+04 1.717375e+05 -7.230052e+04)	(-1.148632e+04 1.713419e+05 -7.188468e+04)	(1.688742e+01 3.956415e+02 -4.158391e+02)
0.843409      	(-1.131817e+04 1.702924e+05 -7.148824e+04)	(-1.133467e+04 1.698934e+05 -7.107323e+04)	(1.649797e+01 3.989418e+02 -4.150131e+02)
0.857645      	(-1.119307e+04 1.688373e+05 -7.081177e+04)	(-1.120918e+04 1.684352e+05 -7.039760e+04)	(1.610689e+01 4.021017e+02 -4.141637e+02)
0.873462      	(-1.106796e+04 1.674426e+05 -7.013958e+04)	(-1.108368e+04 1.670371e+05 -6.972600e+04)	(1.571813e+01 4.055232e+02 -4.135869e+02)
0.889279      	(-1.097808e+04 1.662163e+05 -6.942306e+04)	(-1.099339e+04 1.658073e+05 -6.900984e+04)	(1.531081e+01 4.090284e+02 -4.132241e+02)
0.905096      	(-1.088465e+04 1.647388e+05 -6.861728e+04)	(-1.089960e+04 1.643265e+05 -6.820385e+04)	(1.495530e+01 4.122920e+02 -4.134359e+02)
0.924077      	(-1.081266e+04 1.634000e+05 -6.793898e+04)	(-1.082728e+04 1.629840e+05 -6.752430e+04)	(1.461509e+01 4.160151e+02 -4.146734e+02)
0.943058      	(-1.074019e+04 1.618817e+05 -6.690204e+04)	(-1.075459e+04 1.614621e+05 -6.648555e+04)	(1.439720e+01 4.195589e+02 -4.164834e+02)
0.962039      	(-1.065032e+04 1.601696e+05 -6.584925e+04)	(-1.066463e+04 1.597467e+05 -6.543031e+04)	(1.430722e+01 4.228303e+02 -4.189380e+02)
0.981019      	(-1.058120e+04 1.585977e+05 -6.459948e+04)	(-1.059555e+04 1.581720e+05 -6.417786e+04)	(1.435043e+01 4.257682e+02 -4.216184e+02)
1.001139      	(-1.051851e+04 1.571727e+05 -6.354622e+04)	(-1.053307e+04 1.567442e+05 -6.312151e+04)	(1.455470e+01 4.284893e+02 -4.247013e+02)
1.021268      	(-1.042581e+04 1.556464e+05 -6.243809e+04)	(-1.044068e+04 1.552153e+05 -6.201004e+04)	(1.486937e+01 4.311287e+02 -4.280466e+02)
1.041615      	(-1.034754e+04 1.540009e+05 -6.114309e+04)	(-1.036289e+04 1.535678e+05 -6.071216e+04)	(1.535283e+01 4.331546e+02 -4.309268e+02)
1.061566      	(-1.027737e+04 1.524858e+05 -6.004908e+04)	(-1.029323e+04 1.520508e+05 -5.961576e+04)	(1.586299e+01 4.350231e+02 -4.333130e+02)
1.079147      	(-1.020193e+04 1.509276e+05 -5.864348e+04)	(-1.021841e+04 1.504912e+05 -5.820804e+04)	(1.648017e+01 4.363780e+02 -4.354412e+02)
1.096469      	(-1.012908e+04 1.495667e+05 -5.774695e+04)	(-1.014614e+04 1.491292e+05 -5.731039e+04)	(1.706308e+01 4.375029e+02 -4.365609e+02)
1.113465      	(-1.004351e+04 1.482615e+05 -5.687242e+04)	(-1.006113e+04 1.478229e+05 -5.643487e+04)	(1.761519e+01 4.386628e+02 -4.375485e+02)
1.130642      	(-9.959854e+03 1.470773e+05 -5.611028e+04)	(-9.978095e+03 1.466377e+05 -5.567165e+04)	(1.824030e+01 4.396363e+02 -4.386217e+02)
1.14803       	(-9.859762e+03 1.458273e+05 -5.533084e+04)	(-9.878421e+03 1.453865e+05 -5.489168e+04)	(1.865822e+01 4.407784e+02 -4.391605e+02)
1.162841      	(-9.739019e+03 1.443643e+05 -5.423124e+04)	(-9.758039e+03 1.439228e+05 -5.379147e+04)	(1.901923e+01 4.415003e+02 -4.397691e+02)
1.1779996     	(-9.619779e+03 1.431797e+05 -5.358937e+04)	(-9.639123e+03 1.427376e+05 -5.314874e+04)	(1.934403e+01 4.421164e+02 -4.406318e+02)
1.19139506    	(-9.485899e+03 1.419324e+05 -5.265665e+04)	(-9.505591e+03 1.414901e+05 -5.221493e+04)	(1.969234e+01 4.423108e+02 -4.417231e+02)
1.2069        	(-9.328803e+03 1.407736e+05 -5.214608e+04)	(-9.348816e+03 1.403310e+05 -5.170327e+04)	(2.001313e+01 4.425848e+02 -4.428145e+02)
1.22451       	(-9.169482e+03 1.395742e+05 -5.137113e+04)	(-9.189693e+03 1.391312e+05 -5.092705e+04)	(2.021104e+01 4.430202e+02 -4.440848e+02)
1.24423       	(-8.999386e+03 1.382641e+05 -5.043999e+04)	(-9.019704e+03 1.378205e+05 -4.999426e+04)	(2.031864e+01 4.436024e+02 -4.457236e+02)
1.26488       	(-8.833528e+03 1.367973e+05 -4.946420e+04)	(-8.853896e+03 1.363531e+05 -4.901671e+04)	(2.036800e+01 4.441672e+02 -4.474944e+02)
1.28481       	(-8.678387e+03 1.352514e+05 -4.848584e+04)	(-8.698703e+03 1.348066e+05 -4.803636e+04)	(2.031510e+01 4.448211e+02 -4.494829e+02)
1.30435       	(-8.539484e+03 1.337577e+05 -4.756592e+04)	(-8.559623e+03 1.333121e+05 -4.711462e+04)	(2.013935e+01 4.455432e+02 -4.512969e+02)
1.32328       	(-8.446909e+03 1.324438e+05 -4.680345e+04)	(-8.466724e+03 1.319972e+05 -4.635027e+04)	(1.981502e+01 4.465364e+02 -4.531797e+02)
1.34059       	(-8.374509e+03 1.310859e+05 -4.594249e+04)	(-8.393955e+03 1.306384e+05 -4.548763e+04)	(1.944527e+01 4.474402e+02 -4.548604e+02)
1.357546      	(-8.335738e+03 1.300879e+05 -4.544765e+04)	(-8.354768e+03 1.296394e+05 -4.499134e+04)	(1.902964e+01 4.484721e+02 -4.563088e+02)
1.37407       	(-8.275222e+03 1.288935e+05 -4.484734e+04)	(-8.293872e+03 1.284441e+05 -4.438956e+04)	(1.865069e+01 4.494258e+02 -4.577776e+02)
1.390697      	(-8.267528e+03 1.280428e+05 -4.447366e+04)	(-8.285738e+03 1.275922e+05 -4.401450e+04)	(1.820994e+01 4.505760e+02 -4.591622e+02)
1.40769       	(-8.239030e+03 1.269002e+05 -4.395305e+04)	(-8.256760e+03 1.264484e+05 -4.349245e+04)	(1.772955e+01 4.518222e+02 -4.605957e+02)
1.424761      	(-8.239991e+03 1.260917e+05 -4.362783e+04)	(-8.257289e+03 1.256386e+05 -4.316573e+04)	(1.729790e+01 4.530401e+02 -4.620995e+02)
1.441952      	(-8.219873e+03 1.250271e+05 -4.313779e+04)	(-8.236723e+03 1.245729e+05 -4.267412e+04)	(1.684975e+01 4.541802e+02 -4.636704e+02)
1.458823      	(-8.192948e+03 1.239561e+05 -4.263655e+04)	(-8.209407e+03 1.235010e+05 -4.217152e+04)	(1.645822e+01 4.551287e+02 -4.650295e+02)
1.475341      	(-8.173184e+03 1.229900e+05 -4.222217e+04)	(-8.189330e+03 1.225342e+05 -4.175587e+04)	(1.614668e+01 4.557307e+02 -4.663031e+02)
1.491373      	(-8.135341e+03 1.218420e+05 -4.166600e+04)	(-8.151286e+03 1.213861e+05 -4.119847e+04)	(1.594444e+01 4.559448e+02 -4.675367e+02)
1.507006      	(-8.106732e+03 1.207487e+05 -4.114160e+04)	(-8.122638e+03 1.202931e+05 -4.067293e+04)	(1.590577e+01 4.556446e+02 -4.686720e+02)
1.5221725     	(-8.081474e+03 1.197633e+05 -4.064574e+04)	(-8.097436e+03 1.193085e+05 -4.017598e+04)	(1.596237e+01 4.548898e+02 -4.697634e+02)
1.5369419     	(-8.065906e+03 1.187845e+05 -4.012015e+04)	(-8.081960e+03 1.183305e+05 -3.964935e+04)	(1.605431e+01 4.540029e+02 -4.707998e+02)
1.5521925     	(-8.050168e+03 1.178869e+05 -3.970675e+04)	(-8.066433e+03 1.174342e+05 -3.923489e+04)	(1.626512e+01 4.527301e+02 -4.718584e+02)
1.5672981     	(-8.048675e+03 1.170837e+05 -3.926891e+04)	(-8.065205e+03 1.166327e+05 -3.879631e+04)	(1.652973e+01 4.509908e+02 -4.725965e+02)
1.5823054     	(-8.047703e+03 1.163615e+05 -3.890877e+04)	(-8.064572e+03 1.159126e+05 -3.843585e+04)	(1.686952e+01 4.489528e+02 -4.729146e+02)
1.5973722     	(-8.050887e+03 1.156509e+05 -3.856930e+04)	(-8.068133e+03 1.152041e+05 -3.809629e+04)	(1.724644e+01 4.468546e+02 -4.730036e+02)
1.6125057     	(-8.047089e+03 1.149829e+05 -3.826703e+04)	(-8.064702e+03 1.145383e+05 -3.779434e+04)	(1.761277e+01 4.446489e+02 -4.726881e+02)
1.6285628     	(-8.043367e+03 1.142984e+05 -3.795480e+04)	(-8.061446e+03 1.138562e+05 -3.748270e+04)	(1.807912e+01 4.422022e+02 -4.720946e+02)
1.6464581     	(-8.042617e+03 1.136263e+05 -3.761657e+04)	(-8.061237e+03 1.131868e+05 -3.714573e+04)	(1.862033e+01 4.394627e+02 -4.708344e+02)
1.6640301     	(-8.039189e+03 1.130337e+05 -3.728378e+04)	(-8.058246e+03 1.125968e+05 -3.681447e+04)	(1.905655e+01 4.369259e+02 -4.693125e+02)
1.6804655     	(-8.026812e+03 1.125004e+05 -3.700233e+04)	(-8.046259e+03 1.120658e+05 -3.653464e+04)	(1.944704e+01 4.346173e+02 -4.676952e+02)
1.697718      	(-8.028596e+03 1.119966e+05 -3.676306e+04)	(-8.048396e+03 1.115643e+05 -3.629737e+04)	(1.980008e+01 4.322643e+02 -4.656909e+02)
1.7153459     	(-8.036217e+03 1.116081e+05 -3.656275e+04)	(-8.056316e+03 1.111780e+05 -3.609919e+04)	(2.009888e+01 4.300683e+02 -4.635537e+02)
1.7337764     	(-8.058372e+03 1.113624e+05 -3.641890e+04)	(-8.078707e+03 1.109344e+05 -3.595819e+04)	(2.033507e+01 4.280354e+02 -4.607108e+02)
1.7533631     	(-8.080414e+03 1.111594e+05 -3.626428e+04)	(-8.100908e+03 1.107333e+05 -3.580682e+04)	(2.049364e+01 4.261290e+02 -4.574614e+02)
1.773195      	(-8.092925e+03 1.109449e+05 -3.609544e+04)	(-8.113424e+03 1.105203e+05 -3.564165e+04)	(2.049880e+01 4.245750e+02 -4.537925e+02)
1.7934346     	(-8.111224e+03 1.108114e+05 -3.598881e+04)	(-8.131642e+03 1.103881e+05 -3.553878e+04)	(2.041831e+01 4.232673e+02 -4.500386e+02)
1.8141445     	(-8.135565e+03 1.107318e+05 -3.589565e+04)	(-8.155953e+03 1.103098e+05 -3.544991e+04)	(2.038857e+01 4.219659e+02 -4.457398e+02)
1.8353139     	(-8.136005e+03 1.105801e+05 -3.579280e+04)	(-8.156295e+03 1.101591e+05 -3.535144e+04)	(2.028987e+01 4.209667e+02 -4.413674e+02)
1.8565915     	(-8.139299e+03 1.105310e+05 -3.573113e+04)	(-8.159462e+03 1.101107e+05 -3.529354e+04)	(2.016295e+01 4.202968e+02 -4.375946e+02)
1.87804138    	(-8.147698e+03 1.104812e+05 -3.568948e+04)	(-8.167725e+03 1.100614e+05 -3.525567e+04)	(2.002661e+01 4.197811e+02 -4.338114e+02)
1.89985668    	(-8.149096e+03 1.105166e+05 -3.570513e+04)	(-8.168980e+03 1.100972e+05 -3.527559e+04)	(1.988363e+01 4.194554e+02 -4.295313e+02)
1.92161846    	(-8.143745e+03 1.105456e+05 -3.571307e+04)	(-8.163396e+03 1.101261e+05 -3.528691e+04)	(1.965062e+01 4.195022e+02 -4.261578e+02)
1.94348583    	(-8.127394e+03 1.105583e+05 -3.572667e+04)	(-8.146858e+03 1.101387e+05 -3.530372e+04)	(1.946307e+01 4.195904e+02 -4.229571e+02)
1.96540078    	(-8.116602e+03 1.106331e+05 -3.580075e+04)	(-8.135929e+03 1.102134e+05 -3.538097e+04)	(1.932746e+01 4.196921e+02 -4.197760e+02)
1.98672079    	(-8.093037e+03 1.106767e+05 -3.580820e+04)	(-8.112215e+03 1.102569e+05 -3.539141e+04)	(1.917723e+01 4.198467e+02 -4.167884e+02)
2.0080131     	(-8.072181e+03 1.108258e+05 -3.590647e+04)	(-8.091240e+03 1.104059e+05 -3.549214e+04)	(1.905965e+01 4.199448e+02 -4.143231e+02)
2.02858535    	(-8.044404e+03 1.109261e+05 -3.598472e+04)	(-8.063375e+03 1.105061e+05 -3.557253e+04)	(1.897070e+01 4.200203e+02 -4.121913e+02)
2.04934718    	(-8.017720e+03 1.110764e+05 -3.610773e+04)	(-8.036550e+03 1.106562e+05 -3.569727e+04)	(1.882954e+01 4.201959e+02 -4.104612e+02)
2.07058332    	(-7.995103e+03 1.113093e+05 -3.630789e+04)	(-8.013880e+03 1.108892e+05 -3.589927e+04)	(1.877672e+01 4.201108e+02 -4.086228e+02)
2.09177751    	(-7.974637e+03 1.115822e+05 -3.652047e+04)	(-7.993376e+03 1.111621e+05 -3.611273e+04)	(1.873893e+01 4.200574e+02 -4.077484e+02)
2.11225037    	(-7.945675e+03 1.118478e+05 -3.668866e+04)	(-7.964447e+03 1.114279e+05 -3.628138e+04)	(1.877207e+01 4.198571e+02 -4.072791e+02)
2.13200594    	(-7.931685e+03 1.121762e+05 -3.691833e+04)	(-7.950431e+03 1.117565e+05 -3.651160e+04)	(1.874647e+01 4.197826e+02 -4.067311e+02)
2.15106361    	(-7.912619e+03 1.124530e+05 -3.708738e+04)	(-7.931454e+03 1.120333e+05 -3.668024e+04)	(1.883475e+01 4.197491e+02 -4.071327e+02)
2.1695747     	(-7.891032e+03 1.127558e+05 -3.734229e+04)	(-7.909952e+03 1.123361e+05 -3.693480e+04)	(1.892014e+01 4.197072e+02 -4.074878e+02)
2.18775733    	(-7.871372e+03 1.130858e+05 -3.762314e+04)	(-7.890374e+03 1.126660e+05 -3.721517e+04)	(1.900188e+01 4.197736e+02 -4.079649e+02)
2.20575032    	(-7.846540e+03 1.134943e+05 -3.796670e+04)	(-7.865595e+03 1.130745e+05 -3.755756e+04)	(1.905481e+01 4.198874e+02 -4.091378e+02)
2.22374208    	(-7.831759e+03 1.138818e+05 -3.830160e+04)	(-7.850925e+03 1.134617e+05 -3.789119e+04)	(1.916633e+01 4.200714e+02 -4.104065e+02)
2.24175442    	(-7.814556e+03 1.143036e+05 -3.865861e+04)	(-7.833832e+03 1.138832e+05 -3.824710e+04)	(1.927656e+01 4.203392e+02 -4.115099e+02)
2.2589472     	(-7.796768e+03 1.146721e+05 -3.898987e+04)	(-7.816154e+03 1.142516e+05 -3.857734e+04)	(1.938540e+01 4.205894e+02 -4.125242e+02)
2.276035053   	(-7.777387e+03 1.149544e+05 -3.924414e+04)	(-7.796833e+03 1.145332e+05 -3.882975e+04)	(1.944581e+01 4.211944e+02 -4.143855e+02)
2.293255819   	(-7.766570e+03 1.152660e+05 -3.955612e+04)	(-7.786078e+03 1.148444e+05 -3.913987e+04)	(1.950831e+01 4.216121e+02 -4.162434e+02)
2.310763749   	(-7.755786e+03 1.155653e+05 -3.988994e+04)	(-7.775376e+03 1.151433e+05 -3.947187e+04)	(1.959013e+01 4.220964e+02 -4.180723e+02)
2.328301404   	(-7.741133e+03 1.157759e+05 -4.004257e+04)	(-7.760887e+03 1.153536e+05 -3.962258e+04)	(1.975410e+01 4.223602e+02 -4.199884e+02)
2.34574491    	(-7.734557e+03 1.159744e+05 -4.020808e+04)	(-7.754446e+03 1.155521e+05 -3.978616e+04)	(1.988851e+01 4.223044e+02 -4.219213e+02)
2.363587627   	(-7.734937e+03 1.161829e+05 -4.039224e+04)	(-7.754949e+03 1.157605e+05 -3.996788e+04)	(2.001119e+01 4.224866e+02 -4.243522e+02)
2.381199769   	(-7.732043e+03 1.163151e+05 -4.046720e+04)	(-7.752183e+03 1.158924e+05 -4.004000e+04)	(2.014041e+01 4.227804e+02 -4.272032e+02)
2.39931465    	(-7.733166e+03 1.164593e+05 -4.061335e+04)	(-7.753405e+03 1.160365e+05 -4.018361e+04)	(2.023860e+01 4.228699e+02 -4.297404e+02)
2.417445116   	(-7.742309e+03 1.166066e+05 -4.068495e+04)	(-7.762665e+03 1.161840e+05 -4.025252e+04)	(2.035618e+01 4.226031e+02 -4.324253e+02)
2.435547526   	(-7.745584e+03 1.166712e+05 -4.072024e+04)	(-7.766062e+03 1.162493e+05 -4.028489e+04)	(2.047828e+01 4.218405e+02 -4.353428e+02)
2.4547671692  	(-7.756825e+03 1.168324e+05 -4.082326e+04)	(-7.777495e+03 1.164113e+05 -4.038431e+04)	(2.066999e+01 4.210630e+02 -4.389578e+02)
2.4740728045  	(-7.759215e+03 1.168378e+05 -4.079776e+04)	(-7.780026e+03 1.164172e+05 -4.035540e+04)	(2.081052e+01 4.205683e+02 -4.423563e+02)
2.492043628   	(-7.759940e+03 1.168238e+05 -4.070472e+04)	(-7.780805e+03 1.164037e+05 -4.025954e+04)	(2.086540e+01 4.200018e+02 -4.451872e+02)
2.5103900559  	(-7.764204e+03 1.168255e+05 -4.066786e+04)	(-7.785173e+03 1.164064e+05 -4.021956e+04)	(2.096942e+01 4.190972e+02 -4.482992e+02)
2.5287965326  	(-7.767231e+03 1.167870e+05 -4.060567e+04)	(-7.788366e+03 1.163687e+05 -4.015351e+04)	(2.113468e+01 4.182977e+02 -4.521619e+02)
2.5487275596  	(-7.771386e+03 1.168394e+05 -4.067251e+04)	(-7.792631e+03 1.164219e+05 -4.021662e+04)	(2.124460e+01 4.175543e+02 -4.558967e+02)
2.5691527393  	(-7.765098e+03 1.168147e+05 -4.061727e+04)	(-7.786414e+03 1.163979e+05 -4.015830e+04)	(2.131543e+01 4.168212e+02 -4.589699e+02)
2.5875359568  	(-7.745167e+03 1.166772e+05 -4.039217e+04)	(-7.766584e+03 1.162612e+05 -3.992998e+04)	(2.141767e+01 4.160132e+02 -4.621827e+02)
2.6070694362  	(-7.745389e+03 1.167086e+05 -4.049782e+04)	(-7.767002e+03 1.162935e+05 -4.003152e+04)	(2.161344e+01 4.151335e+02 -4.662931e+02)
2.6261249271  	(-7.739248e+03 1.166477e+05 -4.038098e+04)	(-7.761016e+03 1.162335e+05 -3.991128e+04)	(2.176807e+01 4.142640e+02 -4.696948e+02)
2.64734511272 	(-7.742831e+03 1.166944e+05 -4.042674e+04)	(-7.764713e+03 1.162803e+05 -3.995382e+04)	(2.188161e+01 4.141890e+02 -4.729213e+02)
2.67092777154 	(-7.739116e+03 1.167231e+05 -4.046059e+04)	(-7.761220e+03 1.163097e+05 -3.998362e+04)	(2.210348e+01 4.134705e+02 -4.769744e+02)
2.68929628362 	(-7.706990e+03 1.164586e+05 -4.012697e+04)	(-7.729204e+03 1.160453e+05 -3.964661e+04)	(2.221377e+01 4.132531e+02 -4.803637e+02)
2.70978494631 	(-7.711950e+03 1.165057e+05 -4.024557e+04)	(-7.734314e+03 1.160925e+05 -3.976214e+04)	(2.236414e+01 4.131355e+02 -4.834259e+02)
2.7294043688  	(-7.705682e+03 1.164299e+05 -4.007382e+04)	(-7.728265e+03 1.160171e+05 -3.958762e+04)	(2.258269e+01 4.128321e+02 -4.862003e+02)
2.74981224729 	(-7.711292e+03 1.164263e+05 -4.010787e+04)	(-7.734087e+03 1.160134e+05 -3.961804e+04)	(2.279484e+01 4.129484e+02 -4.898290e+02)
2.770675669   	(-7.714012e+03 1.164877e+05 -4.014075e+04)	(-7.736990e+03 1.160746e+05 -3.964842e+04)	(2.297870e+01 4.130846e+02 -4.923241e+02)
2.79180877066 	(-7.715490e+03 1.164661e+05 -4.007750e+04)	(-7.738700e+03 1.160528e+05 -3.958295e+04)	(2.320927e+01 4.132802e+02 -4.945471e+02)
2.81339818789 	(-7.712443e+03 1.164414e+05 -4.005772e+04)	(-7.735962e+03 1.160277e+05 -3.956018e+04)	(2.351889e+01 4.136274e+02 -4.975451e+02)
2.83437969448 	(-7.718919e+03 1.164714e+05 -4.007987e+04)	(-7.742750e+03 1.160576e+05 -3.958021e+04)	(2.383132e+01 4.138560e+02 -4.996562e+02)
2.856596493425	(-7.727611e+03 1.165201e+05 -4.010823e+04)	(-7.751770e+03 1.161060e+05 -3.960705e+04)	(2.415907e+01 4.141024e+02 -5.011749e+02)
2.877581733133	(-7.728669e+03 1.165390e+05 -4.003990e+04)	(-7.753134e+03 1.161244e+05 -3.953654e+04)	(2.446504e+01 4.145838e+02 -5.033530e+02)
2.898802772233	(-7.734351e+03 1.165773e+05 -4.008214e+04)	(-7.759151e+03 1.161623e+05 -3.957706e+04)	(2.480026e+01 4.150127e+02 -5.050886e+02)
2.921836696978	(-7.745029e+03 1.166056e+05 -4.014395e+04)	(-7.770137e+03 1.161902e+05 -3.963772e+04)	(2.510795e+01 4.153689e+02 -5.062296e+02)
2.942665703693	(-7.739950e+03 1.165030e+05 -4.006292e+04)	(-7.765320e+03 1.160874e+05 -3.955514e+04)	(2.537026e+01 4.156315e+02 -5.077815e+02)
2.963315880184	(-7.739777e+03 1.165100e+05 -4.009639e+04)	(-7.765468e+03 1.160943e+05 -3.958741e+04)	(2.569094e+01 4.157558e+02 -5.089781e+02)
2.984685666967	(-7.744491e+03 1.164858e+05 -4.009302e+04)	(-7.770449e+03 1.160700e+05 -3.958338e+04)	(2.595831e+01 4.158165e+02 -5.096424e+02)
3.00748652284 	(-7.749943e+03 1.165666e+05 -4.015601e+04)	(-7.776174e+03 1.161508e+05 -3.964494e+04)	(2.623156e+01 4.158527e+02 -5.110671e+02)
3.030237984305	(-7.756454e+03 1.165463e+05 -4.019616e+04)	(-7.782965e+03 1.161304e+05 -3.968418e+04)	(2.651150e+01 4.159343e+02 -5.119830e+02)
3.053079720153	(-7.766616e+03 1.165300e+05 -4.022217e+04)	(-7.793315e+03 1.161143e+05 -3.970952e+04)	(2.669941e+01 4.157425e+02 -5.126516e+02)
3.0746990574453	(-7.771343e+03 1.165444e+05 -4.015947e+04)	(-7.798198e+03 1.161289e+05 -3.964535e+04)	(2.685539e+01 4.155399e+02 -5.141239e+02)
3.0963371460382	(-7.783719e+03 1.165766e+05 -4.020631e+04)	(-7.810760e+03 1.161614e+05 -3.969179e+04)	(2.704109e+01 4.151664e+02 -5.145176e+02)
3.1177539505712	(-7.800754e+03 1.165387e+05 -4.019649e+04)	(-7.827862e+03 1.161236e+05 -3.968091e+04)	(2.710790e+01 4.151348e+02 -5.155828e+02)
3.1406776478619	(-7.825615e+03 1.166180e+05 -4.026658e+04)	(-7.852851e+03 1.162031e+05 -3.974972e+04)	(2.723600e+01 4.148689e+02 -5.168606e+02)
3.1631022395594	(-7.851871e+03 1.166744e+05 -4.028652e+04)	(-7.879229e+03 1.162600e+05 -3.976909e+04)	(2.735807e+01 4.143926e+02 -5.174309e+02)
3.1846165222916	(-7.880167e+03 1.167271e+05 -4.027199e+04)	(-7.907660e+03 1.163132e+05 -3.975263e+04)	(2.749320e+01 4.139343e+02 -5.193643e+02)
3.2061004605672	(-7.922634e+03 1.168158e+05 -4.034707e+04)	(-7.950106e+03 1.164019e+05 -3.982636e+04)	(2.747213e+01 4.139423e+02 -5.207074e+02)
3.2288584838155	(-7.955299e+03 1.168873e+05 -4.034864e+04)	(-7.982818e+03 1.164738e+05 -3.982695e+04)	(2.751946e+01 4.135201e+02 -5.216965e+02)
3.2512753447138	(-7.987651e+03 1.169506e+05 -4.036190e+04)	(-8.015263e+03 1.165377e+05 -3.983798e+04)	(2.761128e+01 4.129439e+02 -5.239275e+02)
3.2735139596378	(-8.028046e+03 1.170504e+05 -4.042323e+04)	(-8.055780e+03 1.166378e+05 -3.989813e+04)	(2.773371e+01 4.126331e+02 -5.251032e+02)
3.29555596590724	(-8.059356e+03 1.171898e+05 -4.046609e+04)	(-8.087027e+03 1.167774e+05 -3.993945e+04)	(2.767125e+01 4.123772e+02 -5.266332e+02)
3.31769561807761	(-8.098085e+03 1.172764e+05 -4.051960e+04)	(-8.125736e+03 1.168643e+05 -3.999115e+04)	(2.765077e+01 4.121927e+02 -5.284475e+02)
3.34032956105044	(-8.144078e+03 1.173654e+05 -4.058100e+04)	(-8.171730e+03 1.169535e+05 -4.005159e+04)	(2.765136e+01 4.118838e+02 -5.294069e+02)
3.36270770091181	(-8.178669e+03 1.174646e+05 -4.059050e+04)	(-8.206250e+03 1.170529e+05 -4.005935e+04)	(2.758084e+01 4.116488e+02 -5.311548e+02)
3.38521094702929	(-8.211236e+03 1.175816e+05 -4.063883e+04)	(-8.238841e+03 1.171701e+05 -4.010647e+04)	(2.760439e+01 4.115495e+02 -5.323628e+02)
3.40760223614812	(-8.244552e+03 1.177011e+05 -4.071084e+04)	(-8.272072e+03 1.172896e+05 -4.017727e+04)	(2.752019e+01 4.115056e+02 -5.335758e+02)
3.42998622114456	(-8.273831e+03 1.178110e+05 -4.073461e+04)	(-8.301195e+03 1.173993e+05 -4.020003e+04)	(2.736423e+01 4.116953e+02 -5.345828e+02)
3.45255555030402	(-8.299542e+03 1.178634e+05 -4.077734e+04)	(-8.326905e+03 1.174518e+05 -4.024220e+04)	(2.736306e+01 4.116047e+02 -5.351357e+02)
3.47510784647056	(-8.322633e+03 1.179404e+05 -4.085622e+04)	(-8.349948e+03 1.175289e+05 -4.031918e+04)	(2.731486e+01 4.115444e+02 -5.370428e+02)
3.49765235525254	(-8.328421e+03 1.180022e+05 -4.088260e+04)	(-8.355683e+03 1.175906e+05 -4.034558e+04)	(2.726248e+01 4.115996e+02 -5.370197e+02)
3.520026391656007	(-8.335689e+03 1.180187e+05 -4.089656e+04)	(-8.362939e+03 1.176068e+05 -4.035889e+04)	(2.725031e+01 4.119058e+02 -5.376736e+02)
3.542592895248885	(-8.341594e+03 1.180439e+05 -4.094552e+04)	(-8.368853e+03 1.176318e+05 -4.040712e+04)	(2.725857e+01 4.120927e+02 -5.384073e+02)
3.564086105449971	(-8.346818e+03 1.180179e+05 -4.090251e+04)	(-8.374088e+03 1.176058e+05 -4.036451e+04)	(2.726975e+01 4.120826e+02 -5.379989e+02)
3.586687928553928	(-8.344104e+03 1.179780e+05 -4.093471e+04)	(-8.371496e+03 1.175658e+05 -4.039613e+04)	(2.739220e+01 4.122716e+02 -5.385770e+02)
3.608095800246952	(-8.336040e+03 1.179616e+05 -4.091965e+04)	(-8.363585e+03 1.175493e+05 -4.038142e+04)	(2.754516e+01 4.122858e+02 -5.382308e+02)
3.630643696768971	(-8.331450e+03 1.179530e+05 -4.097066e+04)	(-8.359093e+03 1.175404e+05 -4.043346e+04)	(2.764332e+01 4.125086e+02 -5.371907e+02)
3.652442263973741	(-8.325916e+03 1.178462e+05 -4.092221e+04)	(-8.353590e+03 1.174332e+05 -4.038492e+04)	(2.767427e+01 4.129718e+02 -5.372880e+02)
3.67471208345551	(-8.310083e+03 1.177958e+05 -4.091286e+04)	(-8.338031e+03 1.173829e+05 -4.037674e+04)	(2.794862e+01 4.129300e+02 -5.361223e+02)
3.69747283503487	(-8.295168e+03 1.177343e+05 -4.091118e+04)	(-8.323295e+03 1.173212e+05 -4.037598e+04)	(2.812684e+01 4.130939e+02 -5.351972e+02)
3.719713946875607	(-8.276101e+03 1.176347e+05 -4.086890e+04)	(-8.304382e+03 1.172215e+05 -4.033501e+04)	(2.828044e+01 4.132331e+02 -5.338944e+02)
3.742564037644432	(-8.263370e+03 1.175453e+05 -4.088729e+04)	(-8.291912e+03 1.171321e+05 -4.035490e+04)	(2.854116e+01 4.131405e+02 -5.323960e+02)
3.76544794584258	(-8.244568e+03 1.174148e+05 -4.084938e+04)	(-8.273228e+03 1.170016e+05 -4.031807e+04)	(2.865963e+01 4.131330e+02 -5.313075e+02)
3.7869364504238	(-8.220044e+03 1.173258e+05 -4.079328e+04)	(-8.248874e+03 1.169130e+05 -4.026421e+04)	(2.883019e+01 4.128739e+02 -5.290775e+02)
3.808433041779891	(-8.198156e+03 1.171954e+05 -4.074660e+04)	(-8.227247e+03 1.167831e+05 -4.021825e+04)	(2.909151e+01 4.122979e+02 -5.283508e+02)
3.83138528724957	(-8.186395e+03 1.170560e+05 -4.078913e+04)	(-8.215682e+03 1.166441e+05 -4.026244e+04)	(2.928698e+01 4.119192e+02 -5.266887e+02)
3.85287671510152	(-8.162330e+03 1.169321e+05 -4.074221e+04)	(-8.191726e+03 1.165208e+05 -4.021798e+04)	(2.939592e+01 4.113381e+02 -5.242372e+02)
3.874345250031509	(-8.138253e+03 1.167716e+05 -4.069928e+04)	(-8.167828e+03 1.163611e+05 -4.017580e+04)	(2.957514e+01 4.104622e+02 -5.234759e+02)
3.895786414163049	(-8.121023e+03 1.166254e+05 -4.068183e+04)	(-8.150793e+03 1.162158e+05 -4.016048e+04)	(2.977027e+01 4.096506e+02 -5.213561e+02)
3.917275096344054	(-8.099364e+03 1.165128e+05 -4.069044e+04)	(-8.129142e+03 1.161039e+05 -4.017134e+04)	(2.977865e+01 4.089195e+02 -5.191004e+02)
3.938724139945581	(-8.082205e+03 1.163879e+05 -4.069505e+04)	(-8.112106e+03 1.159800e+05 -4.017718e+04)	(2.990041e+01 4.078650e+02 -5.178691e+02)
3.960126921677826	(-8.062132e+03 1.162782e+05 -4.071598e+04)	(-8.092052e+03 1.158712e+05 -4.020032e+04)	(2.992028e+01 4.070067e+02 -5.156579e+02)
3.982831469866334	(-8.049115e+03 1.162110e+05 -4.073631e+04)	(-8.078961e+03 1.158047e+05 -4.022195e+04)	(2.984589e+01 4.062482e+02 -5.143611e+02)
4.004148939621394	(-8.031170e+03 1.160709e+05 -4.072024e+04)	(-8.061128e+03 1.156658e+05 -4.020770e+04)	(2.995813e+01 4.050588e+02 -5.125427e+02)
4.025416522399886	(-8.011112e+03 1.159665e+05 -4.070755e+04)	(-8.040950e+03 1.155624e+05 -4.019683e+04)	(2.983774e+01 4.041835e+02 -5.107146e+02)
4.047947771208758	(-8.005754e+03 1.159392e+05 -4.075615e+04)	(-8.035397e+03 1.155356e+05 -4.024669e+04)	(2.964226e+01 4.035493e+02 -5.094516e+02)
4.070439924896561	(-7.993048e+03 1.158243e+05 -4.077821e+04)	(-8.022560e+03 1.154216e+05 -4.027103e+04)	(2.951202e+01 4.026966e+02 -5.071789e+02)
4.092884658059726	(-7.981811e+03 1.157824e+05 -4.081127e+04)	(-8.011206e+03 1.153805e+05 -4.030498e+04)	(2.939443e+01 4.018380e+02 -5.062933e+02)
4.115287714888741	(-7.975700e+03 1.156847e+05 -4.079624e+04)	(-8.004825e+03 1.152834e+05 -4.029148e+04)	(2.912552e+01 4.012442e+02 -5.047588e+02)
4.137661753261497	(-7.965838e+03 1.156400e+05 -4.077939e+04)	(-7.994683e+03 1.152394e+05 -4.027633e+04)	(2.884447e+01 4.006825e+02 -5.030653e+02)
4.160009244553044	(-7.958948e+03 1.155509e+05 -4.078970e+04)	(-7.987552e+03 1.151505e+05 -4.028691e+04)	(2.860399e+01 4.004676e+02 -5.027939e+02)
4.182335146419803	(-7.961426e+03 1.155694e+05 -4.076137e+04)	(-7.989925e+03 1.151697e+05 -4.026029e+04)	(2.849940e+01 3.997175e+02 -5.010813e+02)
4.204665363823415	(-7.958844e+03 1.155068e+05 -4.075978e+04)	(-7.987105e+03 1.151073e+05 -4.025905e+04)	(2.826179e+01 3.994344e+02 -5.007315e+02)
4.226991019674028	(-7.962324e+03 1.155095e+05 -4.076126e+04)	(-7.990236e+03 1.151101e+05 -4.026090e+04)	(2.791161e+01 3.994147e+02 -5.003596e+02)
4.249325765390592	(-7.958866e+03 1.155152e+05 -4.074453e+04)	(-7.986671e+03 1.151159e+05 -4.024518e+04)	(2.780506e+01 3.992700e+02 -4.993572e+02)
4.271680671432772	(-7.965879e+03 1.155384e+05 -4.075342e+04)	(-7.993430e+03 1.151391e+05 -4.025400e+04)	(2.755175e+01 3.993105e+02 -4.994281e+02)
4.294050868877774	(-7.968850e+03 1.155442e+05 -4.077078e+04)	(-7.996122e+03 1.151447e+05 -4.027189e+04)	(2.727209e+01 3.994548e+02 -4.988843e+02)
4.316440636327704	(-7.971334e+03 1.155933e+05 -4.077524e+04)	(-7.998448e+03 1.151936e+05 -4.027671e+04)	(2.711400e+01 3.996107e+02 -4.985317e+02)
4.338859869245472	(-7.975670e+03 1.156085e+05 -4.078319e+04)	(-8.002530e+03 1.152084e+05 -4.028449e+04)	(2.685983e+01 4.001381e+02 -4.987021e+02)
4.361304144921188	(-7.981908e+03 1.156709e+05 -4.080403e+04)	(-8.008449e+03 1.152702e+05 -4.030632e+04)	(2.654016e+01 4.006788e+02 -4.977047e+02)
4.38378162714469	(-7.979673e+03 1.157442e+05 -4.079627e+04)	(-8.006156e+03 1.153432e+05 -4.029803e+04)	(2.648286e+01 4.010072e+02 -4.982398e+02)
4.40629999327604	(-7.986519e+03 1.158044e+05 -4.082639e+04)	(-8.012940e+03 1.154030e+05 -4.032829e+04)	(2.642095e+01 4.014715e+02 -4.980994e+02)
4.428850820207447	(-7.991219e+03 1.159228e+05 -4.086763e+04)	(-8.017473e+03 1.155208e+05 -4.037029e+04)	(2.625366e+01 4.019818e+02 -4.973435e+02)
4.451434400302218	(-8.006168e+03 1.160204e+05 -4.089118e+04)	(-8.032270e+03 1.156177e+05 -4.039356e+04)	(2.610242e+01 4.027365e+02 -4.976219e+02)
4.474043520976204	(-8.011563e+03 1.160997e+05 -4.095735e+04)	(-8.037672e+03 1.156964e+05 -4.046041e+04)	(2.610918e+01 4.033258e+02 -4.969387e+02)
4.496671748504768	(-8.021912e+03 1.161495e+05 -4.096724e+04)	(-8.047910e+03 1.157456e+05 -4.046993e+04)	(2.599875e+01 4.039604e+02 -4.973023e+02)
4.519304751387248	(-8.026674e+03 1.162636e+05 -4.102807e+04)	(-8.052647e+03 1.158591e+05 -4.053112e+04)	(2.597311e+01 4.045018e+02 -4.969541e+02)
4.541953135142976	(-8.040052e+03 1.163821e+05 -4.102809e+04)	(-8.066031e+03 1.159770e+05 -4.053119e+04)	(2.597860e+01 4.051098e+02 -4.968967e+02)
4.564615581335261	(-8.056346e+03 1.164924e+05 -4.107783e+04)	(-8.082402e+03 1.160868e+05 -4.058053e+04)	(2.605623e+01 4.055507e+02 -4.973032e+02)
4.587281768516279	(-8.067220e+03 1.166083e+05 -4.110519e+04)	(-8.093297e+03 1.162023e+05 -4.060872e+04)	(2.607753e+01 4.059767e+02 -4.964696e+02)
4.60993927888242	(-8.085217e+03 1.167534e+05 -4.115755e+04)	(-8.111378e+03 1.163468e+05 -4.065971e+04)	(2.616122e+01 4.066527e+02 -4.978475e+02)
4.632580106446882	(-8.101490e+03 1.168520e+05 -4.119851e+04)	(-8.127683e+03 1.164449e+05 -4.070071e+04)	(2.619309e+01 4.070159e+02 -4.978012e+02)
4.655201013604938	(-8.114861e+03 1.169260e+05 -4.124033e+04)	(-8.141099e+03 1.165187e+05 -4.074236e+04)	(2.623800e+01 4.073075e+02 -4.979773e+02)
4.677786155495697	(-8.135308e+03 1.169757e+05 -4.128888e+04)	(-8.161690e+03 1.165680e+05 -4.078951e+04)	(2.638248e+01 4.076755e+02 -4.993681e+02)
4.700327331778536	(-8.140144e+03 1.171114e+05 -4.133581e+04)	(-8.166529e+03 1.167034e+05 -4.083636e+04)	(2.638516e+01 4.079493e+02 -4.994428e+02)
4.722857189868052	(-8.155500e+03 1.171949e+05 -4.135665e+04)	(-8.181974e+03 1.167866e+05 -4.085601e+04)	(2.647428e+01 4.082370e+02 -5.006414e+02)
4.745375722110402	(-8.167230e+03 1.172381e+05 -4.140704e+04)	(-8.193831e+03 1.168295e+05 -4.090536e+04)	(2.660099e+01 4.085766e+02 -5.016812e+02)
4.767893822094148	(-8.180830e+03 1.173487e+05 -4.142417e+04)	(-8.207508e+03 1.169398e+05 -4.092139e+04)	(2.667852e+01 4.089110e+02 -5.027859e+02)
4.790432455988873	(-8.186654e+03 1.173376e+05 -4.138430e+04)	(-8.213457e+03 1.169285e+05 -4.088017e+04)	(2.680279e+01 4.090682e+02 -5.041326e+02)
4.812984572308657	(-8.199334e+03 1.174242e+05 -4.140687e+04)	(-8.226250e+03 1.170148e+05 -4.090249e+04)	(2.691613e+01 4.093499e+02 -5.043831e+02)
4.835563529230471	(-8.204023e+03 1.174219e+05 -4.138139e+04)	(-8.231069e+03 1.170120e+05 -4.087498e+04)	(2.704595e+01 4.098423e+02 -5.064089e+02)
4.85817605325591	(-8.220140e+03 1.174892e+05 -4.139908e+04)	(-8.247280e+03 1.170789e+05 -4.089160e+04)	(2.713962e+01 4.102851e+02 -5.074884e+02)
4.879486440909412	(-8.223750e+03 1.174442e+05 -4.130796e+04)	(-8.250991e+03 1.170336e+05 -4.079993e+04)	(2.724165e+01 4.106906e+02 -5.080321e+02)
4.900875161782674	(-8.231385e+03 1.174891e+05 -4.131072e+04)	(-8.258864e+03 1.170784e+05 -4.080136e+04)	(2.747834e+01 4.107577e+02 -5.093587e+02)
4.922299368679003	(-8.241809e+03 1.175021e+05 -4.129772e+04)	(-8.269330e+03 1.170909e+05 -4.078802e+04)	(2.752098e+01 4.112483e+02 -5.096986e+02)
4.945109289951037	(-8.252390e+03 1.175297e+05 -4.129338e+04)	(-8.279985e+03 1.171179e+05 -4.078300e+04)	(2.759465e+01 4.118587e+02 -5.103802e+02)
4.966506779337164	(-8.256447e+03 1.174769e+05 -4.123167e+04)	(-8.284222e+03 1.170647e+05 -4.072057e+04)	(2.777573e+01 4.121825e+02 -5.110973e+02)
4.987916224906347	(-8.259590e+03 1.174860e+05 -4.122946e+04)	(-8.287460e+03 1.170735e+05 -4.071887e+04)	(2.787040e+01 4.125387e+02 -5.105916e+02)
5.009341375319629	(-8.264514e+03 1.174828e+05 -4.120175e+04)	(-8.292395e+03 1.170698e+05 -4.069082e+04)	(2.788142e+01 4.130391e+02 -5.109264e+02)
5.030779845154148	(-8.272336e+03 1.174284e+05 -4.117495e+04)	(-8.300350e+03 1.170150e+05 -4.066394e+04)	(2.801368e+01 4.133780e+02 -5.110094e+02)
5.052071428428436	(-8.275834e+03 1.173846e+05 -4.109967e+04)	(-8.303878e+03 1.169707e+05 -4.058864e+04)	(2.804380e+01 4.138470e+02 -5.110289e+02)
5.073511740180712	(-8.275865e+03 1.173581e+05 -4.108921e+04)	(-8.303874e+03 1.169437e+05 -4.057863e+04)	(2.800851e+01 4.144765e+02 -5.105850e+02)
5.094416716671385	(-8.274480e+03 1.172672e+05 -4.103212e+04)	(-8.302611e+03 1.168525e+05 -4.052231e+04)	(2.813100e+01 4.147248e+02 -5.098056e+02)
5.115321744227018	(-8.273296e+03 1.172027e+05 -4.099251e+04)	(-8.301443e+03 1.167876e+05 -4.048211e+04)	(2.814737e+01 4.151800e+02 -5.104033e+02)
5.136222924467898	(-8.279358e+03 1.171494e+05 -4.097541e+04)	(-8.307511e+03 1.167339e+05 -4.046569e+04)	(2.815253e+01 4.155429e+02 -5.097159e+02)
5.15680317114863	(-8.283437e+03 1.170818e+05 -4.090722e+04)	(-8.311663e+03 1.166661e+05 -4.039828e+04)	(2.822611e+01 4.157775e+02 -5.089351e+02)
5.177162600843999	(-8.280170e+03 1.170449e+05 -4.085603e+04)	(-8.308419e+03 1.166288e+05 -4.034712e+04)	(2.824949e+01 4.160586e+02 -5.089065e+02)
5.197246164030361	(-8.290807e+03 1.169919e+05 -4.084874e+04)	(-8.319064e+03 1.165756e+05 -4.034063e+04)	(2.825722e+01 4.163083e+02 -5.081051e+02)
5.217533374378402	(-8.290909e+03 1.169021e+05 -4.077237e+04)	(-8.319096e+03 1.164856e+05 -4.026464e+04)	(2.818783e+01 4.165172e+02 -5.077384e+02)
5.237886870373001	(-8.293056e+03 1.168427e+05 -4.071188e+04)	(-8.321384e+03 1.164261e+05 -4.020477e+04)	(2.832776e+01 4.165858e+02 -5.071070e+02)
5.25818250072055	(-8.300554e+03 1.168457e+05 -4.071339e+04)	(-8.328994e+03 1.164292e+05 -4.020681e+04)	(2.844035e+01 4.165162e+02 -5.065776e+02)
5.278141124408293	(-8.314180e+03 1.168051e+05 -4.066981e+04)	(-8.342473e+03 1.163883e+05 -4.016376e+04)	(2.829317e+01 4.168242e+02 -5.060407e+02)
5.297836931554833	(-8.322235e+03 1.167817e+05 -4.064567e+04)	(-8.350569e+03 1.163649e+05 -4.014059e+04)	(2.833447e+01 4.168321e+02 -5.050818e+02)
5.317511716474904	(-8.324544e+03 1.167619e+05 -4.061705e+04)	(-8.352956e+03 1.163451e+05 -4.011204e+04)	(2.841218e+01 4.168094e+02 -5.050128e+02)
5.337202758019377	(-8.330814e+03 1.167247e+05 -4.057294e+04)	(-8.359140e+03 1.163077e+05 -4.006818e+04)	(2.832595e+01 4.169825e+02 -5.047546e+02)
5.357829717479866	(-8.336293e+03 1.168333e+05 -4.063643e+04)	(-8.364621e+03 1.164163e+05 -4.013301e+04)	(2.832722e+01 4.170551e+02 -5.034206e+02)
5.378744483715606	(-8.344342e+03 1.168458e+05 -4.058193e+04)	(-8.372655e+03 1.164287e+05 -4.007863e+04)	(2.831276e+01 4.170452e+02 -5.033050e+02)
5.399295999443066	(-8.345085e+03 1.168139e+05 -4.056760e+04)	(-8.373369e+03 1.163968e+05 -4.006481e+04)	(2.828435e+01 4.170620e+02 -5.027934e+02)
5.420224885142531	(-8.359122e+03 1.169143e+05 -4.062259e+04)	(-8.387447e+03 1.164972e+05 -4.012081e+04)	(2.832440e+01 4.170376e+02 -5.017793e+02)
5.440679142805307	(-8.359465e+03 1.169010e+05 -4.057727e+04)	(-8.387762e+03 1.164840e+05 -4.007535e+04)	(2.829688e+01 4.169882e+02 -5.019157e+02)
5.461137814548834	(-8.362672e+03 1.168814e+05 -4.055773e+04)	(-8.391029e+03 1.164645e+05 -4.005599e+04)	(2.835721e+01 4.169181e+02 -5.017386e+02)
5.48159279342189	(-8.365161e+03 1.168481e+05 -4.054609e+04)	(-8.393601e+03 1.164314e+05 -4.004490e+04)	(2.844014e+01 4.166625e+02 -5.011852e+02)
5.502052194739758	(-8.363368e+03 1.168659e+05 -4.054069e+04)	(-8.391777e+03 1.164493e+05 -4.003994e+04)	(2.840842e+01 4.166632e+02 -5.007547e+02)
5.522513154122159	(-8.357129e+03 1.168670e+05 -4.051764e+04)	(-8.385541e+03 1.164503e+05 -4.001684e+04)	(2.841256e+01 4.167274e+02 -5.007960e+02)
5.54298485979152	(-8.363110e+03 1.168765e+05 -4.054713e+04)	(-8.391559e+03 1.164597e+05 -4.004657e+04)	(2.844941e+01 4.167606e+02 -5.005636e+02)
5.563460885360102	(-8.357709e+03 1.168242e+05 -4.051457e+04)	(-8.386164e+03 1.164074e+05 -4.001415e+04)	(2.845477e+01 4.167788e+02 -5.004227e+02)
5.58394397507327	(-8.346465e+03 1.168086e+05 -4.050760e+04)	(-8.375087e+03 1.163922e+05 -4.000741e+04)	(2.862155e+01 4.164428e+02 -5.001898e+02)
5.604428589031837	(-8.325777e+03 1.166855e+05 -4.050036e+04)	(-8.354379e+03 1.162688e+05 -3.999974e+04)	(2.860211e+01 4.166797e+02 -5.006216e+02)
5.624920026834025	(-8.310594e+03 1.166597e+05 -4.050333e+04)	(-8.339244e+03 1.162430e+05 -4.000312e+04)	(2.864965e+01 4.166215e+02 -5.002063e+02)
5.645411263445198	(-8.281852e+03 1.165626e+05 -4.046828e+04)	(-8.310596e+03 1.161461e+05 -3.996847e+04)	(2.874442e+01 4.164414e+02 -4.998080e+02)
5.665913105116007	(-8.257770e+03 1.165005e+05 -4.047646e+04)	(-8.286642e+03 1.160843e+05 -3.997625e+04)	(2.887208e+01 4.162234e+02 -5.002055e+02)
5.686417851648362	(-8.236670e+03 1.163797e+05 -4.048036e+04)	(-8.265642e+03 1.159636e+05 -3.998015e+04)	(2.897175e+01 4.161749e+02 -5.002100e+02)
5.706928913417629	(-8.220809e+03 1.163335e+05 -4.045807e+04)	(-8.249736e+03 1.159174e+05 -3.995823e+04)	(2.892647e+01 4.161661e+02 -4.998467e+02)
5.727438382168692	(-8.203197e+03 1.162796e+05 -4.044374e+04)	(-8.232045e+03 1.158634e+05 -3.994401e+04)	(2.884846e+01 4.161928e+02 -4.997351e+02)
5.747955342197934	(-8.202641e+03 1.162481e+05 -4.043532e+04)	(-8.231535e+03 1.158321e+05 -3.993652e+04)	(2.889415e+01 4.160927e+02 -4.988004e+02)
5.768473973097846	(-8.202404e+03 1.162043e+05 -4.040762e+04)	(-8.231104e+03 1.157880e+05 -3.990938e+04)	(2.869994e+01 4.162664e+02 -4.982377e+02)
5.789456838367918	(-8.206136e+03 1.161865e+05 -4.039204e+04)	(-8.234674e+03 1.157700e+05 -3.989451e+04)	(2.853790e+01 4.164498e+02 -4.975323e+02)
5.81044055824515	(-8.211117e+03 1.162125e+05 -4.038671e+04)	(-8.239662e+03 1.157961e+05 -3.989023e+04)	(2.854468e+01 4.164302e+02 -4.964795e+02)
5.830980336587353	(-8.213915e+03 1.162012e+05 -4.037191e+04)	(-8.242252e+03 1.157846e+05 -3.987602e+04)	(2.833655e+01 4.166178e+02 -4.958819e+02)
5.851526600310867	(-8.207210e+03 1.161515e+05 -4.033276e+04)	(-8.235356e+03 1.157347e+05 -3.983783e+04)	(2.814611e+01 4.168094e+02 -4.949281e+02)
5.872542105440054	(-8.198903e+03 1.160834e+05 -4.034562e+04)	(-8.227044e+03 1.156666e+05 -3.985194e+04)	(2.814099e+01 4.168112e+02 -4.936725e+02)
5.893566356438578	(-8.176899e+03 1.160708e+05 -4.033823e+04)	(-8.204906e+03 1.156539e+05 -3.984511e+04)	(2.800755e+01 4.169072e+02 -4.931237e+02)
5.914156460256353	(-8.152396e+03 1.159409e+05 -4.030785e+04)	(-8.180284e+03 1.155239e+05 -3.981584e+04)	(2.788841e+01 4.169237e+02 -4.920117e+02)
5.934753552698436	(-8.128782e+03 1.158775e+05 -4.026774e+04)	(-8.156774e+03 1.154608e+05 -3.977720e+04)	(2.799263e+01 4.166817e+02 -4.905455e+02)
5.955819467760218	(-8.117125e+03 1.157997e+05 -4.028414e+04)	(-8.145138e+03 1.153832e+05 -3.979423e+04)	(2.801307e+01 4.165012e+02 -4.899087e+02)
5.97688519609042	(-8.102353e+03 1.157533e+05 -4.029943e+04)	(-8.130204e+03 1.153367e+05 -3.981055e+04)	(2.785058e+01 4.165548e+02 -4.888818e+02)
5.997506177420752	(-8.096645e+03 1.157309e+05 -4.026610e+04)	(-8.124574e+03 1.153145e+05 -3.977863e+04)	(2.792955e+01 4.163635e+02 -4.874644e+02)
6.018578630976964	(-8.096737e+03 1.156837e+05 -4.027515e+04)	(-8.124702e+03 1.152674e+05 -3.978855e+04)	(2.796553e+01 4.162154e+02 -4.866007e+02)
6.039654624194554	(-8.095084e+03 1.157038e+05 -4.028094e+04)	(-8.123023e+03 1.152876e+05 -3.979501e+04)	(2.793896e+01 4.161748e+02 -4.859306e+02)
6.060727255659585	(-8.098090e+03 1.157266e+05 -4.029095e+04)	(-8.125960e+03 1.153104e+05 -3.980650e+04)	(2.787035e+01 4.161703e+02 -4.844533e+02)
6.081799455007264	(-8.090690e+03 1.157176e+05 -4.030895e+04)	(-8.118629e+03 1.153017e+05 -3.982562e+04)	(2.793868e+01 4.159165e+02 -4.833243e+02)
6.102863322747914	(-8.085206e+03 1.156897e+05 -4.033917e+04)	(-8.113099e+03 1.152738e+05 -3.985639e+04)	(2.789320e+01 4.159811e+02 -4.827820e+02)
6.123516410462057	(-8.070464e+03 1.156391e+05 -4.033423e+04)	(-8.098372e+03 1.152233e+05 -3.985301e+04)	(2.790810e+01 4.157428e+02 -4.812130e+02)
6.143471638384296	(-8.053948e+03 1.156055e+05 -4.034954e+04)	(-8.081949e+03 1.151901e+05 -3.986974e+04)	(2.800160e+01 4.153736e+02 -4.797974e+02)
6.16281338054341	(-8.039925e+03 1.155861e+05 -4.035798e+04)	(-8.067946e+03 1.151710e+05 -3.987876e+04)	(2.802126e+01 4.151789e+02 -4.792127e+02)
6.18213209704416	(-8.033726e+03 1.155339e+05 -4.037187e+04)	(-8.061751e+03 1.151189e+05 -3.989369e+04)	(2.802472e+01 4.150400e+02 -4.781778e+02)
6.201234329230195	(-8.026180e+03 1.155302e+05 -4.040460e+04)	(-8.054269e+03 1.151155e+05 -3.992785e+04)	(2.808951e+01 4.147096e+02 -4.767461e+02)
6.21935564101425	(-8.027066e+03 1.155477e+05 -4.037905e+04)	(-8.055132e+03 1.151332e+05 -3.990290e+04)	(2.806554e+01 4.145043e+02 -4.761529e+02)
6.236893770136303	(-8.034035e+03 1.156069e+05 -4.040976e+04)	(-8.062090e+03 1.151926e+05 -3.993445e+04)	(2.805499e+01 4.143661e+02 -4.753140e+02)
6.253865623160404	(-8.036872e+03 1.156162e+05 -4.038715e+04)	(-8.064924e+03 1.152020e+05 -3.991317e+04)	(2.805143e+01 4.141498e+02 -4.739868e+02)
6.270700656723508	(-8.040398e+03 1.156334e+05 -4.040551e+04)	(-8.068373e+03 1.152194e+05 -3.993238e+04)	(2.797454e+01 4.140332e+02 -4.731285e+02)
6.286910029119349	(-8.043871e+03 1.156453e+05 -4.038725e+04)	(-8.071850e+03 1.152315e+05 -3.991473e+04)	(2.797896e+01 4.138269e+02 -4.725256e+02)
6.302956824463012	(-8.050673e+03 1.156675e+05 -4.040835e+04)	(-8.078642e+03 1.152538e+05 -3.993661e+04)	(2.796874e+01 4.136631e+02 -4.717330e+02)
6.318675803946212	(-8.054457e+03 1.156790e+05 -4.040909e+04)	(-8.082368e+03 1.152654e+05 -3.993823e+04)	(2.791020e+01 4.136004e+02 -4.708622e+02)
6.3345749454243	(-8.054299e+03 1.157325e+05 -4.046352e+04)	(-8.082178e+03 1.153191e+05 -3.999327e+04)	(2.787979e+01 4.134578e+02 -4.702494e+02)
6.349864249897	(-8.053589e+03 1.157329e+05 -4.043735e+04)	(-8.081495e+03 1.153197e+05 -3.996813e+04)	(2.790565e+01 4.131711e+02 -4.692209e+02)
6.364539241296839	(-8.062259e+03 1.157688e+05 -4.045230e+04)	(-8.090182e+03 1.153558e+05 -3.998406e+04)	(2.792301e+01 4.129393e+02 -4.682320e+02)
6.378820647746422	(-8.067601e+03 1.157685e+05 -4.044608e+04)	(-8.095488e+03 1.153556e+05 -3.997810e+04)	(2.788715e+01 4.128665e+02 -4.679782e+02)
6.392687190773461	(-8.069184e+03 1.157700e+05 -4.044262e+04)	(-8.096913e+03 1.153570e+05 -3.997525e+04)	(2.772885e+01 4.130147e+02 -4.673787e+02)
6.406579801239488	(-8.074945e+03 1.157927e+05 -4.044009e+04)	(-8.102655e+03 1.153798e+05 -3.997369e+04)	(2.771006e+01 4.128661e+02 -4.663921e+02)
6.420408385977304	(-8.080727e+03 1.157917e+05 -4.044294e+04)	(-8.108470e+03 1.153792e+05 -3.997711e+04)	(2.774300e+01 4.125772e+02 -4.658271e+02)
6.434173906521728	(-8.088752e+03 1.158272e+05 -4.043004e+04)	(-8.116453e+03 1.154147e+05 -3.996429e+04)	(2.770095e+01 4.125232e+02 -4.657488e+02)
6.447314109497068	(-8.096798e+03 1.158226e+05 -4.041343e+04)	(-8.124439e+03 1.154101e+05 -3.994811e+04)	(2.764138e+01 4.124806e+02 -4.653141e+02)
6.459885465753758	(-8.102400e+03 1.157947e+05 -4.035158e+04)	(-8.129965e+03 1.153822e+05 -3.988702e+04)	(2.756517e+01 4.124289e+02 -4.645579e+02)
6.472111659277363	(-8.106162e+03 1.157687e+05 -4.034940e+04)	(-8.133743e+03 1.153565e+05 -3.988552e+04)	(2.758115e+01 4.121560e+02 -4.638824e+02)
6.484159014050551	(-8.114184e+03 1.157412e+05 -4.028078e+04)	(-8.141754e+03 1.153292e+05 -3.981700e+04)	(2.756964e+01 4.120017e+02 -4.637827e+02)
6.495823095237285	(-8.117554e+03 1.157176e+05 -4.029042e+04)	(-8.145099e+03 1.153057e+05 -3.982645e+04)	(2.754536e+01 4.118891e+02 -4.639652e+02)
6.506937962985961	(-8.123615e+03 1.157305e+05 -4.028536e+04)	(-8.151100e+03 1.153187e+05 -3.982158e+04)	(2.748492e+01 4.118340e+02 -4.637745e+02)
6.51775261330568	(-8.127355e+03 1.157202e+05 -4.025887e+04)	(-8.154805e+03 1.153085e+05 -3.979551e+04)	(2.744958e+01 4.117218e+02 -4.633613e+02)
6.528228434073077	(-8.130131e+03 1.156514e+05 -4.023132e+04)	(-8.157526e+03 1.152398e+05 -3.976831e+04)	(2.739431e+01 4.115816e+02 -4.630099e+02)
6.5385863782029	(-8.137697e+03 1.156756e+05 -4.020833e+04)	(-8.165064e+03 1.152642e+05 -3.974561e+04)	(2.736663e+01 4.113792e+02 -4.627175e+02)
6.548785985121375	(-8.146160e+03 1.157185e+05 -4.022247e+04)	(-8.173482e+03 1.153073e+05 -3.975980e+04)	(2.732182e+01 4.112496e+02 -4.626691e+02)
6.558890864858526	(-8.152649e+03 1.157478e+05 -4.024118e+04)	(-8.179944e+03 1.153367e+05 -3.977846e+04)	(2.729533e+01 4.111470e+02 -4.627220e+02)
6.568707018984916	(-8.159764e+03 1.158104e+05 -4.024294e+04)	(-8.187040e+03 1.153994e+05 -3.978002e+04)	(2.727613e+01 4.110302e+02 -4.629104e+02)
6.5782313259312	(-8.167470e+03 1.159346e+05 -4.029432e+04)	(-8.194691e+03 1.155237e+05 -3.983115e+04)	(2.722139e+01 4.109750e+02 -4.631723e+02)
6.587705955070677	(-8.171106e+03 1.159533e+05 -4.032137e+04)	(-8.198286e+03 1.155424e+05 -3.985803e+04)	(2.718020e+01 4.109022e+02 -4.633461e+02)
6.597165108415184	(-8.178631e+03 1.159670e+05 -4.032048e+04)	(-8.205777e+03 1.155562e+05 -3.985699e+04)	(2.714582e+01 4.108252e+02 -4.634908e+02)
6.606669198465266	(-8.179434e+03 1.157329e+05 -4.020612e+04)	(-8.206578e+03 1.153223e+05 -3.974245e+04)	(2.714360e+01 4.106610e+02 -4.636684e+02)
6.617452618293251	(-8.206898e+03 1.168186e+05 -4.076333e+04)	(-8.234044e+03 1.164080e+05 -4.029941e+04)	(2.714574e+01 4.106156e+02 -4.639167e+02)
6.629589689650668	(-8.203517e+03 1.163951e+05 -4.056275e+04)	(-8.230761e+03 1.159848e+05 -4.009851e+04)	(2.724388e+01 4.103549e+02 -4.642363e+02)
6.642550076326827	(-8.211170e+03 1.165133e+05 -4.060154e+04)	(-8.238488e+03 1.161032e+05 -4.013705e+04)	(2.731792e+01 4.100517e+02 -4.644919e+02)
6.658102540338216	(-8.223383e+03 1.168248e+05 -4.073572e+04)	(-8.250716e+03 1.164148e+05 -4.027101e+04)	(2.733349e+01 4.099773e+02 -4.647094e+02)
6.676332789257764	(-8.232499e+03 1.168256e+05 -4.074907e+04)	(-8.259848e+03 1.164157e+05 -4.028366e+04)	(2.734913e+01 4.098676e+02 -4.654136e+02)
6.697251825003162	(-8.243330e+03 1.169450e+05 -4.083727e+04)	(-8.270798e+03 1.165353e+05 -4.037092e+04)	(2.746887e+01 4.096901e+02 -4.663500e+02)
6.720652654069953	(-8.256265e+03 1.170474e+05 -4.085655e+04)	(-8.283859e+03 1.166381e+05 -4.038980e+04)	(2.759380e+01 4.093336e+02 -4.667512e+02)
6.743989884185991	(-8.265355e+03 1.170929e+05 -4.086298e+04)	(-8.292958e+03 1.166839e+05 -4.039510e+04)	(2.760315e+01 4.089960e+02 -4.678803e+02)
6.766505504659911	(-8.274485e+03 1.171332e+05 -4.087281e+04)	(-8.302237e+03 1.167249e+05 -4.040412e+04)	(2.775220e+01 4.083605e+02 -4.686904e+02)
6.789256099812055	(-8.282462e+03 1.171487e+05 -4.082522e+04)	(-8.310280e+03 1.167408e+05 -4.035552e+04)	(2.781838e+01 4.079231e+02 -4.696956e+02)
6.811854258776473	(-8.293862e+03 1.171723e+05 -4.080045e+04)	(-8.321673e+03 1.167646e+05 -4.032928e+04)	(2.781114e+01 4.077064e+02 -4.711754e+02)
6.833454906863857	(-8.307782e+03 1.171766e+05 -4.077596e+04)	(-8.335800e+03 1.167695e+05 -4.030411e+04)	(2.801822e+01 4.071667e+02 -4.718439e+02)
6.85505524139836	(-8.322140e+03 1.171665e+05 -4.075386e+04)	(-8.350227e+03 1.167597e+05 -4.028033e+04)	(2.808761e+01 4.067943e+02 -4.735280e+02)
6.87619547370747	(-8.329008e+03 1.171567e+05 -4.066855e+04)	(-8.357097e+03 1.167500e+05 -4.019352e+04)	(2.808986e+01 4.066519e+02 -4.750307e+02)
6.89621429178969	(-8.336929e+03 1.171756e+05 -4.064063e+04)	(-8.365111e+03 1.167693e+05 -4.016442e+04)	(2.818161e+01 4.062899e+02 -4.762141e+02)
6.915403267376505	(-8.347461e+03 1.171011e+05 -4.060689e+04)	(-8.375764e+03 1.166951e+05 -4.012932e+04)	(2.830262e+01 4.060593e+02 -4.775686e+02)
6.933820843420177	(-8.356963e+03 1.170833e+05 -4.057226e+04)	(-8.385283e+03 1.166774e+05 -4.009379e+04)	(2.831969e+01 4.059517e+02 -4.784746e+02)
6.951870291558977	(-8.356878e+03 1.170685e+05 -4.054257e+04)	(-8.385177e+03 1.166626e+05 -4.006266e+04)	(2.829843e+01 4.058952e+02 -4.799071e+02)
6.969458689423628	(-8.362455e+03 1.170053e+05 -4.051224e+04)	(-8.390805e+03 1.165995e+05 -4.003089e+04)	(2.835021e+01 4.058090e+02 -4.813470e+02)
6.986874292627492	(-8.365113e+03 1.169731e+05 -4.047340e+04)	(-8.393547e+03 1.165674e+05 -3.999128e+04)	(2.843460e+01 4.057087e+02 -4.821230e+02)
7.00388717199164	(-8.377381e+03 1.168288e+05 -4.039562e+04)	(-8.405740e+03 1.164228e+05 -3.991251e+04)	(2.835869e+01 4.059942e+02 -4.831094e+02)
7.020650589776727	(-8.382673e+03 1.167789e+05 -4.035603e+04)	(-8.410972e+03 1.163728e+05 -3.987185e+04)	(2.829840e+01 4.060762e+02 -4.841773e+02)
7.036820716078286	(-8.390813e+03 1.167646e+05 -4.030506e+04)	(-8.419159e+03 1.163585e+05 -3.981996e+04)	(2.834665e+01 4.060596e+02 -4.850998e+02)
7.052399946817541	(-8.396802e+03 1.167027e+05 -4.027003e+04)	(-8.425166e+03 1.162965e+05 -3.978424e+04)	(2.836394e+01 4.062030e+02 -4.857899e+02)
7.0673164116898	(-8.407488e+03 1.166464e+05 -4.019691e+04)	(-8.435818e+03 1.162401e+05 -3.971050e+04)	(2.833077e+01 4.063177e+02 -4.864111e+02)
7.081454757604106	(-8.414610e+03 1.164533e+05 -4.008075e+04)	(-8.442837e+03 1.160468e+05 -3.959359e+04)	(2.822659e+01 4.065061e+02 -4.871628e+02)
7.094915917662522	(-8.425985e+03 1.167620e+05 -4.017741e+04)	(-8.454173e+03 1.163553e+05 -3.968943e+04)	(2.818778e+01 4.066646e+02 -4.879827e+02)
7.110236964422249	(-8.429182e+03 1.166774e+05 -4.018513e+04)	(-8.457356e+03 1.162704e+05 -3.969680e+04)	(2.817476e+01 4.069152e+02 -4.883274e+02)
7.127350004525343	(-8.427586e+03 1.165448e+05 -4.013735e+04)	(-8.455759e+03 1.161377e+05 -3.964863e+04)	(2.817302e+01 4.071347e+02 -4.887116e+02)
7.144562109853417	(-8.436554e+03 1.166584e+05 -4.015891e+04)	(-8.464622e+03 1.162507e+05 -3.966947e+04)	(2.806825e+01 4.076227e+02 -4.894471e+02)
7.161001228242034	(-8.424086e+03 1.164890e+05 -4.001853e+04)	(-8.451995e+03 1.160810e+05 -3.952873e+04)	(2.790953e+01 4.079487e+02 -4.898074e+02)
7.176872419599214	(-8.416889e+03 1.164323e+05 -4.000569e+04)	(-8.444780e+03 1.160241e+05 -3.951554e+04)	(2.789104e+01 4.081327e+02 -4.901526e+02)
7.192155601441095	(-8.404578e+03 1.163076e+05 -3.993893e+04)	(-8.432387e+03 1.158993e+05 -3.944843e+04)	(2.780917e+01 4.082678e+02 -4.905004e+02)
7.206908806787826	(-8.396998e+03 1.161165e+05 -3.980727e+04)	(-8.424747e+03 1.157081e+05 -3.931613e+04)	(2.774898e+01 4.084843e+02 -4.911351e+02)
7.221250897841022	(-8.385675e+03 1.160305e+05 -3.979567e+04)	(-8.413378e+03 1.156217e+05 -3.930403e+04)	(2.770361e+01 4.087061e+02 -4.916377e+02)
7.23519814307964	(-8.385476e+03 1.158147e+05 -3.969469e+04)	(-8.413089e+03 1.154058e+05 -3.920286e+04)	(2.761317e+01 4.088750e+02 -4.918299e+02)
7.248482127138377	(-8.373269e+03 1.156882e+05 -3.962791e+04)	(-8.400799e+03 1.152792e+05 -3.913572e+04)	(2.753029e+01 4.089844e+02 -4.921864e+02)
7.261216208160598	(-8.368021e+03 1.155052e+05 -3.950860e+04)	(-8.395487e+03 1.150961e+05 -3.901582e+04)	(2.746610e+01 4.091072e+02 -4.927801e+02)
7.273502090274715	(-8.360835e+03 1.154143e+05 -3.949030e+04)	(-8.388272e+03 1.150051e+05 -3.899701e+04)	(2.743747e+01 4.092040e+02 -4.932845e+02)
7.285464180657607	(-8.354164e+03 1.152612e+05 -3.938898e+04)	(-8.381586e+03 1.148520e+05 -3.889525e+04)	(2.742132e+01 4.092153e+02 -4.937217e+02)
7.297186645190656	(-8.351452e+03 1.153924e+05 -3.948684e+04)	(-8.378822e+03 1.149830e+05 -3.899269e+04)	(2.737063e+01 4.093416e+02 -4.941552e+02)
7.308777927396736	(-8.346166e+03 1.152704e+05 -3.938850e+04)	(-8.373494e+03 1.148608e+05 -3.889385e+04)	(2.732765e+01 4.095115e+02 -4.946524e+02)
7.320214752258911	(-8.335764e+03 1.149476e+05 -3.923895e+04)	(-8.363061e+03 1.145381e+05 -3.874383e+04)	(2.729755e+01 4.095565e+02 -4.951153e+02)
7.333068346463305	(-8.345050e+03 1.156266e+05 -3.963279e+04)	(-8.372322e+03 1.152167e+05 -3.913722e+04)	(2.727162e+01 4.098409e+02 -4.955708e+02)
7.346807802104975	(-8.335046e+03 1.153448e+05 -3.950159e+04)	(-8.362331e+03 1.149348e+05 -3.900559e+04)	(2.728520e+01 4.099885e+02 -4.960054e+02)
7.360134999001924	(-8.333090e+03 1.152842e+05 -3.943784e+04)	(-8.360371e+03 1.148742e+05 -3.894150e+04)	(2.728043e+01 4.100633e+02 -4.963356e+02)
7.375967331654639	(-8.331639e+03 1.155769e+05 -3.966742e+04)	(-8.358911e+03 1.151666e+05 -3.917082e+04)	(2.727183e+01 4.103031e+02 -4.966075e+02)
7.394307301296629	(-8.326745e+03 1.154415e+05 -3.963495e+04)	(-8.354031e+03 1.150309e+05 -3.913811e+04)	(2.728591e+01 4.105652e+02 -4.968480e+02)
7.415117852747219	(-8.319250e+03 1.153660e+05 -3.962073e+04)	(-8.346543e+03 1.149552e+05 -3.912310e+04)	(2.729354e+01 4.108101e+02 -4.976258e+02)
7.438268287552935	(-8.321291e+03 1.153611e+05 -3.965385e+04)	(-8.348697e+03 1.149503e+05 -3.915578e+04)	(2.740600e+01 4.108822e+02 -4.980686e+02)
7.460733004386697	(-8.317455e+03 1.152261e+05 -3.963735e+04)	(-8.344884e+03 1.148151e+05 -3.913898e+04)	(2.742891e+01 4.110252e+02 -4.983734e+02)
7.483038602512653	(-8.305025e+03 1.151793e+05 -3.957719e+04)	(-8.332473e+03 1.147682e+05 -3.907836e+04)	(2.744857e+01 4.110717e+02 -4.988362e+02)
7.505419673016059	(-8.303013e+03 1.151237e+05 -3.955317e+04)	(-8.330502e+03 1.147126e+05 -3.905382e+04)	(2.748885e+01 4.111177e+02 -4.993519e+02)
7.527929479265617	(-8.302732e+03 1.150559e+05 -3.953355e+04)	(-8.330345e+03 1.146449e+05 -3.903370e+04)	(2.761347e+01 4.110322e+02 -4.998432e+02)
7.550667908458087	(-8.306096e+03 1.149307e+05 -3.949089e+04)	(-8.333848e+03 1.145199e+05 -3.899088e+04)	(2.775255e+01 4.108336e+02 -5.000091e+02)
7.573226901119899	(-8.296585e+03 1.148827e+05 -3.947035e+04)	(-8.324391e+03 1.144720e+05 -3.897003e+04)	(2.780583e+01 4.107246e+02 -5.003217e+02)
7.595542902685985	(-8.299501e+03 1.148831e+05 -3.944737e+04)	(-8.327354e+03 1.144724e+05 -3.894687e+04)	(2.785270e+01 4.106989e+02 -5.005020e+02)
7.618154858987053	(-8.304022e+03 1.148132e+05 -3.946994e+04)	(-8.331883e+03 1.144023e+05 -3.896942e+04)	(2.786087e+01 4.108407e+02 -5.005130e+02)
7.641142199702611	(-8.308336e+03 1.148219e+05 -3.948545e+04)	(-8.336256e+03 1.144112e+05 -3.898511e+04)	(2.791981e+01 4.106830e+02 -5.003414e+02)
7.662536588106336	(-8.304928e+03 1.147099e+05 -3.938152e+04)	(-8.332932e+03 1.142994e+05 -3.888124e+04)	(2.800377e+01 4.105200e+02 -5.002886e+02)
7.683434040254688	(-8.302749e+03 1.146557e+05 -3.933002e+04)	(-8.330831e+03 1.142454e+05 -3.882948e+04)	(2.808155e+01 4.102592e+02 -5.005333e+02)
7.704331354961727	(-8.300017e+03 1.146410e+05 -3.929223e+04)	(-8.328095e+03 1.142307e+05 -3.879210e+04)	(2.807824e+01 4.102115e+02 -5.001299e+02)
7.724766616395685	(-8.301860e+03 1.146065e+05 -3.927587e+04)	(-8.329943e+03 1.141965e+05 -3.877589e+04)	(2.808273e+01 4.100064e+02 -4.999828e+02)
7.745673888868366	(-8.304383e+03 1.145994e+05 -3.928320e+04)	(-8.332402e+03 1.141894e+05 -3.878335e+04)	(2.801883e+01 4.100081e+02 -4.998473e+02)
7.766583103885649	(-8.301223e+03 1.145632e+05 -3.927669e+04)	(-8.329108e+03 1.141531e+05 -3.877771e+04)	(2.788482e+01 4.100181e+02 -4.989878e+02)
7.787494824225652	(-8.292031e+03 1.145357e+05 -3.923751e+04)	(-8.319761e+03 1.141258e+05 -3.873874e+04)	(2.772957e+01 4.099505e+02 -4.987695e+02)
7.808403977346778	(-8.288402e+03 1.145065e+05 -3.923240e+04)	(-8.316150e+03 1.140968e+05 -3.873356e+04)	(2.774786e+01 4.096458e+02 -4.988417e+02)
7.829305650406289	(-8.278724e+03 1.144613e+05 -3.921761e+04)	(-8.306537e+03 1.140521e+05 -3.871882e+04)	(2.781274e+01 4.091849e+02 -4.987900e+02)
7.85018618168924	(-8.262722e+03 1.144360e+05 -3.920989e+04)	(-8.290523e+03 1.140272e+05 -3.871077e+04)	(2.780100e+01 4.088053e+02 -4.991229e+02)
7.871046164317231	(-8.239572e+03 1.143116e+05 -3.918770e+04)	(-8.267326e+03 1.139031e+05 -3.868909e+04)	(2.775445e+01 4.084450e+02 -4.986060e+02)
7.892376200890161	(-8.222470e+03 1.143053e+05 -3.919729e+04)	(-8.250180e+03 1.138972e+05 -3.869876e+04)	(2.771005e+01 4.080477e+02 -4.985332e+02)
7.913774482077184	(-8.201845e+03 1.142288e+05 -3.923509e+04)	(-8.229554e+03 1.138212e+05 -3.873560e+04)	(2.770890e+01 4.076647e+02 -4.994871e+02)
7.935039736949235	(-8.177699e+03 1.141795e+05 -3.922229e+04)	(-8.205499e+03 1.137725e+05 -3.872232e+04)	(2.780010e+01 4.069307e+02 -4.999612e+02)
7.956346133146339	(-8.155048e+03 1.140833e+05 -3.923362e+04)	(-8.182905e+03 1.136769e+05 -3.873373e+04)	(2.785712e+01 4.063681e+02 -4.998901e+02)
7.978259463601021	(-8.136531e+03 1.140853e+05 -3.928076e+04)	(-8.164267e+03 1.136794e+05 -3.877967e+04)	(2.773607e+01 4.059799e+02 -5.010900e+02)
8.000231852274339	(-8.120763e+03 1.140424e+05 -3.931704e+04)	(-8.148507e+03 1.136370e+05 -3.881534e+04)	(2.774384e+01 4.053985e+02 -5.017018e+02)
8.02235788690311	(-8.101432e+03 1.139463e+05 -3.930435e+04)	(-8.129276e+03 1.135416e+05 -3.880183e+04)	(2.784349e+01 4.046807e+02 -5.025241e+02)
8.044293096961209	(-8.084412e+03 1.139181e+05 -3.932798e+04)	(-8.112246e+03 1.135142e+05 -3.882392e+04)	(2.783471e+01 4.039031e+02 -5.040673e+02)
8.066405496475454	(-8.078137e+03 1.138455e+05 -3.934456e+04)	(-8.106029e+03 1.134423e+05 -3.883909e+04)	(2.789147e+01 4.031595e+02 -5.054672e+02)
8.088245780499339	(-8.070272e+03 1.138302e+05 -3.933826e+04)	(-8.098096e+03 1.134277e+05 -3.883115e+04)	(2.782429e+01 4.024971e+02 -5.071162e+02)
8.110306404760001	(-8.066184e+03 1.138668e+05 -3.939450e+04)	(-8.094030e+03 1.134651e+05 -3.888598e+04)	(2.784611e+01 4.016886e+02 -5.085226e+02)
8.132511003216932	(-8.069048e+03 1.138263e+05 -3.940057e+04)	(-8.096991e+03 1.134254e+05 -3.889014e+04)	(2.794270e+01 4.009407e+02 -5.104324e+02)
8.15456288763562	(-8.067606e+03 1.138250e+05 -3.943544e+04)	(-8.095502e+03 1.134246e+05 -3.892221e+04)	(2.789571e+01 4.004018e+02 -5.132242e+02)
8.176321467764506	(-8.060529e+03 1.138076e+05 -3.943354e+04)	(-8.088303e+03 1.134078e+05 -3.891915e+04)	(2.777462e+01 3.998129e+02 -5.143863e+02)
8.198367091600691	(-8.069714e+03 1.138399e+05 -3.948160e+04)	(-8.097561e+03 1.134407e+05 -3.896516e+04)	(2.784681e+01 3.991397e+02 -5.164362e+02)
8.21996288816813	(-8.070373e+03 1.138669e+05 -3.947956e+04)	(-8.098256e+03 1.134684e+05 -3.896016e+04)	(2.788326e+01 3.985300e+02 -5.194021e+02)
8.241686775442824	(-8.074055e+03 1.138669e+05 -3.948656e+04)	(-8.101895e+03 1.134689e+05 -3.896592e+04)	(2.784007e+01 3.979636e+02 -5.206433e+02)
8.263847266873398	(-8.073579e+03 1.139014e+05 -3.949768e+04)	(-8.101356e+03 1.135039e+05 -3.897454e+04)	(2.777667e+01 3.975028e+02 -5.231335e+02)
8.285442281368322	(-8.077658e+03 1.139066e+05 -3.951650e+04)	(-8.105360e+03 1.135096e+05 -3.899090e+04)	(2.770195e+01 3.970354e+02 -5.255961e+02)
8.307688386900621	(-8.075968e+03 1.139093e+05 -3.955239e+04)	(-8.103578e+03 1.135127e+05 -3.902490e+04)	(2.760939e+01 3.966188e+02 -5.274832e+02)
8.329634724629997	(-8.076465e+03 1.139536e+05 -3.953237e+04)	(-8.104052e+03 1.135573e+05 -3.900208e+04)	(2.758738e+01 3.963296e+02 -5.302891e+02)
8.351227248974272	(-8.074440e+03 1.139765e+05 -3.957271e+04)	(-8.102087e+03 1.135807e+05 -3.904019e+04)	(2.764726e+01 3.958439e+02 -5.325190e+02)
8.37310672118649	(-8.079851e+03 1.140697e+05 -3.959429e+04)	(-8.107273e+03 1.136737e+05 -3.906023e+04)	(2.742233e+01 3.960247e+02 -5.340553e+02)
8.395853566756422	(-8.081843e+03 1.141185e+05 -3.964119e+04)	(-8.109151e+03 1.137223e+05 -3.910448e+04)	(2.730727e+01 3.961752e+02 -5.367105e+02)
8.417645881803896	(-8.079325e+03 1.140981e+05 -3.963459e+04)	(-8.106679e+03 1.137021e+05 -3.909572e+04)	(2.735341e+01 3.959162e+02 -5.388683e+02)
8.440337820654417	(-8.084729e+03 1.141653e+05 -3.968139e+04)	(-8.111894e+03 1.137691e+05 -3.914034e+04)	(2.716468e+01 3.961708e+02 -5.410460e+02)
8.462540959153163	(-8.084888e+03 1.141780e+05 -3.963411e+04)	(-8.111985e+03 1.137816e+05 -3.909076e+04)	(2.709762e+01 3.963940e+02 -5.433535e+02)
8.484057531756749	(-8.076674e+03 1.141831e+05 -3.959723e+04)	(-8.103735e+03 1.137867e+05 -3.905291e+04)	(2.706169e+01 3.964208e+02 -5.443228e+02)
8.506564527950271	(-8.077054e+03 1.142343e+05 -3.964320e+04)	(-8.104059e+03 1.138374e+05 -3.909646e+04)	(2.700498e+01 3.968686e+02 -5.467376e+02)
8.528611715651053	(-8.082843e+03 1.142542e+05 -3.961256e+04)	(-8.109704e+03 1.138570e+05 -3.906458e+04)	(2.686099e+01 3.971752e+02 -5.479771e+02)
8.551145267484916	(-8.086335e+03 1.143070e+05 -3.960855e+04)	(-8.113184e+03 1.139097e+05 -3.905984e+04)	(2.684821e+01 3.972876e+02 -5.487028e+02)
8.573050372243962	(-8.092119e+03 1.143271e+05 -3.962046e+04)	(-8.118949e+03 1.139296e+05 -3.906946e+04)	(2.682988e+01 3.975261e+02 -5.509935e+02)
8.595354694791927	(-8.098512e+03 1.144093e+05 -3.962411e+04)	(-8.125207e+03 1.140116e+05 -3.907283e+04)	(2.669475e+01 3.977833e+02 -5.512775e+02)
8.61733634740874	(-8.113196e+03 1.144232e+05 -3.957471e+04)	(-8.139830e+03 1.140251e+05 -3.902316e+04)	(2.663407e+01 3.981741e+02 -5.515533e+02)
8.639639259982268	(-8.127042e+03 1.144961e+05 -3.959202e+04)	(-8.153731e+03 1.140978e+05 -3.903886e+04)	(2.668809e+01 3.982561e+02 -5.531685e+02)
8.662407712873847	(-8.143971e+03 1.145668e+05 -3.958348e+04)	(-8.170535e+03 1.141682e+05 -3.903103e+04)	(2.656354e+01 3.985834e+02 -5.524509e+02)
8.68430952443353	(-8.157450e+03 1.146231e+05 -3.955555e+04)	(-8.183962e+03 1.142242e+05 -3.900170e+04)	(2.651136e+01 3.989185e+02 -5.538495e+02)
8.706516564631151	(-8.166785e+03 1.146845e+05 -3.956940e+04)	(-8.193294e+03 1.142856e+05 -3.901498e+04)	(2.650896e+01 3.989339e+02 -5.544214e+02)
8.729172536868891	(-8.172902e+03 1.147101e+05 -3.959442e+04)	(-8.199234e+03 1.143108e+05 -3.904051e+04)	(2.633275e+01 3.992420e+02 -5.539178e+02)
8.751618743500472	(-8.173442e+03 1.147196e+05 -3.959008e+04)	(-8.199789e+03 1.143202e+05 -3.903485e+04)	(2.634658e+01 3.993281e+02 -5.552273e+02)
8.774241850504103	(-8.169349e+03 1.146627e+05 -3.956544e+04)	(-8.195703e+03 1.142634e+05 -3.900950e+04)	(2.635413e+01 3.993195e+02 -5.559336e+02)
8.797472225700236	(-8.175747e+03 1.146708e+05 -3.958283e+04)	(-8.202020e+03 1.142714e+05 -3.902659e+04)	(2.627339e+01 3.994354e+02 -5.562380e+02)
8.820204472436146	(-8.171808e+03 1.146404e+05 -3.952238e+04)	(-8.198061e+03 1.142409e+05 -3.896437e+04)	(2.625343e+01 3.994933e+02 -5.580160e+02)
8.842701649298956	(-8.172129e+03 1.145984e+05 -3.951964e+04)	(-8.198385e+03 1.141990e+05 -3.896105e+04)	(2.625640e+01 3.994195e+02 -5.585888e+02)
8.864992096205397	(-8.179836e+03 1.145562e+05 -3.947498e+04)	(-8.206084e+03 1.141567e+05 -3.891482e+04)	(2.624772e+01 3.994319e+02 -5.601542e+02)
8.887610011191175	(-8.188383e+03 1.145281e+05 -3.950972e+04)	(-8.214676e+03 1.141286e+05 -3.894788e+04)	(2.629259e+01 3.994843e+02 -5.618376e+02)
8.911200034193724	(-8.192395e+03 1.144934e+05 -3.947654e+04)	(-8.218728e+03 1.140937e+05 -3.891413e+04)	(2.633371e+01 3.996435e+02 -5.624058e+02)
8.933781842861974	(-8.198026e+03 1.144691e+05 -3.945055e+04)	(-8.224443e+03 1.140693e+05 -3.888600e+04)	(2.641749e+01 3.997741e+02 -5.645538e+02)
8.956255945211065	(-8.203411e+03 1.144131e+05 -3.941950e+04)	(-8.229932e+03 1.140131e+05 -3.885355e+04)	(2.652032e+01 3.999582e+02 -5.659474e+02)
8.97904216134285	(-8.207907e+03 1.143582e+05 -3.937052e+04)	(-8.234416e+03 1.139578e+05 -3.880343e+04)	(2.650873e+01 4.004003e+02 -5.670845e+02)
9.002874123498996	(-8.215732e+03 1.142432e+05 -3.934373e+04)	(-8.242343e+03 1.138425e+05 -3.877462e+04)	(2.661101e+01 4.007051e+02 -5.691096e+02)
9.025378924403729	(-8.223185e+03 1.141991e+05 -3.927005e+04)	(-8.249999e+03 1.137983e+05 -3.869980e+04)	(2.681410e+01 4.008156e+02 -5.702502e+02)
9.047208501287269	(-8.228212e+03 1.141632e+05 -3.920163e+04)	(-8.255027e+03 1.137616e+05 -3.862987e+04)	(2.681587e+01 4.015923e+02 -5.717565e+02)
9.070708835714786	(-8.235069e+03 1.141003e+05 -3.917129e+04)	(-8.262025e+03 1.136983e+05 -3.859873e+04)	(2.695689e+01 4.020439e+02 -5.725677e+02)
9.093211143951454	(-8.237819e+03 1.141000e+05 -3.910313e+04)	(-8.264922e+03 1.136974e+05 -3.852980e+04)	(2.710306e+01 4.025889e+02 -5.733287e+02)
9.114999246699718	(-8.243193e+03 1.139694e+05 -3.900459e+04)	(-8.270408e+03 1.135659e+05 -3.843026e+04)	(2.721554e+01 4.034753e+02 -5.743309e+02)
9.138260146968065	(-8.238225e+03 1.138866e+05 -3.898522e+04)	(-8.265565e+03 1.134825e+05 -3.841132e+04)	(2.734094e+01 4.041250e+02 -5.739045e+02)
9.16076063577753	(-8.232497e+03 1.137692e+05 -3.887448e+04)	(-8.260045e+03 1.133644e+05 -3.829979e+04)	(2.754760e+01 4.048881e+02 -5.746835e+02)
9.183248051341947	(-8.227368e+03 1.136973e+05 -3.885200e+04)	(-8.255131e+03 1.132918e+05 -3.827735e+04)	(2.776318e+01 4.055036e+02 -5.746467e+02)
9.205733140451763	(-8.221790e+03 1.135745e+05 -3.879721e+04)	(-8.249714e+03 1.131681e+05 -3.822365e+04)	(2.792374e+01 4.063736e+02 -5.735590e+02)
9.228212619943184	(-8.216362e+03 1.135153e+05 -3.874080e+04)	(-8.244457e+03 1.131081e+05 -3.816708e+04)	(2.809500e+01 4.072391e+02 -5.737182e+02)
9.250689492240195	(-8.217763e+03 1.134351e+05 -3.867056e+04)	(-8.246124e+03 1.130271e+05 -3.809827e+04)	(2.836101e+01 4.079437e+02 -5.722853e+02)
9.273129775757262	(-8.216725e+03 1.133262e+05 -3.858654e+04)	(-8.245281e+03 1.129174e+05 -3.801588e+04)	(2.855609e+01 4.087605e+02 -5.706630e+02)
9.29561030146245	(-8.216648e+03 1.132429e+05 -3.853895e+04)	(-8.245355e+03 1.128333e+05 -3.796885e+04)	(2.870708e+01 4.096129e+02 -5.701038e+02)
9.318096808347425	(-8.216671e+03 1.131834e+05 -3.853789e+04)	(-8.245633e+03 1.127731e+05 -3.796983e+04)	(2.896216e+01 4.102918e+02 -5.680554e+02)
9.340110619576997	(-8.212940e+03 1.131044e+05 -3.846034e+04)	(-8.242067e+03 1.126933e+05 -3.789367e+04)	(2.912685e+01 4.111010e+02 -5.666613e+02)
9.362549709790596	(-8.207839e+03 1.129958e+05 -3.842676e+04)	(-8.237068e+03 1.125837e+05 -3.786183e+04)	(2.922842e+01 4.120590e+02 -5.649304e+02)
9.383905180813567	(-8.201658e+03 1.129597e+05 -3.838704e+04)	(-8.231028e+03 1.125470e+05 -3.782406e+04)	(2.936920e+01 4.127099e+02 -5.629815e+02)
9.405257931544918	(-8.186563e+03 1.128478e+05 -3.836747e+04)	(-8.216104e+03 1.124345e+05 -3.780559e+04)	(2.954080e+01 4.133814e+02 -5.618722e+02)
9.426605995517857	(-8.179627e+03 1.127270e+05 -3.830379e+04)	(-8.209368e+03 1.123131e+05 -3.774450e+04)	(2.974117e+01 4.138540e+02 -5.592927e+02)
9.447948535953051	(-8.173342e+03 1.126527e+05 -3.827388e+04)	(-8.203093e+03 1.122380e+05 -3.771607e+04)	(2.975049e+01 4.147249e+02 -5.578048e+02)
9.469286188373726	(-8.162051e+03 1.125785e+05 -3.828573e+04)	(-8.191971e+03 1.121633e+05 -3.772965e+04)	(2.992092e+01 4.152515e+02 -5.560837e+02)
9.490618272744236	(-8.149525e+03 1.124949e+05 -3.827615e+04)	(-8.179606e+03 1.120791e+05 -3.772229e+04)	(3.008028e+01 4.157701e+02 -5.538616e+02)
9.511941294533695	(-8.143064e+03 1.124213e+05 -3.823766e+04)	(-8.173172e+03 1.120049e+05 -3.768535e+04)	(3.010745e+01 4.164267e+02 -5.523134e+02)
9.533249948393188	(-8.132648e+03 1.123324e+05 -3.824440e+04)	(-8.162919e+03 1.119155e+05 -3.769392e+04)	(3.027053e+01 4.168752e+02 -5.504725e+02)
9.55454541746805	(-8.126637e+03 1.122578e+05 -3.820515e+04)	(-8.157018e+03 1.118407e+05 -3.765643e+04)	(3.038175e+01 4.171320e+02 -5.487173e+02)
9.575836730438491	(-8.117763e+03 1.122230e+05 -3.821225e+04)	(-8.148215e+03 1.118055e+05 -3.766491e+04)	(3.045166e+01 4.175441e+02 -5.473457e+02)
9.597124580102479	(-8.110317e+03 1.121960e+05 -3.819485e+04)	(-8.140817e+03 1.117781e+05 -3.764901e+04)	(3.050052e+01 4.178764e+02 -5.458371e+02)
9.618409416173225	(-8.102248e+03 1.120975e+05 -3.816546e+04)	(-8.132752e+03 1.116793e+05 -3.762125e+04)	(3.050433e+01 4.182160e+02 -5.442126e+02)
9.639688582186398	(-8.093524e+03 1.120146e+05 -3.814989e+04)	(-8.124143e+03 1.115964e+05 -3.760695e+04)	(3.061861e+01 4.182741e+02 -5.429359e+02)
9.660446424401583	(-8.083252e+03 1.119453e+05 -3.812438e+04)	(-8.113890e+03 1.115270e+05 -3.758302e+04)	(3.063821e+01 4.183295e+02 -5.413567e+02)
9.681199721083253	(-8.068876e+03 1.119026e+05 -3.813248e+04)	(-8.099426e+03 1.114841e+05 -3.759256e+04)	(3.055042e+01 4.184770e+02 -5.399212e+02)
9.701951799576463	(-8.054818e+03 1.118145e+05 -3.814548e+04)	(-8.085448e+03 1.113962e+05 -3.760701e+04)	(3.063028e+01 4.182569e+02 -5.384696e+02)
9.722698843302748	(-8.038122e+03 1.117071e+05 -3.810577e+04)	(-8.068867e+03 1.112890e+05 -3.756859e+04)	(3.074426e+01 4.180484e+02 -5.371775e+02)
9.743448475978033	(-8.020013e+03 1.116434e+05 -3.811909e+04)	(-8.050816e+03 1.112256e+05 -3.758286e+04)	(3.080289e+01 4.178095e+02 -5.362291e+02)
9.764201879940902	(-8.011571e+03 1.115228e+05 -3.811548e+04)	(-8.042353e+03 1.111051e+05 -3.758020e+04)	(3.078235e+01 4.176899e+02 -5.352801e+02)
9.784959563791002	(-7.994789e+03 1.114848e+05 -3.811462e+04)	(-8.025716e+03 1.110677e+05 -3.758098e+04)	(3.092667e+01 4.171223e+02 -5.336441e+02)
9.805719639595054	(-7.984505e+03 1.114296e+05 -3.806372e+04)	(-8.015465e+03 1.110129e+05 -3.753121e+04)	(3.096021e+01 4.167087e+02 -5.325103e+02)
9.826479314197787	(-7.975118e+03 1.113598e+05 -3.808887e+04)	(-8.005988e+03 1.109433e+05 -3.755762e+04)	(3.086990e+01 4.164977e+02 -5.312566e+02)
9.847235387501692	(-7.971910e+03 1.113247e+05 -3.806098e+04)	(-8.002831e+03 1.109088e+05 -3.753141e+04)	(3.092105e+01 4.159711e+02 -5.295708e+02)
9.867988207764126	(-7.965779e+03 1.112067e+05 -3.806770e+04)	(-7.996679e+03 1.107910e+05 -3.753915e+04)	(3.090012e+01 4.156462e+02 -5.285548e+02)
9.888729074691632	(-7.944887e+03 1.111060e+05 -3.801759e+04)	(-7.975732e+03 1.106906e+05 -3.749015e+04)	(3.084490e+01 4.153316e+02 -5.274395e+02)
9.909456097136122	(-7.943251e+03 1.109887e+05 -3.800042e+04)	(-7.974252e+03 1.105740e+05 -3.747455e+04)	(3.100035e+01 4.147030e+02 -5.258655e+02)
9.930167182708558	(-7.927242e+03 1.109362e+05 -3.800847e+04)	(-7.958169e+03 1.105219e+05 -3.748374e+04)	(3.092768e+01 4.142907e+02 -5.247300e+02)
9.95037822533016	(-7.911309e+03 1.108440e+05 -3.793581e+04)	(-7.942139e+03 1.104300e+05 -3.741192e+04)	(3.082972e+01 4.140154e+02 -5.238841e+02)
9.970590999699338	(-7.899141e+03 1.108069e+05 -3.794956e+04)	(-7.929951e+03 1.103933e+05 -3.742751e+04)	(3.081059e+01 4.135663e+02 -5.220550e+02)
9.990814114631833	(-7.885429e+03 1.106883e+05 -3.790270e+04)	(-7.916147e+03 1.102750e+05 -3.738202e+04)	(3.071838e+01 4.132631e+02 -5.206868e+02)
