# Force       
0.102676       -2.112736e+03 -2.598101e+01 8.520306e+03 -1.917398e+03 -2.702459e+01 8.524495e+03 -1.953381e+02 1.043581e+00 -4.189482e+00
0.219512       -2.415243e+03 -1.531476e+02 8.354733e+03 -2.225924e+03 -1.532378e+02 8.359347e+03 -1.893194e+02 9.022110e-02 -4.614722e+00
0.329468       -2.473848e+03 2.370812e+02 8.778253e+03 -2.286005e+03 2.380478e+02 8.783026e+03 -1.878434e+02 -9.665951e-01 -4.773589e+00
0.436272       -2.653482e+03 1.763523e+02 9.139676e+03 -2.466163e+03 1.770947e+02 9.143878e+03 -1.873188e+02 -7.423871e-01 -4.201252e+00
0.536097       -2.594834e+03 2.220047e+02 9.563917e+03 -2.406886e+03 2.193449e+02 9.565412e+03 -1.879482e+02 2.659781e+00 -1.495595e+00
0.636154       -2.573888e+03 1.630086e+02 9.788153e+03 -2.383683e+03 1.562748e+02 9.787570e+03 -1.902053e+02 6.733820e+00 5.830241e-01
0.733855       -2.550099e+03 1.490344e+02 9.521343e+03 -2.354696e+03 1.415731e+02 9.522266e+03 -1.954024e+02 7.461275e+00 -9.236996e-01
0.820167       -2.598118e+03 3.633496e+01 9.689535e+03 -2.398341e+03 2.909316e+01 9.691549e+03 -1.997771e+02 7.241802e+00 -2.014542e+00
0.899551       -2.484787e+03 -1.530569e+02 1.003866e+04 -2.279682e+03 -1.600602e+02 1.004143e+04 -2.051048e+02 7.003360e+00 -2.767004e+00
0.983309       -2.538341e+03 -3.179742e+02 1.075513e+04 -2.329369e+03 -3.258366e+02 1.075825e+04 -2.089719e+02 7.862387e+00 -3.126981e+00
1.0777167854493 -2.621285e+03 -4.125351e+02 1.095291e+04 -2.404739e+03 -4.222755e+02 1.095804e+04 -2.165463e+02 9.740367e+00 -5.134500e+00
1.165424868622852 -2.679259e+03 -1.851410e+02 1.090196e+04 -2.461304e+03 -1.956372e+02 1.090770e+04 -2.179552e+02 1.049618e+01 -5.735776e+00
1.243543266497244 -2.738996e+03 8.925491e+01 1.133172e+04 -2.526850e+03 7.944195e+01 1.133619e+04 -2.121466e+02 9.812960e+00 -4.472041e+00
1.306067007453137 -2.792591e+03 1.225259e+02 1.191842e+04 -2.583826e+03 1.143294e+02 1.192098e+04 -2.087651e+02 8.196439e+00 -2.560253e+00
1.371379161335314 -2.826189e+03 2.971439e+02 1.270321e+04 -2.617753e+03 2.908366e+02 1.270422e+04 -2.084356e+02 6.307258e+00 -1.015710e+00
1.464656866433208 -2.940481e+03 3.986646e+02 1.291657e+04 -2.732510e+03 3.940957e+02 1.291765e+04 -2.079707e+02 4.568921e+00 -1.085642e+00
1.553643986473964 -2.927192e+03 1.183633e+01 1.272293e+04 -2.726959e+03 7.979919e+00 1.272390e+04 -2.002333e+02 3.856413e+00 -9.776158e-01
1.650962383057874 -2.885718e+03 1.456235e+02 1.296442e+04 -2.696102e+03 1.415584e+02 1.296568e+04 -1.896161e+02 4.065066e+00 -1.261549e+00
1.712473924226046 -2.858803e+03 5.602879e+01 1.291311e+04 -2.668114e+03 5.161576e+01 1.291453e+04 -1.906886e+02 4.413027e+00 -1.424199e+00
1.793571050361711 -2.791846e+03 2.121466e+01 1.241813e+04 -2.600179e+03 1.788663e+01 1.241961e+04 -1.916667e+02 3.328028e+00 -1.481221e+00
1.891105951724726 -2.813746e+03 -1.674923e+02 1.149815e+04 -2.628175e+03 -1.708406e+02 1.149933e+04 -1.855710e+02 3.348245e+00 -1.182660e+00
2.001224235520357 -2.730304e+03 -9.907428e+01 1.156678e+04 -2.557461e+03 -1.019093e+02 1.156852e+04 -1.728432e+02 2.835050e+00 -1.739585e+00
2.122202015442954 -2.625278e+03 -6.308553e+01 1.165667e+04 -2.445039e+03 -6.464623e+01 1.165880e+04 -1.802385e+02 1.560693e+00 -2.137290e+00
2.21787517683593 -2.626959e+03 -1.598692e+02 1.067979e+04 -2.444135e+03 -1.610626e+02 1.068279e+04 -1.828233e+02 1.193462e+00 -2.997159e+00
2.314656816415774 -2.607007e+03 -1.502589e+02 1.064039e+04 -2.426729e+03 -1.513024e+02 1.064282e+04 -1.802780e+02 1.043461e+00 -2.430528e+00
2.415375117200057 -2.628156e+03 -2.355104e+02 1.059093e+04 -2.446173e+03 -2.363929e+02 1.059420e+04 -1.819832e+02 8.824809e-01 -3.268503e+00
2.51864611523833 -2.678769e+03 -2.812140e+00 1.039623e+04 -2.492871e+03 -3.418622e+00 1.039974e+04 -1.858984e+02 6.064822e-01 -3.510751e+00
2.626423504559166 -2.726681e+03 3.327995e+01 1.031867e+04 -2.538225e+03 3.269975e+01 1.032215e+04 -1.884556e+02 5.801976e-01 -3.474031e+00
2.723740562977437 -2.703889e+03 7.332142e+01 1.058145e+04 -2.512451e+03 7.244017e+01 1.058536e+04 -1.914386e+02 8.812529e-01 -3.915131e+00
2.849221015790485 -2.726415e+03 8.135050e+01 1.065751e+04 -2.530841e+03 7.987109e+01 1.066119e+04 -1.955735e+02 1.479412e+00 -3.681212e+00
2.955164253364375 -2.728982e+03 1.687986e+02 1.048119e+04 -2.529979e+03 1.669663e+02 1.048471e+04 -1.990024e+02 1.832301e+00 -3.514150e+00
3.062173287465756 -2.698518e+03 1.549351e+02 1.037169e+04 -2.495381e+03 1.528709e+02 1.037528e+04 -2.031371e+02 2.064288e+00 -3.594584e+00
3.186927704550621 -2.686114e+03 1.367100e+02 1.060944e+04 -2.479241e+03 1.340286e+02 1.061180e+04 -2.068720e+02 2.681425e+00 -2.353719e+00
3.296812466992922 -2.654241e+03 -9.088733e+00 1.072957e+04 -2.449430e+03 -1.271523e+01 1.073106e+04 -2.048112e+02 3.626495e+00 -1.483560e+00
3.431983892256168 -2.632811e+03 -2.786009e+01 1.106346e+04 -2.431506e+03 -3.224109e+01 1.106364e+04 -2.013047e+02 4.380995e+00 -1.823798e-01
3.578970796478644 -2.588041e+03 8.606408e+00 1.123405e+04 -2.393436e+03 3.356319e+00 1.123341e+04 -1.946053e+02 5.250089e+00 6.461119e-01
3.69462560069514 -2.591133e+03 6.684599e+01 1.149997e+04 -2.394718e+03 6.170743e+01 1.149889e+04 -1.964147e+02 5.138552e+00 1.086559e+00
3.828790684753944 -2.565201e+03 -5.937858e+01 1.170286e+04 -2.365270e+03 -6.407868e+01 1.170180e+04 -1.999306e+02 4.700095e+00 1.059139e+00
3.952347473910324 -2.529413e+03 -1.051037e+02 1.180425e+04 -2.329275e+03 -1.100666e+02 1.180312e+04 -2.001384e+02 4.962911e+00 1.127037e+00
4.062754716992873 -2.530540e+03 -2.840685e+02 1.183501e+04 -2.332873e+03 -2.892943e+02 1.183411e+04 -1.976674e+02 5.225839e+00 9.051628e-01
4.166553557009339 -2.525397e+03 -3.064216e+02 1.194594e+04 -2.329867e+03 -3.121486e+02 1.194540e+04 -1.955300e+02 5.727062e+00 5.411725e-01
4.267905732905686 -2.525264e+03 -3.033447e+02 1.199613e+04 -2.332553e+03 -3.090573e+02 1.199541e+04 -1.927113e+02 5.712621e+00 7.203363e-01
4.383398191560362 -2.496536e+03 -2.717838e+02 1.202635e+04 -2.307542e+03 -2.775934e+02 1.202511e+04 -1.889939e+02 5.809612e+00 1.241926e+00
4.486469653428169 -2.496584e+03 -2.400607e+02 1.210771e+04 -2.306975e+03 -2.462707e+02 1.210660e+04 -1.896089e+02 6.210035e+00 1.113555e+00
4.592330511297829 -2.506503e+03 -3.044601e+02 1.198433e+04 -2.312660e+03 -3.107967e+02 1.198324e+04 -1.938426e+02 6.336645e+00 1.082605e+00
4.699093710651534 -2.503267e+03 -3.099730e+02 1.198750e+04 -2.303611e+03 -3.158883e+02 1.198661e+04 -1.996563e+02 5.915294e+00 8.892796e-01
4.797686386350763 -2.486788e+03 -3.723267e+02 1.202565e+04 -2.285394e+03 -3.782183e+02 1.202522e+04 -2.013945e+02 5.891635e+00 4.374716e-01
4.903234402211267 -2.486474e+03 -3.335556e+02 1.207502e+04 -2.282663e+03 -3.392723e+02 1.207488e+04 -2.038104e+02 5.716649e+00 1.418045e-01
5.016439082224161 -2.495495e+03 -3.919235e+02 1.227658e+04 -2.288908e+03 -3.975812e+02 1.227654e+04 -2.065873e+02 5.657695e+00 3.789812e-02
5.121597065394295 -2.512079e+03 -3.601452e+02 1.243048e+04 -2.303517e+03 -3.650268e+02 1.243047e+04 -2.085615e+02 4.881661e+00 1.170564e-02
5.229096136611913 -2.483732e+03 -3.311179e+02 1.236591e+04 -2.273194e+03 -3.346059e+02 1.236552e+04 -2.105385e+02 3.487937e+00 3.893705e-01
5.330975367028997 -2.486916e+03 -3.560694e+02 1.238413e+04 -2.274783e+03 -3.591970e+02 1.238365e+04 -2.121331e+02 3.127574e+00 4.786012e-01
5.435437148698766 -2.499284e+03 -4.278770e+02 1.231513e+04 -2.286063e+03 -4.310810e+02 1.231460e+04 -2.132207e+02 3.204017e+00 5.252529e-01
5.538655042316249 -2.499826e+03 -2.973156e+02 1.231743e+04 -2.285105e+03 -3.003951e+02 1.231680e+04 -2.147214e+02 3.079510e+00 6.306828e-01
5.623247713466716 -2.479395e+03 -2.373374e+02 1.243092e+04 -2.262823e+03 -2.405812e+02 1.243018e+04 -2.165721e+02 3.243875e+00 7.414180e-01
5.71697209046412 -2.483869e+03 -1.674478e+02 1.260017e+04 -2.265265e+03 -1.708490e+02 1.259933e+04 -2.186041e+02 3.401183e+00 8.337638e-01
5.802113795224937 -2.490087e+03 -2.287480e+02 1.262769e+04 -2.271042e+03 -2.321229e+02 1.262684e+04 -2.190447e+02 3.374902e+00 8.525134e-01
5.888181112980508 -2.485548e+03 -2.371643e+02 1.266208e+04 -2.264873e+03 -2.402651e+02 1.266104e+04 -2.206750e+02 3.100828e+00 1.036023e+00
5.967881762887208 -2.491872e+03 -2.849149e+02 1.263437e+04 -2.270705e+03 -2.880005e+02 1.263327e+04 -2.211676e+02 3.085590e+00 1.103114e+00
6.051861613709975 -2.489930e+03 -2.198095e+02 1.273923e+04 -2.268602e+03 -2.227569e+02 1.273799e+04 -2.213282e+02 2.947446e+00 1.247743e+00
6.140395280957614 -2.476371e+03 -2.882874e+02 1.277236e+04 -2.255620e+03 -2.913322e+02 1.277128e+04 -2.207520e+02 3.044717e+00 1.073558e+00
6.228152510573388 -2.507830e+03 -2.701978e+02 1.278135e+04 -2.286259e+03 -2.738778e+02 1.278035e+04 -2.215712e+02 3.680061e+00 9.977753e-01
6.319792904780602 -2.505739e+03 -1.960442e+02 1.282423e+04 -2.281854e+03 -2.001807e+02 1.282303e+04 -2.238847e+02 4.136575e+00 1.201320e+00
6.403172052200106 -2.512513e+03 -1.863147e+02 1.289428e+04 -2.286672e+03 -1.903286e+02 1.289288e+04 -2.258408e+02 4.013868e+00 1.392936e+00
6.490372705964475 -2.491791e+03 -2.344871e+02 1.272930e+04 -2.263960e+03 -2.384608e+02 1.272778e+04 -2.278304e+02 3.973716e+00 1.521651e+00
6.584107921359524 -2.499089e+03 -2.898624e+02 1.281010e+04 -2.268460e+03 -2.937959e+02 1.280878e+04 -2.306290e+02 3.933517e+00 1.320739e+00
6.683609567076141 -2.498022e+03 -2.377469e+02 1.292174e+04 -2.265437e+03 -2.415324e+02 1.292039e+04 -2.325851e+02 3.785567e+00 1.345674e+00
6.768077842619247 -2.505293e+03 -2.370218e+02 1.296816e+04 -2.272374e+03 -2.403532e+02 1.296670e+04 -2.329184e+02 3.331330e+00 1.457383e+00
6.863089094913449 -2.508884e+03 -1.899782e+02 1.311092e+04 -2.276185e+03 -1.931495e+02 1.310973e+04 -2.326991e+02 3.171205e+00 1.195343e+00
6.960386675532262 -2.517281e+03 -2.400240e+02 1.322215e+04 -2.284093e+03 -2.429509e+02 1.322112e+04 -2.331874e+02 2.926988e+00 1.031221e+00
7.056813275599511 -2.496830e+03 -2.918162e+02 1.326336e+04 -2.262650e+03 -2.946895e+02 1.326240e+04 -2.341804e+02 2.873247e+00 9.557318e-01
7.148505264018773 -2.517338e+03 -2.775444e+02 1.322575e+04 -2.282959e+03 -2.802372e+02 1.322480e+04 -2.343782e+02 2.692865e+00 9.477562e-01
7.231037737078733 -2.521528e+03 -2.350081e+02 1.326475e+04 -2.286767e+03 -2.372563e+02 1.326371e+04 -2.347618e+02 2.248124e+00 1.040363e+00
7.319859458042145 -2.540851e+03 -1.639533e+02 1.338110e+04 -2.303530e+03 -1.661658e+02 1.337999e+04 -2.373201e+02 2.212428e+00 1.113387e+00
7.403299164665041 -2.533414e+03 -2.262594e+02 1.339774e+04 -2.296318e+03 -2.286696e+02 1.339648e+04 -2.370961e+02 2.410194e+00 1.263772e+00
7.481663979118895 -2.534860e+03 -2.513327e+02 1.351512e+04 -2.297411e+03 -2.537648e+02 1.351389e+04 -2.374484e+02 2.432052e+00 1.238450e+00
7.558997963851745 -2.511177e+03 -2.697113e+02 1.356220e+04 -2.272849e+03 -2.721979e+02 1.356068e+04 -2.383271e+02 2.486545e+00 1.517720e+00
7.652864320141403 -2.556877e+03 -2.926315e+02 1.358913e+04 -2.319566e+03 -2.953550e+02 1.358789e+04 -2.373112e+02 2.723497e+00 1.243794e+00
7.748110373691444 -2.562630e+03 -2.039644e+02 1.365689e+04 -2.325176e+03 -2.065732e+02 1.365566e+04 -2.374541e+02 2.608729e+00 1.227314e+00
7.835736133942043 -2.559007e+03 -2.487164e+02 1.369231e+04 -2.319409e+03 -2.515440e+02 1.369106e+04 -2.395982e+02 2.827574e+00 1.254611e+00
7.918548758103604 -2.559969e+03 -2.367549e+02 1.371577e+04 -2.319823e+03 -2.403719e+02 1.371444e+04 -2.401463e+02 3.616934e+00 1.327995e+00
8.00207266626969 -2.583498e+03 -2.684081e+02 1.379957e+04 -2.343327e+03 -2.730648e+02 1.379822e+04 -2.401706e+02 4.656637e+00 1.348526e+00
8.085992767191264 -2.566030e+03 -2.840552e+02 1.379758e+04 -2.326590e+03 -2.885266e+02 1.379596e+04 -2.394395e+02 4.471397e+00 1.613632e+00
8.177680837806236 -2.565588e+03 -2.503581e+02 1.391378e+04 -2.326482e+03 -2.543735e+02 1.391211e+04 -2.391057e+02 4.015459e+00 1.663899e+00
8.262741309945014 -2.612740e+03 -2.073519e+02 1.403463e+04 -2.373113e+03 -2.115152e+02 1.403310e+04 -2.396265e+02 4.163367e+00 1.539478e+00
8.350433028307888 -2.593342e+03 -3.246840e+02 1.397989e+04 -2.350730e+03 -3.288948e+02 1.397801e+04 -2.426116e+02 4.210814e+00 1.873433e+00
8.447420019263125 -2.611070e+03 -2.566263e+02 1.413604e+04 -2.366964e+03 -2.609084e+02 1.413440e+04 -2.441066e+02 4.282099e+00 1.640490e+00
8.537499763983934 -2.619661e+03 -2.661021e+02 1.423519e+04 -2.374824e+03 -2.700025e+02 1.423321e+04 -2.448375e+02 3.900379e+00 1.978417e+00
8.63872502411073 -2.628182e+03 -1.853906e+02 1.434669e+04 -2.380856e+03 -1.891145e+02 1.434431e+04 -2.473263e+02 3.723935e+00 2.381205e+00
8.738186142811188 -2.618075e+03 -2.752510e+02 1.439469e+04 -2.370463e+03 -2.786889e+02 1.439198e+04 -2.476122e+02 3.437866e+00 2.710350e+00
8.838838016258016 -2.642851e+03 -2.746079e+02 1.448109e+04 -2.395774e+03 -2.776970e+02 1.447825e+04 -2.470763e+02 3.089054e+00 2.843030e+00
8.937851468541156 -2.641077e+03 -1.881185e+02 1.449769e+04 -2.392527e+03 -1.915499e+02 1.449477e+04 -2.485500e+02 3.431480e+00 2.915805e+00
9.036894205946362 -2.663179e+03 -2.532599e+02 1.453592e+04 -2.411517e+03 -2.575401e+02 1.453312e+04 -2.516612e+02 4.280157e+00 2.799263e+00
9.146542977803609 -2.661384e+03 -1.457607e+02 1.475069e+04 -2.410760e+03 -1.510034e+02 1.474875e+04 -2.506242e+02 5.242768e+00 1.939127e+00
9.255622509549838 -2.666662e+03 -1.765389e+02 1.481794e+04 -2.415939e+03 -1.821577e+02 1.481657e+04 -2.507225e+02 5.618723e+00 1.372703e+00
9.35511879065  -2.682711e+03 -1.543014e+02 1.495461e+04 -2.430893e+03 -1.597103e+02 1.495341e+04 -2.518175e+02 5.408967e+00 1.200281e+00
9.462980706051031 -2.665234e+03 -2.407524e+02 1.509113e+04 -2.416117e+03 -2.458427e+02 1.509001e+04 -2.491166e+02 5.090296e+00 1.124176e+00
9.564303329831029 -2.676374e+03 -3.089386e+02 1.519188e+04 -2.429839e+03 -3.134520e+02 1.519086e+04 -2.465358e+02 4.513331e+00 1.027019e+00
9.650211856799064 -2.673600e+03 -2.094117e+02 1.521423e+04 -2.428900e+03 -2.139327e+02 1.521314e+04 -2.447000e+02 4.520951e+00 1.084780e+00
9.747191524599506 -2.681298e+03 -2.158001e+02 1.529364e+04 -2.438541e+03 -2.206010e+02 1.529277e+04 -2.427574e+02 4.800873e+00 8.756385e-01
9.843449706079547 -2.675762e+03 -1.644270e+02 1.536556e+04 -2.434547e+03 -1.698614e+02 1.536458e+04 -2.412155e+02 5.434433e+00 9.713895e-01
9.936527315294349 -2.660957e+03 -2.254184e+02 1.535865e+04 -2.421000e+03 -2.309020e+02 1.535769e+04 -2.399575e+02 5.483662e+00 9.597749e-01
10.033898528883212 -2.699733e+03 -1.891934e+02 1.547910e+04 -2.458784e+03 -1.943556e+02 1.547807e+04 -2.409488e+02 5.162208e+00 1.032241e+00
10.131505218353819 -2.711960e+03 -1.860797e+02 1.554711e+04 -2.472150e+03 -1.913725e+02 1.554583e+04 -2.398098e+02 5.292824e+00 1.279748e+00
10.23112226723245 -2.687112e+03 -2.172017e+02 1.549856e+04 -2.449641e+03 -2.228304e+02 1.549687e+04 -2.374701e+02 5.628660e+00 1.690226e+00
10.327037312734486 -2.704223e+03 -1.957319e+02 1.561757e+04 -2.468552e+03 -2.020025e+02 1.561574e+04 -2.356709e+02 6.270664e+00 1.835954e+00
10.422251204056554 -2.719946e+03 -1.946104e+02 1.564735e+04 -2.485018e+03 -2.014958e+02 1.564535e+04 -2.349278e+02 6.885459e+00 2.003024e+00
10.518639762213709 -2.728155e+03 -1.816118e+02 1.577419e+04 -2.491914e+03 -1.878794e+02 1.577197e+04 -2.362414e+02 6.267602e+00 2.219164e+00
10.612435278352786 -2.720940e+03 -1.802480e+02 1.579928e+04 -2.486062e+03 -1.857871e+02 1.579652e+04 -2.348780e+02 5.539104e+00 2.763289e+00
10.708460925637439 -2.726778e+03 -1.911630e+02 1.581289e+04 -2.492583e+03 -1.958577e+02 1.580960e+04 -2.341954e+02 4.694693e+00 3.287328e+00
10.804183601264315 -2.731468e+03 -1.746828e+02 1.584992e+04 -2.495614e+03 -1.783467e+02 1.584678e+04 -2.358541e+02 3.663941e+00 3.143971e+00
10.899823727369252 -2.749195e+03 -2.298379e+02 1.596849e+04 -2.510710e+03 -2.333333e+02 1.596572e+04 -2.384852e+02 3.495361e+00 2.773348e+00
10.99688311561556 -2.750161e+03 -1.301797e+02 1.606560e+04 -2.512416e+03 -1.337150e+02 1.606317e+04 -2.377448e+02 3.535281e+00 2.427865e+00
11.096722536985141 -2.765201e+03 -1.269869e+02 1.608994e+04 -2.528262e+03 -1.304394e+02 1.608752e+04 -2.369392e+02 3.452492e+00 2.415778e+00
11.192181493011358 -2.783998e+03 -1.234266e+02 1.616347e+04 -2.546021e+03 -1.266282e+02 1.616149e+04 -2.379775e+02 3.201550e+00 1.976761e+00
11.289746678995678 -2.792495e+03 -1.598550e+02 1.621838e+04 -2.555181e+03 -1.632856e+02 1.621664e+04 -2.373141e+02 3.430569e+00 1.745162e+00
11.392380573672421 -2.783714e+03 -1.772712e+02 1.625726e+04 -2.549249e+03 -1.810759e+02 1.625507e+04 -2.344651e+02 3.804708e+00 2.187175e+00
11.493338041320886 -2.793843e+03 -8.647096e+01 1.630401e+04 -2.563115e+03 -9.036779e+01 1.630142e+04 -2.307277e+02 3.896832e+00 2.587432e+00
11.596156030308251 -2.810350e+03 -8.121194e+01 1.634923e+04 -2.578727e+03 -8.424257e+01 1.634672e+04 -2.316234e+02 3.030631e+00 2.510156e+00
11.692362852821816 -2.817064e+03 -7.920098e+01 1.637736e+04 -2.582621e+03 -8.155795e+01 1.637548e+04 -2.344430e+02 2.356973e+00 1.876367e+00
11.789080726399057 -2.817410e+03 -1.623299e+02 1.637857e+04 -2.581907e+03 -1.647747e+02 1.637669e+04 -2.355029e+02 2.444865e+00 1.884633e+00
11.889229209698232 -2.829536e+03 -1.294418e+02 1.647035e+04 -2.592350e+03 -1.323345e+02 1.646803e+04 -2.371866e+02 2.892732e+00 2.324703e+00
11.987905579870745 -2.839434e+03 -4.167948e+01 1.651420e+04 -2.599594e+03 -4.456497e+01 1.651198e+04 -2.398404e+02 2.885492e+00 2.218060e+00
12.095065564911033 -2.880678e+03 -6.757687e+01 1.660652e+04 -2.634247e+03 -7.011105e+01 1.660486e+04 -2.464308e+02 2.534178e+00 1.657837e+00
12.189587885746944 -2.859813e+03 -1.273271e+02 1.646449e+04 -2.607839e+03 -1.297268e+02 1.646315e+04 -2.519739e+02 2.399735e+00 1.341629e+00
12.287373951928522 -2.863295e+03 -1.071396e+02 1.654912e+04 -2.608032e+03 -1.096795e+02 1.654793e+04 -2.552627e+02 2.539858e+00 1.183657e+00
12.391910662957992 -2.870942e+03 -6.800999e+01 1.662046e+04 -2.611629e+03 -7.091968e+01 1.661958e+04 -2.593131e+02 2.909696e+00 8.780671e-01
12.501390122865709 -2.890925e+03 -9.589334e+01 1.667526e+04 -2.628534e+03 -9.907232e+01 1.667466e+04 -2.623912e+02 3.178975e+00 6.006386e-01
12.601158738626072 -2.887993e+03 -7.521737e+01 1.667550e+04 -2.626777e+03 -7.910679e+01 1.667493e+04 -2.612155e+02 3.889423e+00 5.668983e-01
12.697775802155633 -2.897266e+03 -9.292401e+01 1.667512e+04 -2.641607e+03 -9.731336e+01 1.667428e+04 -2.556590e+02 4.389347e+00 8.323362e-01
12.792853793586399 -2.887718e+03 -5.675123e+01 1.676432e+04 -2.636253e+03 -6.157555e+01 1.676284e+04 -2.514647e+02 4.824322e+00 1.471933e+00
12.889570751525479 -2.896877e+03 -4.955607e+01 1.674995e+04 -2.644140e+03 -5.388919e+01 1.674849e+04 -2.527375e+02 4.333124e+00 1.459415e+00
12.991567250535718 -2.898454e+03 -7.643933e+01 1.670055e+04 -2.642890e+03 -8.067172e+01 1.669912e+04 -2.555645e+02 4.232392e+00 1.426210e+00
13.095779294241291 -2.903985e+03 -1.497182e+02 1.672886e+04 -2.648996e+03 -1.538725e+02 1.672749e+04 -2.549881e+02 4.154239e+00 1.366180e+00
13.195521954873136 -2.898823e+03 -1.195863e+02 1.670641e+04 -2.643850e+03 -1.232492e+02 1.670511e+04 -2.549731e+02 3.662909e+00 1.303095e+00
13.309111766542241 -2.904951e+03 -1.028031e+02 1.672985e+04 -2.646995e+03 -1.063740e+02 1.672874e+04 -2.579560e+02 3.570907e+00 1.102980e+00
13.421339442318523 -2.926331e+03 -3.196266e+01 1.675260e+04 -2.663154e+03 -3.513710e+01 1.675216e+04 -2.631773e+02 3.174444e+00 4.437063e-01
13.524424145096292 -2.932456e+03 -1.358595e+02 1.672842e+04 -2.666633e+03 -1.388486e+02 1.672863e+04 -2.658228e+02 2.989126e+00 -2.110705e-01
13.640446420917367 -2.930843e+03 -9.534509e+01 1.680797e+04 -2.666654e+03 -9.852505e+01 1.680835e+04 -2.641891e+02 3.179961e+00 -3.731881e-01
13.748495219730099 -2.932491e+03 -3.203127e+01 1.680690e+04 -2.669672e+03 -3.529018e+01 1.680725e+04 -2.628186e+02 3.258909e+00 -3.571289e-01
13.853473750476956 -2.938622e+03 -1.181596e+02 1.671929e+04 -2.677184e+03 -1.216635e+02 1.671994e+04 -2.614385e+02 3.503920e+00 -6.469984e-01
13.95683322224369 -2.937228e+03 -7.572645e+01 1.679080e+04 -2.678059e+03 -7.942287e+01 1.679169e+04 -2.591698e+02 3.696421e+00 -8.926374e-01
14.05658245812231 -2.938274e+03 -1.091987e+02 1.674156e+04 -2.679290e+03 -1.128152e+02 1.674264e+04 -2.589840e+02 3.616424e+00 -1.087135e+00
14.154500224224316 -2.945204e+03 -6.932365e+01 1.681356e+04 -2.684724e+03 -7.285364e+01 1.681482e+04 -2.604792e+02 3.529985e+00 -1.268050e+00
14.259509436111022 -2.950758e+03 -1.559579e+01 1.681311e+04 -2.687558e+03 -1.925446e+01 1.681435e+04 -2.632003e+02 3.658670e+00 -1.241887e+00
14.363272275541242 -2.963889e+03 -1.694214e+02 1.669237e+04 -2.696325e+03 -1.730724e+02 1.669350e+04 -2.675635e+02 3.651040e+00 -1.128763e+00
14.461917521413238 -2.970026e+03 -5.866375e+01 1.663096e+04 -2.696992e+03 -6.206768e+01 1.663236e+04 -2.730340e+02 3.403930e+00 -1.398784e+00
14.560959556719187 -2.989588e+03 -9.547741e+01 1.667313e+04 -2.708995e+03 -9.856594e+01 1.667475e+04 -2.805929e+02 3.088533e+00 -1.612764e+00
14.659168569607901 -2.992446e+03 -3.383535e+01 1.671279e+04 -2.706202e+03 -3.686271e+01 1.671445e+04 -2.862440e+02 3.027355e+00 -1.655859e+00
14.757895764470167 -2.995359e+03 -1.726096e+01 1.668411e+04 -2.707302e+03 -2.043458e+01 1.668578e+04 -2.880578e+02 3.173626e+00 -1.673260e+00
14.864011976999208 -3.007054e+03 -1.052716e+02 1.666353e+04 -2.718380e+03 -1.086196e+02 1.666514e+04 -2.886745e+02 3.347952e+00 -1.612405e+00
14.969758091616391 -2.996538e+03 -7.151822e+01 1.659194e+04 -2.706701e+03 -7.490199e+01 1.659358e+04 -2.898373e+02 3.383771e+00 -1.635394e+00
15.069696174629202 -3.012715e+03 -3.456152e+01 1.658052e+04 -2.721406e+03 -3.768970e+01 1.658222e+04 -2.913091e+02 3.128175e+00 -1.695125e+00
15.168972969936075 -3.020143e+03 -1.640437e+01 1.663463e+04 -2.726695e+03 -1.921246e+01 1.663679e+04 -2.934476e+02 2.808095e+00 -2.154392e+00
15.270117261103259 -3.026433e+03 -1.039604e+01 1.667916e+04 -2.732336e+03 -1.306205e+01 1.668169e+04 -2.940968e+02 2.666001e+00 -2.534534e+00
15.369777300006138 -3.012626e+03 -1.073923e+02 1.652925e+04 -2.717736e+03 -1.101979e+02 1.653225e+04 -2.948898e+02 2.805668e+00 -3.004232e+00
15.48550598951304 -3.048087e+03 -3.936655e+01 1.661794e+04 -2.753663e+03 -4.216706e+01 1.662110e+04 -2.944237e+02 2.800511e+00 -3.156195e+00
15.591219000728277 -3.032528e+03 6.868285e+00 1.650724e+04 -2.738365e+03 4.013777e+00 1.651060e+04 -2.941626e+02 2.854508e+00 -3.358278e+00
15.711135946169161 -3.047931e+03 -1.786097e+01 1.650953e+04 -2.754590e+03 -2.059104e+01 1.651295e+04 -2.933414e+02 2.730069e+00 -3.421778e+00
15.812112874336449 -3.030083e+03 1.108382e+00 1.650834e+04 -2.737250e+03 -1.622755e+00 1.651172e+04 -2.928332e+02 2.731137e+00 -3.385439e+00
15.912120235665171 -3.036570e+03 -1.296554e+02 1.641332e+04 -2.742825e+03 -1.324697e+02 1.641683e+04 -2.937459e+02 2.814326e+00 -3.502228e+00
16.011466104144937 -3.041719e+03 -4.459066e+00 1.647093e+04 -2.747590e+03 -7.533595e+00 1.647466e+04 -2.941293e+02 3.074529e+00 -3.728414e+00
16.120296128590841 -3.040741e+03 -1.366868e+01 1.640679e+04 -2.745213e+03 -1.657992e+01 1.641076e+04 -2.955279e+02 2.911239e+00 -3.976461e+00
16.238624777200961 -3.045527e+03 -7.502357e+00 1.644123e+04 -2.751399e+03 -1.010357e+01 1.644565e+04 -2.941283e+02 2.601212e+00 -4.417640e+00
16.338421105825226 -3.037030e+03 1.405550e+01 1.639802e+04 -2.744492e+03 1.196869e+01 1.640247e+04 -2.925378e+02 2.086813e+00 -4.456541e+00
16.44874819956005 -3.058854e+03 -4.922588e+01 1.628972e+04 -2.769185e+03 -5.092726e+01 1.629434e+04 -2.896689e+02 1.701385e+00 -4.619814e+00
16.565367150232706 -3.042054e+03 8.129155e+01 1.633742e+04 -2.753766e+03 7.970819e+01 1.634216e+04 -2.882878e+02 1.583358e+00 -4.735982e+00
16.668915734336654 -3.046150e+03 -3.048006e+01 1.631495e+04 -2.758095e+03 -3.200957e+01 1.631975e+04 -2.880558e+02 1.529512e+00 -4.807415e+00
16.767025455146914 -3.028319e+03 1.226963e+02 1.625105e+04 -2.740539e+03 1.213810e+02 1.625566e+04 -2.877795e+02 1.315337e+00 -4.614282e+00
16.888017529273039 -3.059822e+03 -4.429654e+01 1.619982e+04 -2.771558e+03 -4.559133e+01 1.620466e+04 -2.882641e+02 1.294787e+00 -4.836505e+00
16.991374308864906 -3.039587e+03 5.176452e+01 1.621851e+04 -2.751919e+03 5.065640e+01 1.622331e+04 -2.876688e+02 1.108114e+00 -4.799346e+00
17.091946502955391 -3.044354e+03 1.671971e+01 1.616606e+04 -2.756908e+03 1.577442e+01 1.617107e+04 -2.874460e+02 9.452957e-01 -5.016917e+00
17.194759075617487 -3.039984e+03 5.902175e+01 1.613004e+04 -2.751502e+03 5.812067e+01 1.613522e+04 -2.884817e+02 9.010867e-01 -5.186856e+00
17.300488164076608 -3.031061e+03 4.775321e+01 1.608139e+04 -2.741558e+03 4.652516e+01 1.608655e+04 -2.895022e+02 1.228056e+00 -5.151282e+00
17.411142830667728 -3.038536e+03 -5.527064e+01 1.607037e+04 -2.749750e+03 -5.625911e+01 1.607562e+04 -2.887859e+02 9.884708e-01 -5.251842e+00
17.525216668744832 -3.044974e+03 1.078669e+02 1.604634e+04 -2.755970e+03 1.070070e+02 1.605170e+04 -2.890039e+02 8.599571e-01 -5.362580e+00
17.630377388453748 -3.043398e+03 7.281320e+00 1.597617e+04 -2.753825e+03 6.732214e+00 1.598149e+04 -2.895731e+02 5.491061e-01 -5.325991e+00
17.738958188761792 -3.043415e+03 8.134137e+01 1.600711e+04 -2.752988e+03 8.092959e+01 1.601228e+04 -2.904266e+02 4.117788e-01 -5.160143e+00
17.848453651173411 -3.057764e+03 7.616301e+01 1.602950e+04 -2.767658e+03 7.595847e+01 1.603432e+04 -2.901061e+02 2.045356e-01 -4.819641e+00
17.95598983583459 -3.038375e+03 1.579887e+01 1.586509e+04 -2.748444e+03 1.536626e+01 1.587024e+04 -2.899305e+02 4.326095e-01 -5.151049e+00
18.068005842378959 -3.037684e+03 3.808447e+01 1.591775e+04 -2.746938e+03 3.801405e+01 1.592291e+04 -2.907458e+02 7.041833e-02 -5.159769e+00
18.16791610086231 -3.051867e+03 3.401328e+01 1.592056e+04 -2.760873e+03 3.428189e+01 1.592601e+04 -2.909944e+02 -2.686095e-01 -5.452312e+00
18.270762676864084 -3.043069e+03 7.322944e+01 1.587542e+04 -2.752726e+03 7.404537e+01 1.588066e+04 -2.903435e+02 -8.159269e-01 -5.241440e+00
18.383326363538359 -3.053701e+03 6.316711e+01 1.597111e+04 -2.765016e+03 6.417949e+01 1.597628e+04 -2.886852e+02 -1.012380e+00 -5.163253e+00
18.487994228943236 -3.036835e+03 5.819285e+01 1.580163e+04 -2.748011e+03 5.907232e+01 1.580673e+04 -2.888239e+02 -8.794655e-01 -5.101481e+00
18.601455295755198 -3.051318e+03 2.595893e+01 1.584561e+04 -2.763359e+03 2.691111e+01 1.585057e+04 -2.879597e+02 -9.521751e-01 -4.960734e+00
18.721000518305079 -3.049376e+03 7.165443e+01 1.580945e+04 -2.762273e+03 7.222241e+01 1.581457e+04 -2.871036e+02 -5.679822e-01 -5.115581e+00
18.824743638495146 -3.052958e+03 1.134462e+01 1.574124e+04 -2.764817e+03 1.195386e+01 1.574636e+04 -2.881410e+02 -6.092429e-01 -5.123157e+00
18.936366323961437 -3.047683e+03 8.792975e+01 1.578899e+04 -2.758979e+03 8.861661e+01 1.579391e+04 -2.887035e+02 -6.868668e-01 -4.918994e+00
19.036450188270891 -3.056299e+03 4.466443e+01 1.576349e+04 -2.766763e+03 4.538090e+01 1.576877e+04 -2.895358e+02 -7.164707e-01 -5.277838e+00
19.144898476153919 -3.051414e+03 9.669498e+01 1.579117e+04 -2.762959e+03 9.745803e+01 1.579654e+04 -2.884547e+02 -7.630413e-01 -5.372243e+00
19.245349908083025 -3.059186e+03 -3.994438e+01 1.563699e+04 -2.769619e+03 -3.910674e+01 1.564247e+04 -2.895662e+02 -8.376408e-01 -5.487346e+00
19.365306126859092 -3.063910e+03 1.541303e+02 1.580290e+04 -2.774130e+03 1.549860e+02 1.580844e+04 -2.897802e+02 -8.557038e-01 -5.535578e+00
19.476604103670454 -3.079510e+03 3.285951e+01 1.568944e+04 -2.789938e+03 3.373357e+01 1.569509e+04 -2.895716e+02 -8.740696e-01 -5.642913e+00
19.57943255729645 -3.067955e+03 1.206851e+02 1.575403e+04 -2.778027e+03 1.215620e+02 1.575968e+04 -2.899275e+02 -8.769409e-01 -5.650635e+00
19.68904659972031 -3.064973e+03 6.325046e+01 1.566810e+04 -2.774516e+03 6.395206e+01 1.567370e+04 -2.904576e+02 -7.016080e-01 -5.599949e+00
19.790069179000447 -3.071906e+03 9.785038e+01 1.573606e+04 -2.780876e+03 9.864986e+01 1.574163e+04 -2.910299e+02 -7.994820e-01 -5.566984e+00
19.899491247132506 -3.070578e+03 -9.894625e+00 1.565893e+04 -2.779738e+03 -9.181875e+00 1.566458e+04 -2.908401e+02 -7.127503e-01 -5.654947e+00
20.000276728067476 -3.065789e+03 5.250489e+01 1.562149e+04 -2.774916e+03 5.328253e+01 1.562708e+04 -2.908728e+02 -7.776379e-01 -5.592958e+00
