# Force       
0.0265714      -1.983385e+03 2.629732e+02 6.877345e+03 -1.821124e+03 2.621374e+02 6.879403e+03 -1.622610e+02 8.357391e-01 -2.058062e+00
0.167602       -2.256854e+03 3.011251e+02 6.547985e+03 -2.093967e+03 3.021818e+02 6.551709e+03 -1.628871e+02 -1.056653e+00 -3.723785e+00
0.316066       -2.368119e+03 1.648415e+02 6.809418e+03 -2.200474e+03 1.677546e+02 6.813686e+03 -1.676446e+02 -2.913028e+00 -4.267595e+00
0.463796       -2.581273e+03 4.299545e+02 7.636060e+03 -2.419264e+03 4.327507e+02 7.638808e+03 -1.620083e+02 -2.796122e+00 -2.748019e+00
0.614815       -2.569131e+03 5.058465e+02 7.787868e+03 -2.417199e+03 5.059499e+02 7.788601e+03 -1.519323e+02 -1.034630e-01 -7.328270e-01
0.762138       -2.550301e+03 4.094718e+02 7.879807e+03 -2.408527e+03 4.078001e+02 7.879397e+03 -1.417744e+02 1.671720e+00 4.096927e-01
0.899823       -2.547934e+03 5.191501e+02 8.501422e+03 -2.414526e+03 5.158593e+02 8.499958e+03 -1.334074e+02 3.290771e+00 1.463609e+00
1.041111       -2.578297e+03 5.999283e+02 9.134742e+03 -2.449160e+03 5.953446e+02 9.131985e+03 -1.291371e+02 4.583656e+00 2.756372e+00
1.19660562     -2.680831e+03 5.871458e+02 9.985455e+03 -2.547463e+03 5.795744e+02 9.979963e+03 -1.333675e+02 7.571372e+00 5.491945e+00
1.34987953085  -2.814759e+03 7.307635e+02 1.076311e+04 -2.684774e+03 7.222207e+02 1.075513e+04 -1.299849e+02 8.542784e+00 7.971146e+00
1.5031458186201 -2.921255e+03 7.937232e+02 1.133601e+04 -2.796993e+03 7.882057e+02 1.132811e+04 -1.242622e+02 5.517465e+00 7.902340e+00
1.64878436197986 -2.833656e+03 8.265080e+02 1.116087e+04 -2.706512e+03 8.215881e+02 1.115405e+04 -1.271438e+02 4.919891e+00 6.826364e+00
1.79896168253512 -2.775168e+03 6.423283e+02 1.088772e+04 -2.640189e+03 6.361360e+02 1.088243e+04 -1.349790e+02 6.192257e+00 5.294548e+00
1.947122728673786 -2.712366e+03 6.205536e+02 1.049119e+04 -2.577959e+03 6.139544e+02 1.048724e+04 -1.344073e+02 6.599149e+00 3.946846e+00
2.094298101582343 -2.674334e+03 5.772535e+02 1.021955e+04 -2.537124e+03 5.710707e+02 1.021615e+04 -1.372099e+02 6.182749e+00 3.399364e+00
2.235616693178677 -2.619225e+03 5.109213e+02 9.719923e+03 -2.481789e+03 5.064620e+02 9.716743e+03 -1.374357e+02 4.459294e+00 3.180131e+00
2.38491470855282 -2.620153e+03 4.914652e+02 9.137589e+03 -2.480069e+03 4.888561e+02 9.135291e+03 -1.400840e+02 2.609105e+00 2.298260e+00
2.53525449438114 -2.644186e+03 4.925659e+02 8.831006e+03 -2.491395e+03 4.905208e+02 8.829772e+03 -1.527903e+02 2.045119e+00 1.234693e+00
2.686388242975232 -2.666606e+03 5.374714e+02 8.965106e+03 -2.498734e+03 5.355605e+02 8.964971e+03 -1.678713e+02 1.910947e+00 1.352495e-01
2.830462903052685 -2.683624e+03 5.629922e+02 9.043186e+03 -2.509768e+03 5.608731e+02 9.043913e+03 -1.738555e+02 2.119023e+00 -7.268466e-01
2.979105841129112 -2.655504e+03 5.402254e+02 8.937620e+03 -2.480280e+03 5.381658e+02 8.938821e+03 -1.752240e+02 2.059583e+00 -1.201322e+00
3.125592598363574 -2.639681e+03 5.745098e+02 9.005998e+03 -2.464276e+03 5.722602e+02 9.006885e+03 -1.754046e+02 2.249566e+00 -8.877736e-01
3.269780458447913 -2.634123e+03 5.980795e+02 9.082755e+03 -2.456079e+03 5.955108e+02 9.083247e+03 -1.780442e+02 2.568683e+00 -4.921219e-01
3.407919197824596 -2.601030e+03 5.538276e+02 9.127905e+03 -2.419656e+03 5.510854e+02 9.127840e+03 -1.813738e+02 2.742296e+00 6.533985e-02
3.552434306918568 -2.599845e+03 5.465337e+02 9.361803e+03 -2.418999e+03 5.425359e+02 9.361050e+03 -1.808455e+02 3.997773e+00 7.527764e-01
3.697449026317429 -2.572050e+03 5.005633e+02 9.434516e+03 -2.395198e+03 4.962641e+02 9.432306e+03 -1.768518e+02 4.299240e+00 2.209731e+00
3.843305201443251 -2.549049e+03 4.932927e+02 9.566579e+03 -2.379546e+03 4.883697e+02 9.563748e+03 -1.695032e+02 4.922991e+00 2.830688e+00
3.983592085766489 -2.538874e+03 5.041794e+02 9.635705e+03 -2.375581e+03 5.000256e+02 9.631713e+03 -1.632938e+02 4.153810e+00 3.992415e+00
4.12918182760654 -2.524283e+03 5.042861e+02 9.727773e+03 -2.366169e+03 5.002451e+02 9.723498e+03 -1.581144e+02 4.040971e+00 4.275457e+00
4.275052790937012 -2.521350e+03 5.070758e+02 9.751600e+03 -2.366191e+03 5.039771e+02 9.746306e+03 -1.551589e+02 3.098641e+00 5.293927e+00
4.419030772135986 -2.520670e+03 5.424539e+02 9.834669e+03 -2.365080e+03 5.399962e+02 9.829236e+03 -1.555891e+02 2.457743e+00 5.433270e+00
4.559268316670836 -2.525867e+03 5.502935e+02 9.880847e+03 -2.364731e+03 5.486476e+02 9.874781e+03 -1.611355e+02 1.645860e+00 6.066019e+00
4.705439351895237 -2.533570e+03 5.362768e+02 9.922943e+03 -2.366821e+03 5.343949e+02 9.917092e+03 -1.667493e+02 1.881918e+00 5.850852e+00
4.851477878335413 -2.532756e+03 5.412331e+02 9.963159e+03 -2.364412e+03 5.391611e+02 9.957229e+03 -1.683443e+02 2.071952e+00 5.930056e+00
4.998604456634518 -2.530456e+03 5.049858e+02 9.991714e+03 -2.361270e+03 5.027118e+02 9.985834e+03 -1.691862e+02 2.273983e+00 5.880116e+00
5.138146554750171 -2.537112e+03 5.098056e+02 1.005972e+04 -2.367053e+03 5.073105e+02 1.005388e+04 -1.700592e+02 2.495151e+00 5.843109e+00
5.282165606815686 -2.535164e+03 5.026012e+02 1.013437e+04 -2.364199e+03 4.999208e+02 1.012857e+04 -1.709656e+02 2.680421e+00 5.800483e+00
5.428106092875724 -2.532954e+03 5.266198e+02 1.020290e+04 -2.361222e+03 5.237955e+02 1.019699e+04 -1.717326e+02 2.824274e+00 5.909661e+00
5.574360954822238 -2.537724e+03 5.477079e+02 1.023683e+04 -2.365302e+03 5.445991e+02 1.023090e+04 -1.724228e+02 3.108768e+00 5.934570e+00
5.71431100118523 -2.535283e+03 5.607886e+02 1.035185e+04 -2.361935e+03 5.575389e+02 1.034594e+04 -1.733482e+02 3.249788e+00 5.911247e+00
5.859299381069667 -2.543917e+03 5.573588e+02 1.040419e+04 -2.369559e+03 5.538033e+02 1.039829e+04 -1.743572e+02 3.555502e+00 5.898418e+00
6.005132702628178 -2.544819e+03 5.664957e+02 1.046745e+04 -2.369416e+03 5.627705e+02 1.046147e+04 -1.754033e+02 3.725236e+00 5.976856e+00
6.144903848435959 -2.549974e+03 5.580722e+02 1.049496e+04 -2.373470e+03 5.540607e+02 1.048897e+04 -1.765047e+02 4.011585e+00 5.991017e+00
6.292071766594709 -2.551478e+03 5.248644e+02 1.058374e+04 -2.373839e+03 5.208959e+02 1.057769e+04 -1.776390e+02 3.968503e+00 6.057173e+00
6.438148834539789 -2.553602e+03 5.174567e+02 1.063225e+04 -2.374955e+03 5.134021e+02 1.062626e+04 -1.786472e+02 4.054623e+00 5.988514e+00
6.586570417980836 -2.556923e+03 5.346457e+02 1.070845e+04 -2.377493e+03 5.307405e+02 1.070247e+04 -1.794302e+02 3.905215e+00 5.985161e+00
6.726892771331943 -2.563000e+03 5.265123e+02 1.080512e+04 -2.383059e+03 5.225652e+02 1.079925e+04 -1.799403e+02 3.947173e+00 5.873928e+00
6.872429965874051 -2.562001e+03 5.489072e+02 1.090770e+04 -2.381449e+03 5.451280e+02 1.090185e+04 -1.805524e+02 3.779190e+00 5.852619e+00
7.019307946582711 -2.565018e+03 5.476439e+02 1.100978e+04 -2.384118e+03 5.439853e+02 1.100396e+04 -1.809003e+02 3.658616e+00 5.822781e+00
7.167812063852148 -2.568836e+03 5.364379e+02 1.111290e+04 -2.386770e+03 5.326461e+02 1.110701e+04 -1.820661e+02 3.791822e+00 5.882085e+00
7.310991088118278 -2.583507e+03 5.229883e+02 1.121605e+04 -2.400999e+03 5.191448e+02 1.121020e+04 -1.825081e+02 3.843507e+00 5.847595e+00
7.460045397949943 -2.597306e+03 4.939016e+02 1.128574e+04 -2.414298e+03 4.899447e+02 1.127982e+04 -1.830078e+02 3.956867e+00 5.922094e+00
7.606433555466927 -2.604455e+03 4.876330e+02 1.140823e+04 -2.421143e+03 4.835782e+02 1.140224e+04 -1.833125e+02 4.054768e+00 5.987600e+00
7.753685492982794 -2.613141e+03 5.024665e+02 1.154054e+04 -2.430054e+03 4.983422e+02 1.153455e+04 -1.830861e+02 4.124361e+00 5.990317e+00
7.894525194608587 -2.619956e+03 4.923194e+02 1.165643e+04 -2.436940e+03 4.881475e+02 1.165042e+04 -1.830164e+02 4.171843e+00 6.005115e+00
8.043445545276086 -2.630708e+03 5.164223e+02 1.182221e+04 -2.448068e+03 5.121872e+02 1.181610e+04 -1.826390e+02 4.235081e+00 6.112169e+00
8.192354413334201 -2.640719e+03 5.230350e+02 1.191864e+04 -2.458378e+03 5.187559e+02 1.191245e+04 -1.823412e+02 4.279059e+00 6.189003e+00
8.341063373616512 -2.654421e+03 5.248611e+02 1.200519e+04 -2.472160e+03 5.205187e+02 1.199895e+04 -1.822605e+02 4.342389e+00 6.241808e+00
8.481280727143671 -2.657434e+03 5.390893e+02 1.212220e+04 -2.475285e+03 5.350221e+02 1.211583e+04 -1.821489e+02 4.067139e+00 6.370579e+00
8.629152083552203 -2.663264e+03 5.149455e+02 1.223937e+04 -2.481655e+03 5.110895e+02 1.223302e+04 -1.816091e+02 3.856074e+00 6.346127e+00
8.776424420410013 -2.677358e+03 5.413944e+02 1.236469e+04 -2.495614e+03 5.375551e+02 1.235834e+04 -1.817442e+02 3.839345e+00 6.345953e+00
8.925782604997083 -2.683430e+03 5.364168e+02 1.248844e+04 -2.501750e+03 5.326931e+02 1.248208e+04 -1.816803e+02 3.723662e+00 6.363311e+00
9.069209904782484 -2.692793e+03 5.754610e+02 1.262146e+04 -2.510627e+03 5.716702e+02 1.261503e+04 -1.821659e+02 3.790800e+00 6.430617e+00
9.217852917990305 -2.704966e+03 5.765246e+02 1.273825e+04 -2.522646e+03 5.728633e+02 1.273173e+04 -1.823198e+02 3.661313e+00 6.516847e+00
9.367008339584251 -2.712300e+03 5.624809e+02 1.289019e+04 -2.529261e+03 5.588923e+02 1.288363e+04 -1.830387e+02 3.588602e+00 6.559658e+00
9.515161215119836 -2.721743e+03 5.622691e+02 1.299537e+04 -2.538018e+03 5.587212e+02 1.298867e+04 -1.837251e+02 3.547911e+00 6.699379e+00
9.65684682987567 -2.730252e+03 5.681678e+02 1.309002e+04 -2.545982e+03 5.647497e+02 1.308315e+04 -1.842705e+02 3.418064e+00 6.870180e+00
9.805987197979727 -2.741018e+03 6.033994e+02 1.324808e+04 -2.556136e+03 6.000616e+02 1.324116e+04 -1.848812e+02 3.337808e+00 6.917394e+00
9.953476755327006 -2.749157e+03 6.039088e+02 1.331446e+04 -2.563671e+03 6.005932e+02 1.330756e+04 -1.854859e+02 3.315539e+00 6.900248e+00
10.099587042998689 -2.760010e+03 5.974168e+02 1.342776e+04 -2.574031e+03 5.942026e+02 1.342079e+04 -1.859787e+02 3.214194e+00 6.966664e+00
10.242013267472387 -2.772790e+03 6.143430e+02 1.354818e+04 -2.587001e+03 6.110205e+02 1.354120e+04 -1.857892e+02 3.322547e+00 6.976221e+00
10.390863954951284 -2.777630e+03 6.378255e+02 1.368928e+04 -2.591339e+03 6.346842e+02 1.368213e+04 -1.862902e+02 3.141327e+00 7.143592e+00
10.539891765610802 -2.785516e+03 6.443841e+02 1.377855e+04 -2.598684e+03 6.408706e+02 1.377145e+04 -1.868324e+02 3.513511e+00 7.104449e+00
10.686391922296183 -2.799875e+03 6.400626e+02 1.390291e+04 -2.613890e+03 6.363750e+02 1.389547e+04 -1.859846e+02 3.687613e+00 7.442237e+00
10.827985536580846 -2.805190e+03 6.360248e+02 1.394016e+04 -2.618594e+03 6.322546e+02 1.393292e+04 -1.865957e+02 3.770187e+00 7.238013e+00
10.976531793828951 -2.836152e+03 6.761807e+02 1.411247e+04 -2.650288e+03 6.719109e+02 1.410546e+04 -1.858646e+02 4.269856e+00 7.003897e+00
11.122131217355369 -2.833223e+03 6.780682e+02 1.414984e+04 -2.645447e+03 6.746861e+02 1.414252e+04 -1.877762e+02 3.382085e+00 7.317757e+00
11.267585272070074 -2.843754e+03 6.624962e+02 1.417218e+04 -2.657459e+03 6.584495e+02 1.416520e+04 -1.862947e+02 4.046707e+00 6.987762e+00
11.408837940830422 -2.865951e+03 6.829473e+02 1.435601e+04 -2.679536e+03 6.788665e+02 1.434891e+04 -1.864151e+02 4.080775e+00 7.105926e+00
11.556070046132476 -2.876593e+03 6.783333e+02 1.438114e+04 -2.686359e+03 6.755094e+02 1.437358e+04 -1.902347e+02 2.823806e+00 7.567999e+00
11.703981098417552 -2.879013e+03 6.935612e+02 1.445972e+04 -2.688576e+03 6.904431e+02 1.445270e+04 -1.904370e+02 3.118092e+00 7.019355e+00
11.845514829515103 -2.907764e+03 7.202064e+02 1.455471e+04 -2.717265e+03 7.170860e+02 1.454757e+04 -1.904989e+02 3.120379e+00 7.136199e+00
11.992392466786702 -2.903993e+03 7.047935e+02 1.463538e+04 -2.711126e+03 7.021722e+02 1.462839e+04 -1.928671e+02 2.621299e+00 6.996454e+00
12.138025014569344 -2.910569e+03 6.886214e+02 1.470200e+04 -2.718515e+03 6.859828e+02 1.469537e+04 -1.920539e+02 2.638579e+00 6.628841e+00
12.283765098796096 -2.918156e+03 6.930300e+02 1.472719e+04 -2.726977e+03 6.906817e+02 1.472085e+04 -1.911795e+02 2.348290e+00 6.341056e+00
12.425311543857982 -2.934131e+03 7.219643e+02 1.475991e+04 -2.742322e+03 7.195470e+02 1.475373e+04 -1.918090e+02 2.417340e+00 6.177063e+00
12.572518314766281 -2.938014e+03 7.262077e+02 1.481614e+04 -2.743796e+03 7.238903e+02 1.480998e+04 -1.942183e+02 2.317374e+00 6.165943e+00
12.719701566674258 -2.944589e+03 7.090616e+02 1.484760e+04 -2.748330e+03 7.063675e+02 1.484175e+04 -1.962585e+02 2.694038e+00 5.853909e+00
12.866189150361098 -2.957159e+03 7.070706e+02 1.489675e+04 -2.759679e+03 7.045735e+02 1.489115e+04 -1.974799e+02 2.497123e+00 5.600876e+00
13.007527781600572 -2.958712e+03 7.158537e+02 1.494159e+04 -2.759700e+03 7.139658e+02 1.493626e+04 -1.990114e+02 1.887876e+00 5.333510e+00
13.154522959219312 -2.978656e+03 7.542929e+02 1.501976e+04 -2.779018e+03 7.524179e+02 1.501469e+04 -1.996378e+02 1.874983e+00 5.072400e+00
13.301398930697585 -2.984478e+03 7.274787e+02 1.506111e+04 -2.781757e+03 7.259121e+02 1.505629e+04 -2.027211e+02 1.566635e+00 4.822271e+00
13.448105263605633 -2.998388e+03 7.187583e+02 1.507225e+04 -2.791542e+03 7.175408e+02 1.506808e+04 -2.068468e+02 1.217548e+00 4.168814e+00
13.588422106929656 -3.009616e+03 7.100897e+02 1.505001e+04 -2.798853e+03 7.090103e+02 1.504673e+04 -2.107632e+02 1.079370e+00 3.282203e+00
13.734368356121502 -3.023182e+03 7.309995e+02 1.506843e+04 -2.807820e+03 7.296784e+02 1.506595e+04 -2.153622e+02 1.321043e+00 2.480872e+00
13.880764236793611 -3.030528e+03 7.233435e+02 1.511943e+04 -2.810962e+03 7.214581e+02 1.511752e+04 -2.195659e+02 1.885487e+00 1.910827e+00
14.027119367895141 -3.039991e+03 7.105657e+02 1.513042e+04 -2.817608e+03 7.082696e+02 1.512903e+04 -2.223831e+02 2.296146e+00 1.389140e+00
14.167525887773435 -3.048509e+03 6.988713e+02 1.512203e+04 -2.824112e+03 6.960305e+02 1.512114e+04 -2.243968e+02 2.840848e+00 8.914741e-01
14.313430375438024 -3.033966e+03 6.815254e+02 1.511494e+04 -2.808966e+03 6.777711e+02 1.511468e+04 -2.250008e+02 3.754239e+00 2.601523e-01
14.458802972769961 -3.058965e+03 7.126413e+02 1.512172e+04 -2.833035e+03 7.073000e+02 1.512241e+04 -2.259305e+02 5.341309e+00 -6.943328e-01
14.603833532239538 -3.059922e+03 7.064967e+02 1.507363e+04 -2.828765e+03 7.011771e+02 1.507501e+04 -2.311571e+02 5.319644e+00 -1.380219e+00
14.744923731840291 -3.068297e+03 6.826682e+02 1.508339e+04 -2.834847e+03 6.767066e+02 1.508562e+04 -2.334499e+02 5.961603e+00 -2.230777e+00
14.891767618445144 -3.070336e+03 6.735713e+02 1.502355e+04 -2.835086e+03 6.674927e+02 1.502603e+04 -2.352497e+02 6.078620e+00 -2.476271e+00
15.039027280785081 -3.072572e+03 7.037915e+02 1.501666e+04 -2.834659e+03 6.975031e+02 1.501947e+04 -2.379134e+02 6.288387e+00 -2.811943e+00
15.186941592553781 -3.092385e+03 7.209943e+02 1.504199e+04 -2.852187e+03 7.146363e+02 1.504511e+04 -2.401981e+02 6.357956e+00 -3.124408e+00
15.328916976488316 -3.100240e+03 7.204024e+02 1.504101e+04 -2.857795e+03 7.140798e+02 1.504439e+04 -2.424456e+02 6.322627e+00 -3.375120e+00
15.47693984928058 -3.086689e+03 6.585451e+02 1.494764e+04 -2.842078e+03 6.525539e+02 1.495105e+04 -2.446109e+02 5.991186e+00 -3.410891e+00
15.625067377026914 -3.099927e+03 6.894120e+02 1.500028e+04 -2.855817e+03 6.828951e+02 1.500387e+04 -2.441103e+02 6.516875e+00 -3.586694e+00
15.773403019322053 -3.104526e+03 7.268528e+02 1.498449e+04 -2.860706e+03 7.201373e+02 1.498794e+04 -2.438205e+02 6.715508e+00 -3.444003e+00
15.915911761697389 -3.106268e+03 7.068574e+02 1.495500e+04 -2.860634e+03 7.002998e+02 1.495865e+04 -2.456343e+02 6.557650e+00 -3.642523e+00
16.064312055914023 -3.104114e+03 6.903957e+02 1.487098e+04 -2.856398e+03 6.839337e+02 1.487493e+04 -2.477164e+02 6.462048e+00 -3.945172e+00
16.211675045606921 -3.114694e+03 6.983226e+02 1.486559e+04 -2.865227e+03 6.922020e+02 1.486978e+04 -2.494672e+02 6.120579e+00 -4.190289e+00
16.359405189466898 -3.119724e+03 7.099427e+02 1.482602e+04 -2.869695e+03 7.040304e+02 1.483048e+04 -2.500291e+02 5.912302e+00 -4.460391e+00
16.500771048596217 -3.119729e+03 7.262738e+02 1.485753e+04 -2.869837e+03 7.205383e+02 1.486208e+04 -2.498921e+02 5.735480e+00 -4.551905e+00
16.6492365037087 -3.119784e+03 7.169013e+02 1.480311e+04 -2.869216e+03 7.113755e+02 1.480770e+04 -2.505680e+02 5.525864e+00 -4.592257e+00
16.797715813719126 -3.126240e+03 7.012881e+02 1.481005e+04 -2.873873e+03 6.959421e+02 1.481477e+04 -2.523667e+02 5.346007e+00 -4.716511e+00
16.944631708632986 -3.129916e+03 7.037500e+02 1.474767e+04 -2.876268e+03 6.984911e+02 1.475256e+04 -2.536481e+02 5.258893e+00 -4.881685e+00
17.087185233719371 -3.138627e+03 7.080305e+02 1.473500e+04 -2.883213e+03 7.028867e+02 1.474010e+04 -2.554143e+02 5.143798e+00 -5.095157e+00
17.235537831266512 -3.135058e+03 7.108147e+02 1.469124e+04 -2.879582e+03 7.056323e+02 1.469640e+04 -2.554762e+02 5.182331e+00 -5.163738e+00
17.384283569784749 -3.136089e+03 7.009967e+02 1.466266e+04 -2.881169e+03 6.959123e+02 1.466788e+04 -2.549204e+02 5.084450e+00 -5.213967e+00
17.527177281837879 -3.137315e+03 6.882023e+02 1.463025e+04 -2.882482e+03 6.832067e+02 1.463557e+04 -2.548325e+02 4.995609e+00 -5.317039e+00
17.676122265447752 -3.138355e+03 7.030002e+02 1.459647e+04 -2.883489e+03 6.979957e+02 1.460183e+04 -2.548666e+02 5.004474e+00 -5.359632e+00
17.824995037969178 -3.138032e+03 7.198812e+02 1.460242e+04 -2.882874e+03 7.148884e+02 1.460783e+04 -2.551572e+02 4.992726e+00 -5.401747e+00
17.973908534240589 -3.139169e+03 7.176733e+02 1.455183e+04 -2.883906e+03 7.126774e+02 1.455729e+04 -2.552621e+02 4.995931e+00 -5.462003e+00
18.116670848082791 -3.141676e+03 6.885764e+02 1.452569e+04 -2.886376e+03 6.835675e+02 1.453122e+04 -2.553006e+02 5.008914e+00 -5.534351e+00
18.26543753452907 -3.139600e+03 6.676728e+02 1.449810e+04 -2.883950e+03 6.627329e+02 1.450372e+04 -2.556500e+02 4.939889e+00 -5.627768e+00
18.414397717768374 -3.144037e+03 6.781027e+02 1.446207e+04 -2.888287e+03 6.733263e+02 1.446777e+04 -2.557500e+02 4.776426e+00 -5.699909e+00
18.563457764791114 -3.146144e+03 6.897619e+02 1.445584e+04 -2.889526e+03 6.850780e+02 1.446165e+04 -2.566178e+02 4.683894e+00 -5.808978e+00
18.706530269651857 -3.147112e+03 6.979333e+02 1.443659e+04 -2.889483e+03 6.933807e+02 1.444261e+04 -2.576289e+02 4.552622e+00 -6.019898e+00
18.855443973285858 -3.153071e+03 6.937257e+02 1.442990e+04 -2.894416e+03 6.892928e+02 1.443607e+04 -2.586554e+02 4.432909e+00 -6.177003e+00
19.00429532985245 -3.155082e+03 7.054304e+02 1.441082e+04 -2.895064e+03 7.012027e+02 1.441713e+04 -2.600182e+02 4.227736e+00 -6.309861e+00
19.153144742945035 -3.155321e+03 7.176271e+02 1.437348e+04 -2.894804e+03 7.137350e+02 1.437987e+04 -2.605166e+02 3.892181e+00 -6.391276e+00
19.295980717530043 -3.156171e+03 7.026349e+02 1.435294e+04 -2.895826e+03 6.989770e+02 1.435938e+04 -2.603449e+02 3.657872e+00 -6.439312e+00
19.444859772780266 -3.160504e+03 6.695588e+02 1.433459e+04 -2.899499e+03 6.661391e+02 1.434119e+04 -2.610050e+02 3.419693e+00 -6.599778e+00
19.593807026953417 -3.158661e+03 6.723180e+02 1.430937e+04 -2.896993e+03 6.691336e+02 1.431606e+04 -2.616674e+02 3.184443e+00 -6.695930e+00
19.742876108618916 -3.166512e+03 6.892757e+02 1.435025e+04 -2.904122e+03 6.862459e+02 1.435704e+04 -2.623904e+02 3.029821e+00 -6.790816e+00
19.885634467046643 -3.167828e+03 7.170068e+02 1.434234e+04 -2.904477e+03 7.141316e+02 1.434920e+04 -2.633509e+02 2.875184e+00 -6.860742e+00
20.033573765658982 -3.171013e+03 7.255955e+02 1.435240e+04 -2.906393e+03 7.229138e+02 1.435950e+04 -2.646193e+02 2.681642e+00 -7.092821e+00
20.18196265071948 -3.177872e+03 7.226211e+02 1.434403e+04 -2.911781e+03 7.201905e+02 1.435123e+04 -2.660911e+02 2.430684e+00 -7.197157e+00
20.3296188416215 -3.181288e+03 7.181883e+02 1.432499e+04 -2.915111e+03 7.159908e+02 1.433217e+04 -2.661765e+02 2.197468e+00 -7.179328e+00
20.46992709889793 -3.177867e+03 7.277060e+02 1.434844e+04 -2.911988e+03 7.257573e+02 1.435566e+04 -2.658784e+02 1.948736e+00 -7.222337e+00
20.617259491056352 -3.181086e+03 6.951614e+02 1.431201e+04 -2.914798e+03 6.930822e+02 1.431922e+04 -2.662879e+02 2.079195e+00 -7.214780e+00
20.766204049221429 -3.184838e+03 7.096402e+02 1.433855e+04 -2.918424e+03 7.074249e+02 1.434583e+04 -2.664144e+02 2.215266e+00 -7.282243e+00
20.914959231719124 -3.186781e+03 6.904025e+02 1.430073e+04 -2.919206e+03 6.881674e+02 1.430791e+04 -2.675748e+02 2.235132e+00 -7.172868e+00
21.058204463026737 -3.184930e+03 7.385569e+02 1.431826e+04 -2.916099e+03 7.364097e+02 1.432559e+04 -2.688307e+02 2.147276e+00 -7.335100e+00
21.20757931060843 -3.202879e+03 7.397108e+02 1.435999e+04 -2.932377e+03 7.374487e+02 1.436733e+04 -2.705023e+02 2.262105e+00 -7.337900e+00
21.357077019330887 -3.201822e+03 7.656542e+02 1.435993e+04 -2.930136e+03 7.635552e+02 1.436741e+04 -2.716862e+02 2.099063e+00 -7.480500e+00
21.506725676043018 -3.211586e+03 7.302970e+02 1.439676e+04 -2.938039e+03 7.284517e+02 1.440418e+04 -2.735468e+02 1.845207e+00 -7.422297e+00
21.650420582690977 -3.211040e+03 7.496394e+02 1.440182e+04 -2.935341e+03 7.480020e+02 1.440942e+04 -2.756990e+02 1.637357e+00 -7.604192e+00
21.800115462109829 -3.222385e+03 7.218439e+02 1.442952e+04 -2.945844e+03 7.204595e+02 1.443724e+04 -2.765413e+02 1.384390e+00 -7.722535e+00
21.949883808156905 -3.221152e+03 7.500701e+02 1.444644e+04 -2.943635e+03 7.487698e+02 1.445431e+04 -2.775169e+02 1.300272e+00 -7.873235e+00
22.099875269449715 -3.231009e+03 7.312109e+02 1.447647e+04 -2.952192e+03 7.302055e+02 1.448450e+04 -2.788166e+02 1.005408e+00 -8.033139e+00
22.243980209279972 -3.237724e+03 7.584155e+02 1.450952e+04 -2.956857e+03 7.575617e+02 1.451774e+04 -2.808668e+02 8.537860e-01 -8.212288e+00
22.394336490090069 -3.250005e+03 7.727791e+02 1.455127e+04 -2.968459e+03 7.721775e+02 1.455958e+04 -2.815458e+02 6.016239e-01 -8.313375e+00
22.544841554696273 -3.250792e+03 8.021176e+02 1.457416e+04 -2.968005e+03 8.017129e+02 1.458265e+04 -2.827868e+02 4.047464e-01 -8.486555e+00
22.69570626824391 -3.263866e+03 7.820248e+02 1.464052e+04 -2.980144e+03 7.819691e+02 1.464921e+04 -2.837221e+02 5.570132e-02 -8.682972e+00
22.840785435453672 -3.257280e+03 7.742405e+02 1.466942e+04 -2.971861e+03 7.743990e+02 1.467837e+04 -2.854192e+02 -1.585665e-01 -8.944003e+00
22.992171222724526 -3.270966e+03 7.465384e+02 1.471117e+04 -2.984631e+03 7.469937e+02 1.472026e+04 -2.863350e+02 -4.552796e-01 -9.089778e+00
23.143700207412632 -3.274991e+03 7.709902e+02 1.474789e+04 -2.987210e+03 7.716554e+02 1.475718e+04 -2.877813e+02 -6.652697e-01 -9.285191e+00
23.289358989384141 -3.278568e+03 7.932166e+02 1.477784e+04 -2.989959e+03 7.941667e+02 1.478727e+04 -2.886090e+02 -9.500984e-01 -9.429939e+00
23.441391590599455 -3.287404e+03 7.993820e+02 1.483238e+04 -2.997343e+03 8.005899e+02 1.484199e+04 -2.900609e+02 -1.207879e+00 -9.607298e+00
23.593014812663949 -3.291592e+03 8.205009e+02 1.487705e+04 -2.999864e+03 8.219817e+02 1.488678e+04 -2.917275e+02 -1.480778e+00 -9.725685e+00
23.745153865687982 -3.312942e+03 8.148229e+02 1.493593e+04 -3.019832e+03 8.166245e+02 1.494576e+04 -2.931106e+02 -1.801651e+00 -9.830490e+00
23.891845778353851 -3.312031e+03 8.299382e+02 1.493951e+04 -3.016929e+03 8.319697e+02 1.494947e+04 -2.951017e+02 -2.031536e+00 -9.967312e+00
24.044883175824452 -3.331284e+03 7.868420e+02 1.503822e+04 -3.034749e+03 7.892542e+02 1.504847e+04 -2.965346e+02 -2.412197e+00 -1.025040e+01
24.196474496696609 -3.329639e+03 7.905281e+02 1.504149e+04 -3.030975e+03 7.932433e+02 1.505214e+04 -2.986632e+02 -2.715249e+00 -1.064834e+01
24.35007316248598 -3.345652e+03 7.999444e+02 1.510323e+04 -3.045788e+03 8.031204e+02 1.511416e+04 -2.998635e+02 -3.175951e+00 -1.092074e+01
24.498042729377055 -3.349479e+03 8.273045e+02 1.517462e+04 -3.047782e+03 8.309330e+02 1.518586e+04 -3.016971e+02 -3.628482e+00 -1.124405e+01
24.652693355214193 -3.354982e+03 8.425136e+02 1.523866e+04 -3.052363e+03 8.465582e+02 1.525015e+04 -3.026189e+02 -4.044609e+00 -1.148546e+01
24.807519974493154 -3.383325e+03 8.457737e+02 1.524430e+04 -3.079516e+03 8.502439e+02 1.525599e+04 -3.038093e+02 -4.470190e+00 -1.168845e+01
24.962862910349791 -3.386497e+03 8.495223e+02 1.529822e+04 -3.081218e+03 8.543896e+02 1.531016e+04 -3.052786e+02 -4.867307e+00 -1.194047e+01
25.133178015936686 -3.393162e+03 8.652225e+02 1.535561e+04 -3.086379e+03 8.705982e+02 1.536782e+04 -3.067829e+02 -5.375722e+00 -1.220742e+01
25.318013074496989 -3.402327e+03 8.433850e+02 1.538505e+04 -3.093714e+03 8.493689e+02 1.539760e+04 -3.086135e+02 -5.983961e+00 -1.254940e+01
25.501237154352456 -3.418644e+03 8.349569e+02 1.549583e+04 -3.108796e+03 8.414634e+02 1.550877e+04 -3.098480e+02 -6.506443e+00 -1.294070e+01
25.689681093806211 -3.423195e+03 8.664257e+02 1.553971e+04 -3.112220e+03 8.734332e+02 1.555304e+04 -3.109750e+02 -7.007543e+00 -1.332510e+01
25.890517645107064 -3.444560e+03 8.980734e+02 1.560472e+04 -3.131980e+03 9.055770e+02 1.561832e+04 -3.125800e+02 -7.503642e+00 -1.360159e+01
26.096106488826241 -3.455007e+03 8.929942e+02 1.565245e+04 -3.141625e+03 9.008580e+02 1.566615e+04 -3.133823e+02 -7.863747e+00 -1.369337e+01
26.295043362164218 -3.471835e+03 8.940810e+02 1.569206e+04 -3.158078e+03 9.022283e+02 1.570586e+04 -3.137570e+02 -8.147325e+00 -1.379728e+01
26.480605560092577 -3.475773e+03 8.796832e+02 1.575886e+04 -3.160465e+03 8.881708e+02 1.577289e+04 -3.153085e+02 -8.487584e+00 -1.402839e+01
26.676466538293923 -3.492794e+03 8.759495e+02 1.581265e+04 -3.176514e+03 8.848551e+02 1.582689e+04 -3.162806e+02 -8.905637e+00 -1.424587e+01
26.847133950005642 -3.496194e+03 8.878939e+02 1.582519e+04 -3.180653e+03 8.970665e+02 1.583955e+04 -3.155411e+02 -9.172586e+00 -1.435700e+01
27.003010446672018 -3.506941e+03 9.231518e+02 1.579234e+04 -3.191737e+03 9.326567e+02 1.580673e+04 -3.152032e+02 -9.504882e+00 -1.439056e+01
27.157936659321301 -3.533070e+03 9.603802e+02 1.589134e+04 -3.218499e+03 9.701212e+02 1.590578e+04 -3.145704e+02 -9.740956e+00 -1.444372e+01
27.305603220128393 -3.523025e+03 9.207064e+02 1.582285e+04 -3.208921e+03 9.307008e+02 1.583731e+04 -3.141041e+02 -9.994410e+00 -1.446548e+01
27.461125898024672 -3.540756e+03 8.913595e+02 1.589260e+04 -3.226901e+03 9.011294e+02 1.590728e+04 -3.138548e+02 -9.769941e+00 -1.467732e+01
27.614594664267646 -3.536435e+03 8.618762e+02 1.585789e+04 -3.222235e+03 8.713925e+02 1.587285e+04 -3.141994e+02 -9.516292e+00 -1.495743e+01
27.769484008419258 -3.553155e+03 8.939605e+02 1.589191e+04 -3.238376e+03 9.035637e+02 1.590684e+04 -3.147783e+02 -9.603236e+00 -1.492869e+01
27.919306982208425 -3.576504e+03 9.241033e+02 1.594097e+04 -3.261574e+03 9.339633e+02 1.595558e+04 -3.149307e+02 -9.860017e+00 -1.460865e+01
28.100881621787192 -3.565459e+03 9.127792e+02 1.590187e+04 -3.249857e+03 9.232274e+02 1.591614e+04 -3.156017e+02 -1.044819e+01 -1.427555e+01
28.255205030549575 -3.569272e+03 9.066885e+02 1.585923e+04 -3.251478e+03 9.175506e+02 1.587328e+04 -3.177934e+02 -1.086205e+01 -1.404835e+01
28.410855464291586 -3.578146e+03 9.265862e+02 1.592364e+04 -3.257885e+03 9.376903e+02 1.593738e+04 -3.202606e+02 -1.110412e+01 -1.374409e+01
28.561044342233515 -3.586423e+03 9.101324e+02 1.589774e+04 -3.264653e+03 9.214253e+02 1.591108e+04 -3.217704e+02 -1.129293e+01 -1.333803e+01
28.718201439531054 -3.579046e+03 8.585445e+02 1.583712e+04 -3.256890e+03 8.699690e+02 1.585023e+04 -3.221559e+02 -1.142452e+01 -1.311166e+01
28.931902982140741 -3.593767e+03 8.567819e+02 1.581700e+04 -3.273219e+03 8.680978e+02 1.583011e+04 -3.205477e+02 -1.131582e+01 -1.311762e+01
29.152326907900324 -3.592916e+03 8.874268e+02 1.583933e+04 -3.275192e+03 8.984888e+02 1.585219e+04 -3.177248e+02 -1.106193e+01 -1.285953e+01
29.363375199076724 -3.600746e+03 8.810468e+02 1.579809e+04 -3.285192e+03 8.918414e+02 1.581058e+04 -3.155540e+02 -1.079458e+01 -1.249371e+01
29.578354239352276 -3.602842e+03 8.635801e+02 1.569672e+04 -3.285835e+03 8.737745e+02 1.570919e+04 -3.170065e+02 -1.019439e+01 -1.247122e+01
29.78010463063983 -3.605166e+03 8.462042e+02 1.563835e+04 -3.286248e+03 8.560918e+02 1.565101e+04 -3.189175e+02 -9.887613e+00 -1.266134e+01
29.999757560132469 -3.604442e+03 8.279255e+02 1.558281e+04 -3.287025e+03 8.377543e+02 1.559555e+04 -3.174170e+02 -9.828793e+00 -1.273443e+01
