# Force       
0.106675       -2.472081e+03 7.032339e+01 7.897828e+03 -2.293727e+03 6.931083e+01 7.900200e+03 -1.783534e+02 1.012555e+00 -2.371847e+00
0.223533       -2.506534e+03 1.076949e+02 7.658009e+03 -2.333830e+03 1.083865e+02 7.660510e+03 -1.727042e+02 -6.915878e-01 -2.500947e+00
0.329439       -2.676764e+03 3.273875e+02 8.255209e+03 -2.508101e+03 3.293081e+02 8.257877e+03 -1.686634e+02 -1.920655e+00 -2.667975e+00
0.435679       -2.858654e+03 4.419939e+02 8.778437e+03 -2.692466e+03 4.448751e+02 8.780165e+03 -1.661876e+02 -2.881245e+00 -1.727797e+00
0.541764       -2.857995e+03 3.770855e+02 9.439583e+03 -2.696477e+03 3.787613e+02 9.440269e+03 -1.615172e+02 -1.675826e+00 -6.855233e-01
0.643488       -2.790690e+03 2.441729e+02 9.397307e+03 -2.630599e+03 2.447385e+02 9.397448e+03 -1.600913e+02 -5.655653e-01 -1.411395e-01
0.740375       -2.740183e+03 2.006757e+02 9.218864e+03 -2.582846e+03 2.004836e+02 9.219030e+03 -1.573379e+02 1.920657e-01 -1.654854e-01
0.826403       -2.807363e+03 1.724588e+02 9.471436e+03 -2.651867e+03 1.707937e+02 9.471833e+03 -1.554961e+02 1.665083e+00 -3.965977e-01
0.907946       -2.682477e+03 1.998106e+02 9.659643e+03 -2.529969e+03 1.965545e+02 9.659311e+03 -1.525085e+02 3.256052e+00 3.322922e-01
0.997456       -2.771216e+03 2.212562e+02 1.011548e+04 -2.614286e+03 2.158872e+02 1.011431e+04 -1.569297e+02 5.368984e+00 1.177036e+00
1.093231301631 -2.849490e+03 1.795863e+02 1.084341e+04 -2.686441e+03 1.737385e+02 1.084204e+04 -1.630491e+02 5.847722e+00 1.372357e+00
1.177708864087511 -2.932985e+03 6.675395e+01 1.100655e+04 -2.764612e+03 5.933954e+01 1.100462e+04 -1.683727e+02 7.414411e+00 1.930208e+00
1.26191617390998 -2.992810e+03 3.219810e+02 1.120178e+04 -2.825270e+03 3.136093e+02 1.119862e+04 -1.675395e+02 8.371666e+00 3.163510e+00
1.342121924    -3.009782e+03 3.215989e+02 1.158528e+04 -2.843132e+03 3.130564e+02 1.158174e+04 -1.666503e+02 8.542475e+00 3.532280e+00
1.420651732515225 -3.140696e+03 5.339598e+02 1.243395e+04 -2.974081e+03 5.261366e+02 1.242974e+04 -1.666155e+02 7.823190e+00 4.208104e+00
1.500133495879123 -3.182267e+03 4.018756e+02 1.249204e+04 -3.014810e+03 3.947899e+02 1.248789e+04 -1.674575e+02 7.085760e+00 4.144251e+00
1.578201285110782 -3.219782e+03 4.323028e+02 1.239884e+04 -3.054655e+03 4.249416e+02 1.239474e+04 -1.651278e+02 7.361118e+00 4.100665e+00
1.652896997255094 -3.136660e+03 4.965975e+02 1.239400e+04 -2.972789e+03 4.885639e+02 1.238956e+04 -1.638719e+02 8.033603e+00 4.443851e+00
1.744859997720384 -3.057352e+03 1.766964e+02 1.232251e+04 -2.888663e+03 1.670199e+02 1.231880e+04 -1.686893e+02 9.676569e+00 3.708349e+00
1.850283996958186 -3.030122e+03 1.541877e+02 1.145614e+04 -2.864291e+03 1.457919e+02 1.145335e+04 -1.658314e+02 8.395797e+00 2.787177e+00
1.955167033168242 -2.997080e+03 1.836159e+02 1.095308e+04 -2.839984e+03 1.772822e+02 1.095127e+04 -1.570959e+02 6.333747e+00 1.812150e+00
2.079204578011703 -2.925996e+03 3.120637e+02 1.107227e+04 -2.777750e+03 3.056730e+02 1.106997e+04 -1.482467e+02 6.390642e+00 2.294917e+00
2.181157806826883 -2.895351e+03 1.285568e+02 1.071391e+04 -2.742081e+03 1.241896e+02 1.071079e+04 -1.532701e+02 4.367218e+00 3.127725e+00
2.295668227370031 -2.863884e+03 1.914745e+02 1.029015e+04 -2.701833e+03 1.886371e+02 1.028719e+04 -1.620505e+02 2.837390e+00 2.959277e+00
2.384089956296648 -2.903347e+03 2.726859e+02 1.001272e+04 -2.735353e+03 2.695987e+02 1.001013e+04 -1.679945e+02 3.087245e+00 2.585700e+00
2.514935165459735 -2.950425e+03 2.768617e+02 9.963388e+03 -2.777403e+03 2.740339e+02 9.961152e+03 -1.730228e+02 2.827805e+00 2.236003e+00
2.630729037035589 -2.977083e+03 3.641246e+02 1.001559e+04 -2.798116e+03 3.618335e+02 1.001398e+04 -1.789670e+02 2.291105e+00 1.608466e+00
2.762721100383926 -2.972575e+03 3.994205e+02 1.015196e+04 -2.787783e+03 3.976953e+02 1.015080e+04 -1.847922e+02 1.725200e+00 1.155239e+00
2.888030492290258 -2.995582e+03 5.033450e+02 1.011964e+04 -2.806493e+03 5.021295e+02 1.011879e+04 -1.890889e+02 1.215539e+00 8.542069e-01
2.999511691030123 -2.979424e+03 4.853159e+02 9.879215e+03 -2.785581e+03 4.847047e+02 9.878526e+03 -1.938432e+02 6.112134e-01 6.894640e-01
3.119813098226572 -2.940675e+03 4.924603e+02 9.880518e+03 -2.743508e+03 4.926324e+02 9.878633e+03 -1.971666e+02 -1.720616e-01 1.884404e+00
3.23702131979115 -2.937402e+03 5.557198e+02 1.010986e+04 -2.736880e+03 5.555116e+02 1.010740e+04 -2.005226e+02 2.082639e-01 2.459947e+00
3.360891538983642 -2.892260e+03 4.554936e+02 1.031670e+04 -2.689521e+03 4.545728e+02 1.031351e+04 -2.027383e+02 9.207118e-01 3.187990e+00
3.474906078367586 -2.902069e+03 4.460714e+02 1.058402e+04 -2.699236e+03 4.442809e+02 1.057946e+04 -2.028325e+02 1.790535e+00 4.560858e+00
3.590013845402813 -2.877857e+03 3.577809e+02 1.086634e+04 -2.675337e+03 3.552763e+02 1.086108e+04 -2.025200e+02 2.504586e+00 5.254567e+00
3.702042384421014 -2.849523e+03 2.616192e+02 1.105581e+04 -2.649083e+03 2.582691e+02 1.105092e+04 -2.004397e+02 3.350173e+00 4.881150e+00
3.817338786206022 -2.856432e+03 2.566841e+02 1.133094e+04 -2.659337e+03 2.531800e+02 1.132552e+04 -1.970944e+02 3.504145e+00 5.419229e+00
3.928975514815927 -2.820101e+03 1.794660e+02 1.141423e+04 -2.622994e+03 1.763218e+02 1.140867e+04 -1.971070e+02 3.144167e+00 5.557056e+00
4.039087786172898 -2.837287e+03 1.866278e+02 1.163728e+04 -2.645061e+03 1.822225e+02 1.163254e+04 -1.922258e+02 4.405318e+00 4.740382e+00
4.137136927551679 -2.782224e+03 1.553378e+02 1.155736e+04 -2.595327e+03 1.510188e+02 1.155139e+04 -1.868971e+02 4.319041e+00 5.964350e+00
4.210217902970164 -2.792079e+03 1.349255e+02 1.155379e+04 -2.607897e+03 1.306457e+02 1.154781e+04 -1.841820e+02 4.279807e+00 5.979249e+00
4.288601292954007 -2.805711e+03 1.468078e+02 1.165391e+04 -2.624175e+03 1.418992e+02 1.164834e+04 -1.815361e+02 4.908532e+00 5.570773e+00
4.355422018665772 -2.793646e+03 1.604012e+02 1.164287e+04 -2.614265e+03 1.551170e+02 1.163715e+04 -1.793813e+02 5.284134e+00 5.716608e+00
4.424969911046014 -2.772696e+03 1.446149e+02 1.162719e+04 -2.594407e+03 1.394930e+02 1.162057e+04 -1.782892e+02 5.121949e+00 6.619536e+00
4.506234074893222 -2.755903e+03 1.214055e+02 1.166894e+04 -2.577310e+03 1.155061e+02 1.166287e+04 -1.785924e+02 5.899357e+00 6.068650e+00
4.585482387799023 -2.813338e+03 1.681681e+02 1.183611e+04 -2.634507e+03 1.617199e+02 1.183056e+04 -1.788301e+02 6.448178e+00 5.544574e+00
4.669623228482235 -2.780862e+03 1.520482e+02 1.180218e+04 -2.600698e+03 1.460491e+02 1.179563e+04 -1.801638e+02 5.999116e+00 6.544719e+00
4.758940765427644 -2.753328e+03 1.013637e+02 1.170703e+04 -2.571465e+03 9.557623e+01 1.170081e+04 -1.818635e+02 5.787490e+00 6.223882e+00
4.857096213301716 -2.775969e+03 1.000891e+02 1.179710e+04 -2.593285e+03 9.374562e+01 1.179143e+04 -1.826836e+02 6.343489e+00 5.672384e+00
4.946982013090207 -2.757567e+03 8.650947e+01 1.181873e+04 -2.575785e+03 8.016122e+01 1.181276e+04 -1.817817e+02 6.348256e+00 5.964027e+00
5.04787758922236 -2.771802e+03 1.015399e+02 1.187151e+04 -2.590678e+03 9.503196e+01 1.186602e+04 -1.811244e+02 6.507916e+00 5.496770e+00
5.157281492071075 -2.790968e+03 1.037999e+02 1.189367e+04 -2.610148e+03 9.746717e+01 1.188773e+04 -1.808205e+02 6.332702e+00 5.942658e+00
5.248578560856105 -2.759752e+03 9.752593e+01 1.184923e+04 -2.578150e+03 9.131185e+01 1.184312e+04 -1.816017e+02 6.214082e+00 6.109669e+00
5.33273410861324 -2.791793e+03 1.310871e+02 1.195295e+04 -2.609906e+03 1.247941e+02 1.194697e+04 -1.818870e+02 6.292984e+00 5.978778e+00
5.421551599891822 -2.786740e+03 1.272266e+02 1.194941e+04 -2.604136e+03 1.208331e+02 1.194358e+04 -1.826048e+02 6.393464e+00 5.826038e+00
5.524367842115632 -2.797438e+03 8.779766e+01 1.204655e+04 -2.614909e+03 8.085871e+01 1.204086e+04 -1.825295e+02 6.938951e+00 5.691345e+00
5.627587741611166 -2.787471e+03 7.146505e+01 1.205124e+04 -2.604299e+03 6.430091e+01 1.204534e+04 -1.831714e+02 7.164145e+00 5.897156e+00
5.729998453774868 -2.842537e+03 6.885980e+01 1.211774e+04 -2.658174e+03 6.193459e+01 1.211171e+04 -1.843631e+02 6.925205e+00 6.029868e+00
5.818692475573452 -2.796107e+03 1.132192e+01 1.208818e+04 -2.611685e+03 4.218994e+00 1.208220e+04 -1.844223e+02 7.102921e+00 5.985741e+00
5.903195103469491 -2.765149e+03 -1.408071e+01 1.209406e+04 -2.580456e+03 -2.163015e+01 1.208818e+04 -1.846932e+02 7.549448e+00 5.873661e+00
6.007142194504818 -2.778384e+03 9.809770e+00 1.218091e+04 -2.592947e+03 1.967325e+00 1.217494e+04 -1.854365e+02 7.842446e+00 5.969328e+00
6.106796794353643 -2.776742e+03 -2.204810e+00 1.222788e+04 -2.590764e+03 -1.021423e+01 1.222176e+04 -1.859774e+02 8.009423e+00 6.124332e+00
6.216363459170587 -2.774812e+03 -4.593427e+01 1.226023e+04 -2.587889e+03 -5.415548e+01 1.225398e+04 -1.869231e+02 8.221212e+00 6.251639e+00
6.329041069233578 -2.796054e+03 -9.135949e+00 1.235179e+04 -2.608169e+03 -1.758557e+01 1.234561e+04 -1.878851e+02 8.449618e+00 6.179148e+00
6.40700228893335 -2.774943e+03 2.491983e+01 1.236563e+04 -2.586421e+03 1.639204e+01 1.235934e+04 -1.885219e+02 8.527791e+00 6.294791e+00
6.482611882030117 -2.807493e+03 5.945489e+01 1.245272e+04 -2.618523e+03 5.073926e+01 1.244650e+04 -1.889702e+02 8.715626e+00 6.223292e+00
6.569701365693713 -2.784967e+03 4.963565e+01 1.246334e+04 -2.595659e+03 4.093223e+01 1.245693e+04 -1.893086e+02 8.703418e+00 6.415250e+00
6.649095045085586 -2.776124e+03 1.656818e+01 1.245882e+04 -2.586556e+03 7.760207e+00 1.245246e+04 -1.895684e+02 8.807969e+00 6.369976e+00
6.730246876980135 -2.770572e+03 -2.597188e+01 1.247365e+04 -2.580619e+03 -3.482815e+01 1.246730e+04 -1.899532e+02 8.856276e+00 6.345113e+00
6.811907191534519 -2.809210e+03 -7.438290e+00 1.258754e+04 -2.619398e+03 -1.623310e+01 1.258125e+04 -1.898122e+02 8.794807e+00 6.288770e+00
6.887886845725931 -2.763413e+03 -1.056847e+01 1.253474e+04 -2.573148e+03 -1.942625e+01 1.252837e+04 -1.902648e+02 8.857779e+00 6.369840e+00
6.982144716385224 -2.755227e+03 1.197867e+01 1.263921e+04 -2.564475e+03 3.233069e+00 1.263293e+04 -1.907525e+02 8.745598e+00 6.275662e+00
7.070495294940398 -2.811168e+03 4.748209e+01 1.278669e+04 -2.619405e+03 3.870777e+01 1.278014e+04 -1.917630e+02 8.774318e+00 6.549246e+00
7.132794057524887 -2.800736e+03 4.882455e+01 1.274309e+04 -2.608220e+03 3.989474e+01 1.273628e+04 -1.925160e+02 8.929809e+00 6.814369e+00
7.201689945393631 -2.772304e+03 3.488956e+01 1.272564e+04 -2.579781e+03 2.603131e+01 1.271889e+04 -1.925238e+02 8.858257e+00 6.748145e+00
7.286798423570776 -2.844922e+03 7.998940e+01 1.291883e+04 -2.652575e+03 7.101678e+01 1.291202e+04 -1.923474e+02 8.972616e+00 6.812123e+00
7.364906023638424 -2.850758e+03 1.093180e+02 1.300135e+04 -2.658394e+03 1.003666e+02 1.299449e+04 -1.923643e+02 8.951400e+00 6.859687e+00
7.441971185344416 -2.827750e+03 1.068989e+02 1.303394e+04 -2.635650e+03 9.801995e+01 1.302741e+04 -1.920998e+02 8.878929e+00 6.530437e+00
7.521436979252897 -2.857978e+03 9.424938e+01 1.308114e+04 -2.665628e+03 8.592139e+01 1.307400e+04 -1.923498e+02 8.327997e+00 7.146130e+00
7.604622412023348 -2.828390e+03 8.941016e+01 1.315605e+04 -2.636281e+03 8.089935e+01 1.314921e+04 -1.921089e+02 8.510811e+00 6.841023e+00
7.674282139721713 -2.853725e+03 1.034131e+02 1.320883e+04 -2.661332e+03 9.514594e+01 1.320165e+04 -1.923934e+02 8.267152e+00 7.182827e+00
7.745661694289578 -2.831764e+03 9.079507e+01 1.322293e+04 -2.639495e+03 8.295902e+01 1.321538e+04 -1.922686e+02 7.836055e+00 7.553881e+00
7.829407079785986 -2.882518e+03 1.291723e+02 1.341960e+04 -2.691677e+03 1.210832e+02 1.341280e+04 -1.908412e+02 8.089065e+00 6.796998e+00
7.892082431014251 -2.861540e+03 1.223410e+02 1.344247e+04 -2.671537e+03 1.150213e+02 1.343500e+04 -1.900029e+02 7.319693e+00 7.472028e+00
7.965985726160068 -2.865270e+03 9.944811e+01 1.349000e+04 -2.675885e+03 9.204695e+01 1.348251e+04 -1.893854e+02 7.401156e+00 7.492443e+00
8.04003442285318 -2.840563e+03 6.788643e+01 1.352218e+04 -2.651606e+03 6.016050e+01 1.351494e+04 -1.889576e+02 7.725928e+00 7.243744e+00
8.124380625060766 -2.868093e+03 9.066905e+01 1.361143e+04 -2.679162e+03 8.342845e+01 1.360331e+04 -1.889310e+02 7.240602e+00 8.117325e+00
8.203787998243637 -2.842612e+03 8.291836e+01 1.363884e+04 -2.654750e+03 7.520376e+01 1.363129e+04 -1.878612e+02 7.714596e+00 7.550795e+00
8.27415374246673 -2.874684e+03 1.094520e+02 1.370099e+04 -2.687106e+03 1.019963e+02 1.369273e+04 -1.875787e+02 7.455768e+00 8.265320e+00
8.352758269532853 -2.868510e+03 1.034723e+02 1.373166e+04 -2.681161e+03 9.562893e+01 1.372358e+04 -1.873490e+02 7.843323e+00 8.080303e+00
8.419626140776806 -2.890885e+03 1.410792e+02 1.384991e+04 -2.703575e+03 1.330176e+02 1.384193e+04 -1.873095e+02 8.061648e+00 7.985761e+00
8.495278601169854 -2.865302e+03 1.347389e+02 1.384008e+04 -2.678079e+03 1.275392e+02 1.383139e+04 -1.872230e+02 7.199658e+00 8.690334e+00
8.574617142837894 -2.905242e+03 1.414483e+02 1.402826e+04 -2.718590e+03 1.337802e+02 1.402026e+04 -1.866528e+02 7.668038e+00 7.997639e+00
8.654108070832674 -2.887067e+03 1.064872e+02 1.398849e+04 -2.700324e+03 9.957191e+01 1.397972e+04 -1.867438e+02 6.915304e+00 8.774047e+00
8.729448520580659 -2.900217e+03 1.194573e+02 1.404802e+04 -2.712574e+03 1.119443e+02 1.403969e+04 -1.876426e+02 7.512989e+00 8.331262e+00
8.808844546420023 -2.943346e+03 1.507789e+02 1.417102e+04 -2.754892e+03 1.435804e+02 1.416196e+04 -1.884534e+02 7.198513e+00 9.060396e+00
8.893128863902801 -2.927416e+03 1.522693e+02 1.425987e+04 -2.738715e+03 1.446771e+02 1.425143e+04 -1.887006e+02 7.592111e+00 8.436960e+00
8.976093545022733 -2.945440e+03 1.719636e+02 1.434877e+04 -2.756199e+03 1.649336e+02 1.433961e+04 -1.892414e+02 7.029987e+00 9.162618e+00
9.059048284330236 -3.013299e+03 1.714880e+02 1.450441e+04 -2.823639e+03 1.640522e+02 1.449578e+04 -1.896594e+02 7.435805e+00 8.622734e+00
9.143817259580988 -2.976693e+03 1.416138e+02 1.446255e+04 -2.787469e+03 1.345769e+02 1.445323e+04 -1.892241e+02 7.036923e+00 9.321804e+00
9.221215963625884 -2.946597e+03 1.579374e+02 1.449040e+04 -2.759423e+03 1.509872e+02 1.448179e+04 -1.871734e+02 6.950247e+00 8.606107e+00
9.295780763980053 -2.941075e+03 1.644333e+02 1.454989e+04 -2.752796e+03 1.582567e+02 1.454081e+04 -1.882797e+02 6.176607e+00 9.081854e+00
9.368744760443294 -2.915135e+03 1.370377e+02 1.456113e+04 -2.725865e+03 1.306889e+02 1.455255e+04 -1.892704e+02 6.348762e+00 8.581682e+00
9.449066989435927 -2.942539e+03 1.578176e+02 1.461599e+04 -2.752249e+03 1.515779e+02 1.460686e+04 -1.902897e+02 6.239646e+00 9.132438e+00
9.533593403472159 -2.953141e+03 1.223080e+02 1.472352e+04 -2.762996e+03 1.159557e+02 1.471484e+04 -1.901450e+02 6.352265e+00 8.682068e+00
9.622478541458584 -2.943013e+03 1.160588e+02 1.472587e+04 -2.752932e+03 1.103523e+02 1.471664e+04 -1.900810e+02 5.706461e+00 9.235565e+00
9.70830053059017 -2.965415e+03 1.966470e+02 1.486717e+04 -2.775076e+03 1.903089e+02 1.485862e+04 -1.903394e+02 6.338042e+00 8.551575e+00
9.800936059663305 -2.927545e+03 1.535742e+02 1.476293e+04 -2.737409e+03 1.480373e+02 1.475368e+04 -1.901363e+02 5.536890e+00 9.248702e+00
9.880479227915458 -2.980459e+03 1.644651e+02 1.495624e+04 -2.790539e+03 1.588236e+02 1.494787e+04 -1.899198e+02 5.641449e+00 8.366464e+00
9.96952678413845 -2.964711e+03 1.253754e+02 1.500806e+04 -2.773004e+03 1.203010e+02 1.499890e+04 -1.917076e+02 5.074381e+00 9.157986e+00
10.052286681356223 -2.957936e+03 1.563769e+02 1.503292e+04 -2.765886e+03 1.508014e+02 1.502417e+04 -1.920501e+02 5.575411e+00 8.747202e+00
10.140452217349871 -2.960515e+03 1.793855e+02 1.508474e+04 -2.769458e+03 1.740501e+02 1.507591e+04 -1.910567e+02 5.335367e+00 8.822188e+00
10.234121544156935 -2.972749e+03 1.525237e+02 1.517069e+04 -2.781982e+03 1.477103e+02 1.516208e+04 -1.907672e+02 4.813381e+00 8.603137e+00
10.325704967199965 -2.986868e+03 1.273475e+02 1.520775e+04 -2.794067e+03 1.227373e+02 1.519912e+04 -1.928013e+02 4.610132e+00 8.625194e+00
10.424304082384491 -2.984767e+03 1.178428e+02 1.526862e+04 -2.790170e+03 1.129464e+02 1.526004e+04 -1.945974e+02 4.896351e+00 8.573329e+00
10.523365789168793 -3.002361e+03 1.305612e+02 1.533844e+04 -2.807597e+03 1.252963e+02 1.532987e+04 -1.947638e+02 5.264911e+00 8.574127e+00
10.627476828427419 -3.014915e+03 1.569954e+02 1.542574e+04 -2.819547e+03 1.515961e+02 1.541733e+04 -1.953675e+02 5.399356e+00 8.411744e+00
10.727316231039831 -3.013689e+03 1.421166e+02 1.543834e+04 -2.817801e+03 1.370247e+02 1.542984e+04 -1.958877e+02 5.091849e+00 8.494366e+00
10.825608517936876 -3.034554e+03 1.388377e+02 1.551580e+04 -2.837504e+03 1.339945e+02 1.550734e+04 -1.970499e+02 4.843199e+00 8.462577e+00
10.924029834388371 -3.021381e+03 1.128719e+02 1.559444e+04 -2.822593e+03 1.080757e+02 1.558599e+04 -1.987880e+02 4.796165e+00 8.456374e+00
11.028244116853195 -3.030977e+03 1.378452e+02 1.563748e+04 -2.829776e+03 1.332982e+02 1.562932e+04 -2.012005e+02 4.547029e+00 8.155887e+00
11.132030858330566 -3.043346e+03 1.490704e+02 1.567983e+04 -2.838952e+03 1.449852e+02 1.567209e+04 -2.043944e+02 4.085141e+00 7.742887e+00
11.228651899553679 -3.050321e+03 1.313841e+02 1.570314e+04 -2.843941e+03 1.275152e+02 1.569541e+04 -2.063797e+02 3.868954e+00 7.734427e+00
11.328781022301715 -3.047618e+03 8.041786e+01 1.571795e+04 -2.839157e+03 7.648791e+01 1.571039e+04 -2.084609e+02 3.929952e+00 7.559846e+00
11.438920982392597 -3.062786e+03 1.009929e+02 1.579624e+04 -2.852013e+03 9.682190e+01 1.578902e+04 -2.107729e+02 4.170956e+00 7.215318e+00
11.536987177988435 -3.101748e+03 1.360572e+02 1.591654e+04 -2.888636e+03 1.315629e+02 1.590992e+04 -2.131120e+02 4.494313e+00 6.621688e+00
11.636167871636236 -3.077160e+03 1.093914e+02 1.590740e+04 -2.861854e+03 1.047196e+02 1.590129e+04 -2.153061e+02 4.671787e+00 6.106701e+00
11.740246615650014 -3.076886e+03 9.519131e+01 1.591098e+04 -2.859595e+03 9.034140e+01 1.590506e+04 -2.172909e+02 4.849908e+00 5.919675e+00
11.851288601915295 -3.088575e+03 6.517232e+01 1.592036e+04 -2.869522e+03 5.994011e+01 1.591470e+04 -2.190529e+02 5.232207e+00 5.664384e+00
11.951444847188796 -3.098830e+03 1.009593e+02 1.598435e+04 -2.878435e+03 9.535733e+01 1.597894e+04 -2.203950e+02 5.602003e+00 5.417182e+00
12.053875629686416 -3.112668e+03 1.384795e+02 1.605551e+04 -2.890897e+03 1.325756e+02 1.605047e+04 -2.217715e+02 5.903923e+00 5.037175e+00
12.156610624635841 -3.108845e+03 1.062031e+02 1.603716e+04 -2.887025e+03 9.982226e+01 1.603271e+04 -2.218197e+02 6.380809e+00 4.442885e+00
12.267746090403135 -3.111347e+03 8.225954e+01 1.604125e+04 -2.889073e+03 7.594968e+01 1.603688e+04 -2.222740e+02 6.309864e+00 4.372051e+00
12.369687878814476 -3.109337e+03 1.126024e+02 1.606230e+04 -2.886994e+03 1.060491e+02 1.605823e+04 -2.223435e+02 6.553232e+00 4.066505e+00
12.471388151610228 -3.118052e+03 1.453345e+02 1.608994e+04 -2.895897e+03 1.386902e+02 1.608617e+04 -2.221553e+02 6.644363e+00 3.772874e+00
12.574279021178207 -3.129965e+03 1.492295e+02 1.610596e+04 -2.908032e+03 1.424043e+02 1.610271e+04 -2.219326e+02 6.825178e+00 3.255346e+00
12.683811847460039 -3.121469e+03 1.184901e+02 1.607904e+04 -2.899761e+03 1.117364e+02 1.607587e+04 -2.217085e+02 6.753711e+00 3.170875e+00
12.786130206346371 -3.140180e+03 1.436483e+02 1.613797e+04 -2.917799e+03 1.366388e+02 1.613479e+04 -2.223810e+02 7.009468e+00 3.181074e+00
12.888038664925427 -3.133520e+03 1.609041e+02 1.612329e+04 -2.909904e+03 1.537295e+02 1.612033e+04 -2.236159e+02 7.174558e+00 2.955595e+00
12.999783272913406 -3.158323e+03 2.032791e+02 1.619249e+04 -2.934002e+03 1.960456e+02 1.618956e+04 -2.243219e+02 7.233571e+00 2.930718e+00
13.103020676992683 -3.146279e+03 1.627002e+02 1.612064e+04 -2.921161e+03 1.553893e+02 1.611782e+04 -2.251180e+02 7.310920e+00 2.821812e+00
13.205469037888825 -3.156228e+03 1.640912e+02 1.616409e+04 -2.930120e+03 1.569745e+02 1.616126e+04 -2.261085e+02 7.116649e+00 2.829327e+00
13.309799669366127 -3.166013e+03 2.079135e+02 1.624237e+04 -2.939056e+03 2.008326e+02 1.623978e+04 -2.269566e+02 7.080905e+00 2.593778e+00
13.420002779352794 -3.157991e+03 1.914440e+02 1.617920e+04 -2.930912e+03 1.842988e+02 1.617650e+04 -2.270787e+02 7.145212e+00 2.699660e+00
13.527481463980203 -3.183655e+03 2.190989e+02 1.621239e+04 -2.955903e+03 2.118409e+02 1.620969e+04 -2.277525e+02 7.258053e+00 2.691248e+00
13.627795577084552 -3.176322e+03 1.884687e+02 1.620089e+04 -2.948460e+03 1.811614e+02 1.619783e+04 -2.278617e+02 7.307307e+00 3.066964e+00
13.726260624781498 -3.169443e+03 1.810752e+02 1.615059e+04 -2.941103e+03 1.739580e+02 1.614752e+04 -2.283404e+02 7.117151e+00 3.077433e+00
13.842435951116908 -3.207553e+03 2.257708e+02 1.625606e+04 -2.976120e+03 2.187759e+02 1.625352e+04 -2.314334e+02 6.994891e+00 2.546809e+00
13.956000375131143 -3.195395e+03 2.066997e+02 1.619027e+04 -2.961392e+03 1.997714e+02 1.618773e+04 -2.340029e+02 6.928265e+00 2.536480e+00
14.056685471890273 -3.206893e+03 1.912274e+02 1.617371e+04 -2.971439e+03 1.841705e+02 1.617131e+04 -2.354538e+02 7.056954e+00 2.399019e+00
14.160581039012362 -3.199106e+03 2.088818e+02 1.621167e+04 -2.962338e+03 2.018414e+02 1.620947e+04 -2.367683e+02 7.040417e+00 2.197397e+00
14.278276977521491 -3.258441e+03 2.419633e+02 1.624418e+04 -3.019411e+03 2.353034e+02 1.624178e+04 -2.390298e+02 6.659912e+00 2.397716e+00
14.389211714078892 -3.238442e+03 2.231066e+02 1.619371e+04 -2.997444e+03 2.162455e+02 1.619166e+04 -2.409984e+02 6.861056e+00 2.045178e+00
14.491561408000075 -3.282603e+03 2.465026e+02 1.627407e+04 -3.040499e+03 2.396498e+02 1.627208e+04 -2.421039e+02 6.852784e+00 1.994037e+00
14.585446917207788 -3.242996e+03 2.489000e+02 1.619444e+04 -3.000445e+03 2.418011e+02 1.619252e+04 -2.425502e+02 7.098913e+00 1.917692e+00
14.71348843976576 -3.257663e+03 2.590566e+02 1.620172e+04 -3.015497e+03 2.515034e+02 1.619959e+04 -2.421662e+02 7.553130e+00 2.124002e+00
14.836483519255474 -3.263345e+03 2.334314e+02 1.617151e+04 -3.021027e+03 2.256801e+02 1.616936e+04 -2.423177e+02 7.751246e+00 2.146508e+00
14.940930004828925 -3.261782e+03 2.475220e+02 1.615745e+04 -3.018529e+03 2.402620e+02 1.615504e+04 -2.432537e+02 7.260000e+00 2.406226e+00
15.045605648655387 -3.264235e+03 2.629097e+02 1.613319e+04 -3.018671e+03 2.559606e+02 1.613114e+04 -2.455639e+02 6.949102e+00 2.049164e+00
15.15710191104494 -3.234078e+03 2.474998e+02 1.606920e+04 -2.987574e+03 2.406970e+02 1.606740e+04 -2.465040e+02 6.802839e+00 1.796926e+00
15.29015134660343 -3.250399e+03 2.433028e+02 1.610195e+04 -3.003851e+03 2.367275e+02 1.610013e+04 -2.465480e+02 6.575218e+00 1.819998e+00
15.410328722385714 -3.265762e+03 2.722864e+02 1.608679e+04 -3.018638e+03 2.658488e+02 1.608521e+04 -2.471241e+02 6.437624e+00 1.577078e+00
15.534210950209058 -3.269602e+03 2.762769e+02 1.606669e+04 -3.021751e+03 2.698435e+02 1.606517e+04 -2.478503e+02 6.433379e+00 1.522099e+00
15.657140053958203 -3.270299e+03 2.677619e+02 1.608744e+04 -3.022009e+03 2.614178e+02 1.608571e+04 -2.482900e+02 6.344096e+00 1.727502e+00
15.786137855261737 -3.272127e+03 2.521226e+02 1.604144e+04 -3.024700e+03 2.459358e+02 1.603953e+04 -2.474264e+02 6.186786e+00 1.915614e+00
15.911223747940234 -3.283017e+03 2.757094e+02 1.603054e+04 -3.036741e+03 2.691621e+02 1.602883e+04 -2.462759e+02 6.547371e+00 1.715359e+00
16.029650706081476 -3.285887e+03 3.077650e+02 1.599583e+04 -3.040823e+03 3.005713e+02 1.599430e+04 -2.450632e+02 7.193685e+00 1.531744e+00
16.1535526142085 -3.274239e+03 2.761760e+02 1.597950e+04 -3.031700e+03 2.693165e+02 1.597791e+04 -2.425390e+02 6.859541e+00 1.594098e+00
16.281946304533207 -3.288971e+03 2.918005e+02 1.594647e+04 -3.045513e+03 2.861034e+02 1.594455e+04 -2.434580e+02 5.697022e+00 1.921578e+00
16.402436750003041 -3.281247e+03 2.935429e+02 1.589412e+04 -3.037765e+03 2.884780e+02 1.589220e+04 -2.434821e+02 5.064946e+00 1.915018e+00
16.533259164709282 -3.279815e+03 3.191754e+02 1.589161e+04 -3.038793e+03 3.138932e+02 1.588989e+04 -2.410212e+02 5.282205e+00 1.719976e+00
16.654129627139181 -3.287514e+03 2.969948e+02 1.580240e+04 -3.043584e+03 2.925697e+02 1.580066e+04 -2.439303e+02 4.425102e+00 1.737539e+00
16.782455857002581 -3.295230e+03 3.002102e+02 1.574947e+04 -3.048188e+03 2.958346e+02 1.574815e+04 -2.470428e+02 4.375641e+00 1.316858e+00
16.901948145434542 -3.291568e+03 3.065590e+02 1.573987e+04 -3.044371e+03 3.018401e+02 1.573892e+04 -2.471970e+02 4.718950e+00 9.554013e-01
17.027951006474705 -3.284685e+03 3.232808e+02 1.571043e+04 -3.037697e+03 3.186999e+02 1.570979e+04 -2.469879e+02 4.580953e+00 6.405517e-01
17.152501466534158 -3.294202e+03 3.323821e+02 1.572713e+04 -3.047265e+03 3.280231e+02 1.572674e+04 -2.469362e+02 4.359072e+00 3.888389e-01
17.274326286631268 -3.291717e+03 3.072443e+02 1.565156e+04 -3.043455e+03 3.031280e+02 1.565110e+04 -2.482614e+02 4.116287e+00 4.575408e-01
17.40208057039051 -3.301456e+03 3.141424e+02 1.564061e+04 -3.050722e+03 3.098072e+02 1.564026e+04 -2.507338e+02 4.335161e+00 3.505095e-01
17.522639616528977 -3.305006e+03 3.380665e+02 1.564022e+04 -3.051926e+03 3.336280e+02 1.563994e+04 -2.530793e+02 4.438493e+00 2.819187e-01
17.642341434899347 -3.305204e+03 3.233955e+02 1.562319e+04 -3.050216e+03 3.189374e+02 1.562296e+04 -2.549882e+02 4.458083e+00 2.233610e-01
17.772653664228656 -3.307174e+03 2.701229e+02 1.554889e+04 -3.050011e+03 2.659297e+02 1.554890e+04 -2.571625e+02 4.193166e+00 -1.865427e-02
17.894458134985662 -3.299438e+03 3.062870e+02 1.551456e+04 -3.041124e+03 3.021357e+02 1.551464e+04 -2.583145e+02 4.151302e+00 -8.404691e-02
18.026370644863178 -3.313786e+03 3.365029e+02 1.549941e+04 -3.055791e+03 3.325309e+02 1.549960e+04 -2.579950e+02 3.972040e+00 -1.944396e-01
18.155199540131598 -3.311104e+03 3.487360e+02 1.546521e+04 -3.054918e+03 3.449825e+02 1.546551e+04 -2.561862e+02 3.753495e+00 -3.079021e-01
18.276426914018106 -3.308445e+03 3.471428e+02 1.543387e+04 -3.053025e+03 3.435743e+02 1.543407e+04 -2.554208e+02 3.568445e+00 -1.990823e-01
18.409304196970574 -3.321830e+03 3.558481e+02 1.547498e+04 -3.067625e+03 3.521408e+02 1.547505e+04 -2.542055e+02 3.707262e+00 -7.014205e-02
18.526510838417927 -3.319940e+03 3.411789e+02 1.540245e+04 -3.064759e+03 3.374706e+02 1.540262e+04 -2.551808e+02 3.708302e+00 -1.692271e-01
18.65082281613164 -3.326279e+03 3.005590e+02 1.535604e+04 -3.069401e+03 2.966189e+02 1.535633e+04 -2.568788e+02 3.940136e+00 -2.888710e-01
18.777749191666757 -3.320757e+03 3.704343e+02 1.534513e+04 -3.061291e+03 3.665262e+02 1.534550e+04 -2.594663e+02 3.908069e+00 -3.775206e-01
18.899733823442645 -3.337950e+03 3.747559e+02 1.532245e+04 -3.077514e+03 3.711611e+02 1.532307e+04 -2.604356e+02 3.594813e+00 -6.237026e-01
19.028875433044909 -3.319063e+03 3.876179e+02 1.523363e+04 -3.060208e+03 3.844940e+02 1.523425e+04 -2.588548e+02 3.123964e+00 -6.215012e-01
19.144295761977471 -3.321458e+03 3.796887e+02 1.524951e+04 -3.063592e+03 3.769070e+02 1.525020e+04 -2.578662e+02 2.781721e+00 -6.912066e-01
19.268195875003006 -3.329824e+03 3.657967e+02 1.528708e+04 -3.072584e+03 3.629953e+02 1.528734e+04 -2.572399e+02 2.801378e+00 -2.646838e-01
19.383570456753212 -3.322254e+03 3.820489e+02 1.522499e+04 -3.063588e+03 3.790443e+02 1.522547e+04 -2.586661e+02 3.004640e+00 -4.723738e-01
19.508359768413541 -3.347874e+03 3.672229e+02 1.529776e+04 -3.087281e+03 3.642501e+02 1.529844e+04 -2.605927e+02 2.972792e+00 -6.803634e-01
19.630130254227492 -3.334729e+03 3.570585e+02 1.517932e+04 -3.072800e+03 3.545059e+02 1.517996e+04 -2.619289e+02 2.552613e+00 -6.383471e-01
19.754065308259658 -3.337922e+03 3.792421e+02 1.517993e+04 -3.076103e+03 3.768503e+02 1.518062e+04 -2.618189e+02 2.391877e+00 -6.879292e-01
19.874109681762313 -3.335257e+03 4.133294e+02 1.515859e+04 -3.074667e+03 4.112056e+02 1.515933e+04 -2.605905e+02 2.123821e+00 -7.432578e-01
20.000463497691932 -3.342016e+03 3.831780e+02 1.519860e+04 -3.081784e+03 3.811088e+02 1.519927e+04 -2.602327e+02 2.069213e+00 -6.734580e-01
