# Force       
# CofR        : (2.929541e+00 0.000000e+00 2.000000e-01)
#
# Time        	total_x total_y total_z	pressure_x pressure_y pressure_z	viscous_x viscous_y viscous_z
0.00385805     -3.359535e+03 1.103623e+03 1.653307e+04 -3.001962e+03 1.102769e+03 1.654083e+04 -3.575734e+02 8.542243e-01 -7.760953e+00
0.00474966     -3.365993e+03 1.104737e+03 1.654816e+04 -3.005616e+03 1.103874e+03 1.655596e+04 -3.603776e+02 8.632076e-01 -7.805956e+00
0.00581959     -3.380036e+03 1.098162e+03 1.654388e+04 -3.016427e+03 1.097286e+03 1.655174e+04 -3.636099e+02 8.753864e-01 -7.864659e+00
0.00710351     -3.399361e+03 1.075031e+03 1.652237e+04 -3.032060e+03 1.074140e+03 1.653031e+04 -3.673004e+02 8.905777e-01 -7.939845e+00
0.00864421     -3.431003e+03 1.066383e+03 1.650380e+04 -3.059536e+03 1.065474e+03 1.651183e+04 -3.714665e+02 9.094175e-01 -8.032488e+00
0.0104931      -3.467991e+03 1.058276e+03 1.647896e+04 -3.091897e+03 1.057344e+03 1.648710e+04 -3.760935e+02 9.320591e-01 -8.142179e+00
0.0127117      -3.511925e+03 1.046058e+03 1.646837e+04 -3.130797e+03 1.045099e+03 1.647664e+04 -3.811280e+02 9.588630e-01 -8.269937e+00
0.015374       -3.564774e+03 1.046054e+03 1.645954e+04 -3.178312e+03 1.045066e+03 1.646795e+04 -3.864626e+02 9.879672e-01 -8.413405e+00
0.0185688      -3.616027e+03 1.032052e+03 1.643294e+04 -3.224061e+03 1.031035e+03 1.644151e+04 -3.919655e+02 1.016307e+00 -8.572066e+00
0.0224026      -3.656270e+03 1.020101e+03 1.639689e+04 -3.258997e+03 1.019062e+03 1.640563e+04 -3.972726e+02 1.038451e+00 -8.742347e+00
0.0270031      -3.710224e+03 9.901246e+02 1.637817e+04 -3.308226e+03 9.890796e+02 1.638709e+04 -4.019980e+02 1.044952e+00 -8.921776e+00
0.0325237      -3.762414e+03 9.606278e+02 1.636185e+04 -3.356771e+03 9.596080e+02 1.637096e+04 -4.056432e+02 1.019776e+00 -9.109129e+00
0.0391484      -3.812066e+03 9.248796e+02 1.635883e+04 -3.404475e+03 9.239285e+02 1.636813e+04 -4.075903e+02 9.511243e-01 -9.302080e+00
0.0470981      -3.852684e+03 8.784286e+02 1.632975e+04 -3.445545e+03 8.776145e+02 1.633925e+04 -4.071390e+02 8.141865e-01 -9.498362e+00
0.0566377      -3.887064e+03 8.260616e+02 1.628275e+04 -3.483471e+03 8.254674e+02 1.629245e+04 -4.035926e+02 5.942033e-01 -9.708518e+00
0.0680853      -3.919769e+03 7.686471e+02 1.622309e+04 -3.523366e+03 7.683881e+02 1.623300e+04 -3.964023e+02 2.589373e-01 -9.917362e+00
0.0817         -3.956648e+03 7.006801e+02 1.615966e+04 -3.571323e+03 7.008698e+02 1.616976e+04 -3.853250e+02 -1.896352e-01 -1.010903e+01
0.0972137      -3.985161e+03 6.256651e+02 1.606085e+04 -3.613967e+03 6.264037e+02 1.607111e+04 -3.711943e+02 -7.385619e-01 -1.026021e+01
0.114573       -4.007373e+03 5.649489e+02 1.596554e+04 -3.652400e+03 5.662629e+02 1.597587e+04 -3.549733e+02 -1.313948e+00 -1.032895e+01
0.133601       -4.019591e+03 5.132876e+02 1.583416e+04 -3.681622e+03 5.151731e+02 1.584446e+04 -3.379698e+02 -1.885457e+00 -1.029629e+01
0.153048       -4.039786e+03 4.781712e+02 1.572988e+04 -3.717477e+03 4.805680e+02 1.574010e+04 -3.223091e+02 -2.396745e+00 -1.021409e+01
0.173244       -4.051837e+03 4.663411e+02 1.562148e+04 -3.743474e+03 4.691326e+02 1.563160e+04 -3.083631e+02 -2.791528e+00 -1.012086e+01
0.194071       -4.064244e+03 4.928263e+02 1.551128e+04 -3.767497e+03 4.959324e+02 1.552129e+04 -2.967471e+02 -3.106069e+00 -1.001348e+01
0.21464        -4.085219e+03 5.505139e+02 1.544731e+04 -3.797402e+03 5.538670e+02 1.545724e+04 -2.878169e+02 -3.353035e+00 -9.923782e+00
0.2353         -4.108378e+03 6.254589e+02 1.539176e+04 -3.827124e+03 6.290496e+02 1.540161e+04 -2.812538e+02 -3.590703e+00 -9.843377e+00
0.256414       -4.129842e+03 7.162220e+02 1.533762e+04 -3.853223e+03 7.200425e+02 1.534741e+04 -2.766189e+02 -3.820513e+00 -9.793196e+00
0.278552       -4.152063e+03 8.160697e+02 1.533114e+04 -3.878451e+03 8.201489e+02 1.534093e+04 -2.736123e+02 -4.079182e+00 -9.786010e+00
0.301794       -4.160270e+03 9.275542e+02 1.531865e+04 -3.888279e+03 9.318939e+02 1.532847e+04 -2.719907e+02 -4.339615e+00 -9.817925e+00
0.322563       -4.143799e+03 1.028272e+03 1.527348e+04 -3.871861e+03 1.032844e+03 1.528333e+04 -2.719378e+02 -4.572009e+00 -9.844642e+00
0.343732       -4.140826e+03 1.139148e+03 1.531923e+04 -3.867982e+03 1.143987e+03 1.532914e+04 -2.728437e+02 -4.839095e+00 -9.914046e+00
0.364804       -4.129182e+03 1.256633e+03 1.532970e+04 -3.854714e+03 1.261717e+03 1.533965e+04 -2.744675e+02 -5.084055e+00 -9.944898e+00
0.385489       -4.111844e+03 1.366360e+03 1.532366e+04 -3.835214e+03 1.371680e+03 1.533361e+04 -2.766294e+02 -5.319674e+00 -9.944568e+00
0.406012       -4.101070e+03 1.450967e+03 1.535171e+04 -3.821946e+03 1.456496e+03 1.536160e+04 -2.791244e+02 -5.529604e+00 -9.893313e+00
0.42639        -4.059402e+03 1.523481e+03 1.531087e+04 -3.777423e+03 1.529214e+03 1.532071e+04 -2.819796e+02 -5.732927e+00 -9.840699e+00
0.446913       -4.030436e+03 1.578861e+03 1.532673e+04 -3.745411e+03 1.584782e+03 1.533655e+04 -2.850247e+02 -5.921054e+00 -9.828208e+00
0.467658       -4.006156e+03 1.619955e+03 1.533758e+04 -3.717863e+03 1.626050e+03 1.534738e+04 -2.882928e+02 -6.095296e+00 -9.801075e+00
0.48787        -3.992970e+03 1.616068e+03 1.531618e+04 -3.701308e+03 1.622322e+03 1.532599e+04 -2.916621e+02 -6.253728e+00 -9.808977e+00
0.508223       -3.968859e+03 1.572151e+03 1.525829e+04 -3.673731e+03 1.578559e+03 1.526813e+04 -2.951280e+02 -6.408505e+00 -9.842094e+00
0.528913       -3.956908e+03 1.489882e+03 1.518663e+04 -3.658315e+03 1.496443e+03 1.519655e+04 -2.985921e+02 -6.560418e+00 -9.925189e+00
0.54953        -3.959352e+03 1.375108e+03 1.513097e+04 -3.657229e+03 1.381826e+03 1.514104e+04 -3.021233e+02 -6.718698e+00 -1.007152e+01
0.569801       -3.956828e+03 1.274691e+03 1.504549e+04 -3.651041e+03 1.281596e+03 1.505572e+04 -3.057864e+02 -6.904049e+00 -1.022503e+01
0.589741       -3.954506e+03 1.213797e+03 1.498377e+04 -3.644842e+03 1.220889e+03 1.499420e+04 -3.096641e+02 -7.091092e+00 -1.043707e+01
0.609026       -3.959173e+03 1.179349e+03 1.493384e+04 -3.645446e+03 1.186622e+03 1.494456e+04 -3.137267e+02 -7.273025e+00 -1.071945e+01
0.627797       -3.956609e+03 1.180654e+03 1.488953e+04 -3.638591e+03 1.188104e+03 1.490056e+04 -3.180182e+02 -7.450501e+00 -1.102723e+01
0.645978       -3.959304e+03 1.203844e+03 1.485001e+04 -3.636794e+03 1.211493e+03 1.486137e+04 -3.225099e+02 -7.648844e+00 -1.135210e+01
0.663843       -3.964032e+03 1.245554e+03 1.484980e+04 -3.636842e+03 1.253389e+03 1.486151e+04 -3.271896e+02 -7.835835e+00 -1.171533e+01
0.6815         -3.967842e+03 1.277656e+03 1.483752e+04 -3.635779e+03 1.285662e+03 1.484961e+04 -3.320637e+02 -8.005893e+00 -1.208573e+01
0.699343       -3.985763e+03 1.319846e+03 1.484478e+04 -3.648676e+03 1.328048e+03 1.485725e+04 -3.370872e+02 -8.202866e+00 -1.247898e+01
0.717836       -3.983778e+03 1.343174e+03 1.483831e+04 -3.641500e+03 1.351590e+03 1.485122e+04 -3.422777e+02 -8.415469e+00 -1.291219e+01
0.736396       -3.985733e+03 1.351014e+03 1.482309e+04 -3.638305e+03 1.359685e+03 1.483648e+04 -3.474276e+02 -8.670968e+00 -1.338565e+01
0.754423       -3.985275e+03 1.379707e+03 1.481538e+04 -3.632930e+03 1.388635e+03 1.482926e+04 -3.523454e+02 -8.928442e+00 -1.387966e+01
0.773043       -3.989322e+03 1.387983e+03 1.482955e+04 -3.632083e+03 1.397203e+03 1.484397e+04 -3.572387e+02 -9.220065e+00 -1.442449e+01
0.792054       -3.988640e+03 1.410355e+03 1.481774e+04 -3.626605e+03 1.419871e+03 1.483274e+04 -3.620350e+02 -9.516467e+00 -1.500062e+01
0.811343       -3.985869e+03 1.415063e+03 1.482212e+04 -3.619239e+03 1.424900e+03 1.483770e+04 -3.666294e+02 -9.836480e+00 -1.557861e+01
0.830946       -3.984343e+03 1.440059e+03 1.483085e+04 -3.613269e+03 1.450189e+03 1.484700e+04 -3.710740e+02 -1.012948e+01 -1.614648e+01
0.850544       -3.984710e+03 1.450225e+03 1.485628e+04 -3.609536e+03 1.460637e+03 1.487297e+04 -3.751741e+02 -1.041170e+01 -1.668660e+01
0.870083       -3.968433e+03 1.470986e+03 1.483999e+04 -3.589467e+03 1.481652e+03 1.485714e+04 -3.789666e+02 -1.066628e+01 -1.715084e+01
0.890246       -3.954145e+03 1.465365e+03 1.483646e+04 -3.571729e+03 1.476292e+03 1.485407e+04 -3.824166e+02 -1.092646e+01 -1.761443e+01
0.911019       -3.950799e+03 1.449844e+03 1.485772e+04 -3.565190e+03 1.461018e+03 1.487572e+04 -3.856088e+02 -1.117413e+01 -1.800737e+01
0.932394       -3.931478e+03 1.432638e+03 1.483456e+04 -3.542949e+03 1.444027e+03 1.485289e+04 -3.885294e+02 -1.138893e+01 -1.833582e+01
0.954387       -3.923071e+03 1.395805e+03 1.484160e+04 -3.531875e+03 1.407369e+03 1.486022e+04 -3.911953e+02 -1.156437e+01 -1.862373e+01
0.97583        -3.911498e+03 1.355346e+03 1.482341e+04 -3.517997e+03 1.367049e+03 1.484227e+04 -3.935008e+02 -1.170234e+01 -1.885250e+01
0.997278       -3.903185e+03 1.306013e+03 1.481854e+04 -3.507710e+03 1.317853e+03 1.483759e+04 -3.954749e+02 -1.184008e+01 -1.905287e+01
1.01921        -3.909120e+03 1.297731e+03 1.481445e+04 -3.511904e+03 1.309719e+03 1.483363e+04 -3.972164e+02 -1.198821e+01 -1.918064e+01
1.04187        -3.899892e+03 1.236293e+03 1.478034e+04 -3.501176e+03 1.248429e+03 1.479962e+04 -3.987155e+02 -1.213644e+01 -1.927935e+01
1.06435        -3.903477e+03 1.203556e+03 1.477144e+04 -3.503549e+03 1.215832e+03 1.479079e+04 -3.999282e+02 -1.227588e+01 -1.934705e+01
1.08589        -3.912683e+03 1.184703e+03 1.475740e+04 -3.511761e+03 1.197045e+03 1.477677e+04 -4.009212e+02 -1.234211e+01 -1.937477e+01
1.10713        -3.914001e+03 1.151022e+03 1.475636e+04 -3.512282e+03 1.163400e+03 1.477574e+04 -4.017190e+02 -1.237807e+01 -1.938303e+01
1.12827        -3.920276e+03 1.139092e+03 1.474698e+04 -3.517921e+03 1.151435e+03 1.476633e+04 -4.023555e+02 -1.234328e+01 -1.935447e+01
1.14953        -3.922935e+03 1.113752e+03 1.473751e+04 -3.520091e+03 1.126033e+03 1.475684e+04 -4.028443e+02 -1.228095e+01 -1.933356e+01
1.17062        -3.927221e+03 1.081697e+03 1.472511e+04 -3.524025e+03 1.093866e+03 1.474441e+04 -4.031961e+02 -1.216807e+01 -1.929691e+01
1.19104        -3.935256e+03 1.070258e+03 1.473045e+04 -3.531823e+03 1.082259e+03 1.474970e+04 -4.034332e+02 -1.200123e+01 -1.925092e+01
1.21133        -3.950329e+03 1.074904e+03 1.475439e+04 -3.546729e+03 1.086711e+03 1.477360e+04 -4.035998e+02 -1.180672e+01 -1.921274e+01
1.23169        -3.948327e+03 1.049764e+03 1.474514e+04 -3.544625e+03 1.061335e+03 1.476428e+04 -4.037019e+02 -1.157100e+01 -1.913247e+01
1.25201        -3.958409e+03 1.079188e+03 1.476736e+04 -3.554693e+03 1.090473e+03 1.478645e+04 -4.037164e+02 -1.128521e+01 -1.908398e+01
1.27266        -3.973651e+03 1.093802e+03 1.481839e+04 -3.569984e+03 1.104801e+03 1.483740e+04 -4.036674e+02 -1.099966e+01 -1.900511e+01
1.29263        -3.969559e+03 1.131184e+03 1.482132e+04 -3.566047e+03 1.141895e+03 1.484022e+04 -4.035116e+02 -1.071129e+01 -1.890193e+01
1.31218        -3.972786e+03 1.169636e+03 1.485070e+04 -3.569606e+03 1.180033e+03 1.486953e+04 -4.031802e+02 -1.039682e+01 -1.882880e+01
1.33176        -3.977048e+03 1.211254e+03 1.487455e+04 -3.574325e+03 1.221321e+03 1.489328e+04 -4.027222e+02 -1.006678e+01 -1.872295e+01
1.351534       -3.976518e+03 1.218538e+03 1.490810e+04 -3.574388e+03 1.228273e+03 1.492673e+04 -4.021300e+02 -9.735217e+00 -1.862887e+01
1.371371       -3.978832e+03 1.241561e+03 1.491349e+04 -3.577471e+03 1.250929e+03 1.493203e+04 -4.013612e+02 -9.368059e+00 -1.853682e+01
1.391068       -3.976826e+03 1.238093e+03 1.492540e+04 -3.576366e+03 1.247076e+03 1.494386e+04 -4.004603e+02 -8.982254e+00 -1.845849e+01
1.410584       -3.972723e+03 1.243530e+03 1.491089e+04 -3.573272e+03 1.252127e+03 1.492925e+04 -3.994510e+02 -8.597144e+00 -1.836617e+01
1.429359       -3.980315e+03 1.219155e+03 1.492694e+04 -3.581890e+03 1.227391e+03 1.494519e+04 -3.984241e+02 -8.235712e+00 -1.825623e+01
1.447096       -3.966751e+03 1.201889e+03 1.486939e+04 -3.569400e+03 1.209796e+03 1.488755e+04 -3.973514e+02 -7.906393e+00 -1.816798e+01
1.464594       -3.969409e+03 1.190486e+03 1.488354e+04 -3.573107e+03 1.198095e+03 1.490161e+04 -3.963020e+02 -7.608528e+00 -1.807058e+01
1.48207        -3.980310e+03 1.191578e+03 1.489003e+04 -3.584957e+03 1.198903e+03 1.490802e+04 -3.953538e+02 -7.325506e+00 -1.799536e+01
1.499854       -3.965402e+03 1.181776e+03 1.484121e+04 -3.570958e+03 1.188805e+03 1.485916e+04 -3.944432e+02 -7.028746e+00 -1.794710e+01
1.517587       -3.969547e+03 1.193867e+03 1.484398e+04 -3.575925e+03 1.200627e+03 1.486187e+04 -3.936220e+02 -6.759362e+00 -1.789355e+01
1.5353126      -3.979525e+03 1.233903e+03 1.486507e+04 -3.586603e+03 1.240409e+03 1.488292e+04 -3.929221e+02 -6.505886e+00 -1.785004e+01
1.5531014      -3.975899e+03 1.261206e+03 1.484712e+04 -3.583563e+03 1.267482e+03 1.486495e+04 -3.923360e+02 -6.276685e+00 -1.782471e+01
1.5709175      -3.973636e+03 1.292927e+03 1.485052e+04 -3.581825e+03 1.298991e+03 1.486833e+04 -3.918117e+02 -6.064913e+00 -1.781677e+01
1.5888347      -3.979044e+03 1.324259e+03 1.485595e+04 -3.587630e+03 1.330110e+03 1.487375e+04 -3.914139e+02 -5.850965e+00 -1.780629e+01
1.6065986      -3.976719e+03 1.344031e+03 1.483955e+04 -3.585587e+03 1.349669e+03 1.485737e+04 -3.911323e+02 -5.637251e+00 -1.782186e+01
1.6245445      -3.983010e+03 1.356517e+03 1.484846e+04 -3.592068e+03 1.361940e+03 1.486632e+04 -3.909420e+02 -5.422970e+00 -1.785618e+01
1.6426373      -3.989813e+03 1.350705e+03 1.483583e+04 -3.598952e+03 1.355915e+03 1.485369e+04 -3.908615e+02 -5.210515e+00 -1.786048e+01
1.660937       -3.978368e+03 1.323503e+03 1.477940e+04 -3.587568e+03 1.328521e+03 1.479728e+04 -3.908004e+02 -5.017793e+00 -1.787310e+01
1.6793364      -3.981372e+03 1.285222e+03 1.475882e+04 -3.590593e+03 1.290070e+03 1.477669e+04 -3.907790e+02 -4.848304e+00 -1.787480e+01
1.6975322      -3.981350e+03 1.239049e+03 1.473233e+04 -3.590488e+03 1.243731e+03 1.475020e+04 -3.908620e+02 -4.682307e+00 -1.787461e+01
1.71583969     -3.981137e+03 1.207797e+03 1.468992e+04 -3.590017e+03 1.212324e+03 1.470779e+04 -3.911208e+02 -4.526956e+00 -1.786992e+01
1.73425824     -3.969765e+03 1.169924e+03 1.463400e+04 -3.578271e+03 1.174302e+03 1.465187e+04 -3.914943e+02 -4.378228e+00 -1.787683e+01
1.75282836     -3.966785e+03 1.130029e+03 1.460544e+04 -3.574759e+03 1.134251e+03 1.462336e+04 -3.920266e+02 -4.222370e+00 -1.791411e+01
1.77139802     -3.970068e+03 1.126976e+03 1.458904e+04 -3.577319e+03 1.131030e+03 1.460701e+04 -3.927494e+02 -4.054086e+00 -1.796287e+01
1.79019743     -3.968469e+03 1.121910e+03 1.456982e+04 -3.574793e+03 1.125812e+03 1.458782e+04 -3.936762e+02 -3.901911e+00 -1.799607e+01
1.80932062     -3.973718e+03 1.135467e+03 1.456719e+04 -3.578966e+03 1.139216e+03 1.458522e+04 -3.947518e+02 -3.749082e+00 -1.802078e+01
1.82845391     -3.962107e+03 1.141633e+03 1.452774e+04 -3.566180e+03 1.145211e+03 1.454578e+04 -3.959266e+02 -3.577407e+00 -1.804277e+01
1.84732427     -3.966502e+03 1.150206e+03 1.452087e+04 -3.569276e+03 1.153609e+03 1.453893e+04 -3.972260e+02 -3.402715e+00 -1.805654e+01
1.86591563     -3.970557e+03 1.175151e+03 1.452022e+04 -3.571951e+03 1.178340e+03 1.453830e+04 -3.986060e+02 -3.189788e+00 -1.807882e+01
1.88424061     -3.974626e+03 1.202235e+03 1.452343e+04 -3.574543e+03 1.205214e+03 1.454149e+04 -4.000827e+02 -2.979593e+00 -1.805859e+01
1.902247497    -3.965357e+03 1.202986e+03 1.449152e+04 -3.563785e+03 1.205750e+03 1.450953e+04 -4.015717e+02 -2.763346e+00 -1.800417e+01
1.920068311    -3.960539e+03 1.215454e+03 1.448032e+04 -3.557463e+03 1.217995e+03 1.449829e+04 -4.030764e+02 -2.540813e+00 -1.796471e+01
1.937530227    -3.963749e+03 1.236147e+03 1.449143e+04 -3.559171e+03 1.238471e+03 1.450938e+04 -4.045776e+02 -2.324540e+00 -1.794579e+01
1.95510583     -3.964499e+03 1.248719e+03 1.448236e+04 -3.558403e+03 1.250850e+03 1.450028e+04 -4.060951e+02 -2.131561e+00 -1.791873e+01
1.972868109    -3.958390e+03 1.256371e+03 1.447809e+04 -3.550819e+03 1.258355e+03 1.449594e+04 -4.075710e+02 -1.984440e+00 -1.785659e+01
1.990822065    -3.961817e+03 1.268716e+03 1.446930e+04 -3.552830e+03 1.270589e+03 1.448708e+04 -4.089871e+02 -1.872786e+00 -1.777934e+01
2.009411762    -3.961170e+03 1.284351e+03 1.447674e+04 -3.550818e+03 1.286152e+03 1.449445e+04 -4.103523e+02 -1.801053e+00 -1.771478e+01
2.027901412    -3.959130e+03 1.301661e+03 1.445723e+04 -3.547482e+03 1.303428e+03 1.447484e+04 -4.116471e+02 -1.766860e+00 -1.761655e+01
2.045694998    -3.956338e+03 1.322267e+03 1.444551e+04 -3.543490e+03 1.323997e+03 1.446303e+04 -4.128479e+02 -1.730226e+00 -1.752691e+01
2.06368794     -3.961466e+03 1.338310e+03 1.445891e+04 -3.547458e+03 1.339997e+03 1.447637e+04 -4.140075e+02 -1.687133e+00 -1.745893e+01
2.0820084363   -3.968150e+03 1.367622e+03 1.447467e+04 -3.552973e+03 1.369278e+03 1.449206e+04 -4.151768e+02 -1.655474e+00 -1.738755e+01
2.1005782789   -3.971251e+03 1.391063e+03 1.447225e+04 -3.554952e+03 1.392715e+03 1.448958e+04 -4.162993e+02 -1.652811e+00 -1.732380e+01
2.1191475202   -3.974893e+03 1.401795e+03 1.446130e+04 -3.557537e+03 1.403473e+03 1.447852e+04 -4.173559e+02 -1.677937e+00 -1.721788e+01
2.1370905445   -3.966670e+03 1.377650e+03 1.442955e+04 -3.548388e+03 1.379339e+03 1.444664e+04 -4.182817e+02 -1.689558e+00 -1.709329e+01
2.154835195    -3.968176e+03 1.385770e+03 1.442609e+04 -3.549014e+03 1.387466e+03 1.444312e+04 -4.191621e+02 -1.696231e+00 -1.702127e+01
2.1730198675   -3.979033e+03 1.395174e+03 1.443604e+04 -3.558919e+03 1.396864e+03 1.445302e+04 -4.201135e+02 -1.690682e+00 -1.697938e+01
2.1913420866   -3.983281e+03 1.393926e+03 1.443391e+04 -3.562206e+03 1.395607e+03 1.445086e+04 -4.210746e+02 -1.680999e+00 -1.695351e+01
2.2094182105   -3.982395e+03 1.394572e+03 1.442143e+04 -3.560445e+03 1.396273e+03 1.443833e+04 -4.219503e+02 -1.701607e+00 -1.690437e+01
2.2276709047   -3.981937e+03 1.407951e+03 1.441474e+04 -3.559105e+03 1.409666e+03 1.443157e+04 -4.228323e+02 -1.715436e+00 -1.682889e+01
2.2457096341   -3.974292e+03 1.406599e+03 1.439862e+04 -3.550583e+03 1.408312e+03 1.441535e+04 -4.237092e+02 -1.713665e+00 -1.672488e+01
2.26369020652  -3.972839e+03 1.427369e+03 1.439588e+04 -3.548286e+03 1.429072e+03 1.441255e+04 -4.245529e+02 -1.703348e+00 -1.667223e+01
2.2816117618   -3.986891e+03 1.417395e+03 1.441021e+04 -3.561494e+03 1.419091e+03 1.442681e+04 -4.253976e+02 -1.695952e+00 -1.659914e+01
2.29993482431  -3.974387e+03 1.407138e+03 1.436906e+04 -3.548170e+03 1.408829e+03 1.438557e+04 -4.262170e+02 -1.691539e+00 -1.651281e+01
2.31817085834  -3.981899e+03 1.381189e+03 1.434674e+04 -3.554897e+03 1.382845e+03 1.436320e+04 -4.270025e+02 -1.656132e+00 -1.645348e+01
2.33639493516  -3.977313e+03 1.371123e+03 1.432124e+04 -3.549514e+03 1.372746e+03 1.433761e+04 -4.277992e+02 -1.622973e+00 -1.637276e+01
2.35450755713  -3.989403e+03 1.343598e+03 1.432208e+04 -3.560750e+03 1.345206e+03 1.433837e+04 -4.286524e+02 -1.607517e+00 -1.628643e+01
2.37197754619  -3.985822e+03 1.330908e+03 1.428073e+04 -3.556308e+03 1.332513e+03 1.429695e+04 -4.295141e+02 -1.604525e+00 -1.621996e+01
2.38865880161  -4.002639e+03 1.316067e+03 1.430026e+04 -3.572249e+03 1.317701e+03 1.431640e+04 -4.303902e+02 -1.634222e+00 -1.613990e+01
2.40525656126  -3.985688e+03 1.313911e+03 1.425321e+04 -3.554391e+03 1.315572e+03 1.426927e+04 -4.312970e+02 -1.661504e+00 -1.606030e+01
2.42220474127  -3.996816e+03 1.317713e+03 1.427062e+04 -3.564509e+03 1.319374e+03 1.428662e+04 -4.323075e+02 -1.660223e+00 -1.600101e+01
2.4395719207   -4.004183e+03 1.340930e+03 1.429114e+04 -3.570807e+03 1.342606e+03 1.430711e+04 -4.333757e+02 -1.675714e+00 -1.596425e+01
2.4572188259   -4.006826e+03 1.352279e+03 1.427349e+04 -3.572312e+03 1.353980e+03 1.428943e+04 -4.345139e+02 -1.700712e+00 -1.593749e+01
2.47440116565  -4.001210e+03 1.361055e+03 1.426754e+04 -3.565610e+03 1.362776e+03 1.428349e+04 -4.355997e+02 -1.720558e+00 -1.595364e+01
2.4908096481   -4.008389e+03 1.363510e+03 1.427518e+04 -3.571736e+03 1.365252e+03 1.429112e+04 -4.366524e+02 -1.742323e+00 -1.593185e+01
2.5070916637   -4.005284e+03 1.359218e+03 1.427721e+04 -3.567596e+03 1.360969e+03 1.429314e+04 -4.376883e+02 -1.751314e+00 -1.593171e+01
2.52361975915  -4.011725e+03 1.353910e+03 1.429029e+04 -3.572985e+03 1.355662e+03 1.430624e+04 -4.387401e+02 -1.751946e+00 -1.595711e+01
2.54035035963  -4.014744e+03 1.352043e+03 1.427329e+04 -3.575002e+03 1.353831e+03 1.428930e+04 -4.397420e+02 -1.788222e+00 -1.600824e+01
2.55740248201  -4.013615e+03 1.331319e+03 1.426270e+04 -3.572922e+03 1.333163e+03 1.427879e+04 -4.406931e+02 -1.844694e+00 -1.608952e+01
2.5748706955   -4.008494e+03 1.316921e+03 1.425626e+04 -3.566902e+03 1.318841e+03 1.427243e+04 -4.415914e+02 -1.920732e+00 -1.616445e+01
2.59229019998  -4.011441e+03 1.301017e+03 1.423642e+04 -3.568996e+03 1.303037e+03 1.425262e+04 -4.424446e+02 -2.019985e+00 -1.620575e+01
2.609337689848 -4.013350e+03 1.279929e+03 1.422593e+04 -3.570104e+03 1.282057e+03 1.424219e+04 -4.432462e+02 -2.127567e+00 -1.625970e+01
2.626510825979 -4.018546e+03 1.272622e+03 1.423053e+04 -3.574475e+03 1.274845e+03 1.424685e+04 -4.440703e+02 -2.222626e+00 -1.632688e+01
2.643841862294 -4.016519e+03 1.247034e+03 1.423071e+04 -3.571612e+03 1.249369e+03 1.424710e+04 -4.449072e+02 -2.335547e+00 -1.638620e+01
2.660820564308 -4.015853e+03 1.235392e+03 1.420292e+04 -3.570171e+03 1.237842e+03 1.421938e+04 -4.456819e+02 -2.450152e+00 -1.645976e+01
2.677340939121 -4.013777e+03 1.234467e+03 1.418625e+04 -3.567330e+03 1.237024e+03 1.420276e+04 -4.464473e+02 -2.556637e+00 -1.651336e+01
2.693413788973 -4.024944e+03 1.229968e+03 1.419682e+04 -3.577704e+03 1.232613e+03 1.421339e+04 -4.472401e+02 -2.644443e+00 -1.656642e+01
2.709078678214 -4.027403e+03 1.227643e+03 1.420010e+04 -3.579350e+03 1.230360e+03 1.421671e+04 -4.480529e+02 -2.717317e+00 -1.661645e+01
2.724369823955 -4.024223e+03 1.229147e+03 1.417377e+04 -3.575402e+03 1.231929e+03 1.419043e+04 -4.488210e+02 -2.782003e+00 -1.665607e+01
2.739321173474 -4.023772e+03 1.226870e+03 1.416928e+04 -3.574228e+03 1.229723e+03 1.418598e+04 -4.495441e+02 -2.853085e+00 -1.669958e+01
2.753970312331 -4.028788e+03 1.233705e+03 1.417381e+04 -3.578561e+03 1.236632e+03 1.419055e+04 -4.502268e+02 -2.926776e+00 -1.674166e+01
2.7683688836077 -4.031165e+03 1.236941e+03 1.418393e+04 -3.580300e+03 1.239928e+03 1.420073e+04 -4.508649e+02 -2.987477e+00 -1.680083e+01
2.7825643301355 -4.029401e+03 1.253536e+03 1.417756e+04 -3.577907e+03 1.256563e+03 1.419444e+04 -4.514945e+02 -3.026802e+00 -1.687735e+01
2.7965834325439 -4.033921e+03 1.258127e+03 1.417956e+04 -3.581844e+03 1.261169e+03 1.419654e+04 -4.520776e+02 -3.041379e+00 -1.697694e+01
2.810483339671 -4.039514e+03 1.285895e+03 1.419354e+04 -3.586918e+03 1.288942e+03 1.421061e+04 -4.525957e+02 -3.047198e+00 -1.706998e+01
2.8242977027311 -4.041145e+03 1.297489e+03 1.420906e+04 -3.588074e+03 1.300572e+03 1.422620e+04 -4.530702e+02 -3.082561e+00 -1.713311e+01
2.8380727396083 -4.043163e+03 1.313675e+03 1.421285e+04 -3.589679e+03 1.316805e+03 1.423004e+04 -4.534841e+02 -3.130376e+00 -1.718152e+01
2.8518407471394 -4.046980e+03 1.323639e+03 1.422335e+04 -3.593117e+03 1.326826e+03 1.424057e+04 -4.538626e+02 -3.187215e+00 -1.721841e+01
2.8655278286508 -4.042663e+03 1.326029e+03 1.420521e+04 -3.588499e+03 1.329279e+03 1.422245e+04 -4.541631e+02 -3.250015e+00 -1.723905e+01
2.8791734661406 -4.039954e+03 1.326907e+03 1.419923e+04 -3.585558e+03 1.330208e+03 1.421649e+04 -4.543961e+02 -3.301434e+00 -1.725952e+01
2.892806507207 -4.040301e+03 1.323247e+03 1.420688e+04 -3.585734e+03 1.326583e+03 1.422419e+04 -4.545675e+02 -3.336307e+00 -1.730771e+01
2.90647528166726 -4.046947e+03 1.322835e+03 1.421802e+04 -3.592251e+03 1.326205e+03 1.423538e+04 -4.546955e+02 -3.369564e+00 -1.735939e+01
2.92025373969146 -4.046251e+03 1.326066e+03 1.420473e+04 -3.591479e+03 1.329466e+03 1.422214e+04 -4.547717e+02 -3.400142e+00 -1.741050e+01
2.93432083346828 -4.047357e+03 1.320278e+03 1.420801e+04 -3.592549e+03 1.323723e+03 1.422546e+04 -4.548074e+02 -3.445088e+00 -1.745458e+01
2.94903857004496 -4.054866e+03 1.322390e+03 1.420947e+04 -3.600033e+03 1.325896e+03 1.422694e+04 -4.548329e+02 -3.505451e+00 -1.747681e+01
2.96534232579799 -4.046098e+03 1.314524e+03 1.419911e+04 -3.591305e+03 1.318081e+03 1.421664e+04 -4.547930e+02 -3.556857e+00 -1.752747e+01
2.98211800941092 -4.053078e+03 1.298027e+03 1.419361e+04 -3.598334e+03 1.301630e+03 1.421119e+04 -4.547443e+02 -3.603137e+00 -1.757581e+01
2.99901926527159 -4.053900e+03 1.307814e+03 1.419247e+04 -3.599206e+03 1.311460e+03 1.421009e+04 -4.546939e+02 -3.645782e+00 -1.761970e+01
3.01597582094441 -4.049600e+03 1.295863e+03 1.417236e+04 -3.594961e+03 1.299551e+03 1.418999e+04 -4.546391e+02 -3.687986e+00 -1.763788e+01
3.0330178556438 -4.051795e+03 1.303224e+03 1.417940e+04 -3.597242e+03 1.306971e+03 1.419703e+04 -4.545532e+02 -3.746273e+00 -1.762827e+01
3.05051362092838 -4.052774e+03 1.304396e+03 1.417491e+04 -3.598300e+03 1.308192e+03 1.419254e+04 -4.544737e+02 -3.795748e+00 -1.762920e+01
3.067915579162734 -4.051486e+03 1.306892e+03 1.417221e+04 -3.597112e+03 1.310738e+03 1.418983e+04 -4.543743e+02 -3.846395e+00 -1.761721e+01
3.085119940002134 -4.048990e+03 1.318549e+03 1.417667e+04 -3.594692e+03 1.322446e+03 1.419428e+04 -4.542974e+02 -3.897060e+00 -1.760820e+01
3.102281203717728 -4.052252e+03 1.330312e+03 1.418469e+04 -3.597988e+03 1.334244e+03 1.420229e+04 -4.542647e+02 -3.932786e+00 -1.760012e+01
3.119686844870789 -4.049869e+03 1.353929e+03 1.419299e+04 -3.595685e+03 1.357912e+03 1.421058e+04 -4.541843e+02 -3.983050e+00 -1.758695e+01
3.137177758739644 -4.050396e+03 1.373759e+03 1.418413e+04 -3.596319e+03 1.377812e+03 1.420168e+04 -4.540774e+02 -4.052925e+00 -1.755432e+01
3.154624194290677 -4.052266e+03 1.364546e+03 1.421345e+04 -3.598339e+03 1.368644e+03 1.423098e+04 -4.539265e+02 -4.098242e+00 -1.753164e+01
3.172091564395722 -4.041177e+03 1.381916e+03 1.419769e+04 -3.587408e+03 1.386037e+03 1.421515e+04 -4.537685e+02 -4.120885e+00 -1.746363e+01
3.18996444848489 -4.043328e+03 1.394257e+03 1.420893e+04 -3.589744e+03 1.398352e+03 1.422635e+04 -4.535843e+02 -4.094872e+00 -1.741417e+01
3.207493154848317 -4.037713e+03 1.398721e+03 1.420494e+04 -3.584321e+03 1.402760e+03 1.422232e+04 -4.533919e+02 -4.038645e+00 -1.738001e+01
3.225126039103918 -4.048246e+03 1.391582e+03 1.423357e+04 -3.595053e+03 1.395594e+03 1.425088e+04 -4.531931e+02 -4.012042e+00 -1.731466e+01
3.242142882248339 -4.035015e+03 1.394413e+03 1.422103e+04 -3.582065e+03 1.398425e+03 1.423826e+04 -4.529494e+02 -4.012058e+00 -1.722746e+01
3.259318930446102 -4.035034e+03 1.394099e+03 1.421027e+04 -3.582317e+03 1.398078e+03 1.422739e+04 -4.527169e+02 -3.979631e+00 -1.712333e+01
3.276675690834287 -4.033611e+03 1.374865e+03 1.421668e+04 -3.581127e+03 1.378812e+03 1.423368e+04 -4.524835e+02 -3.946651e+00 -1.699892e+01
3.293985143849274 -4.034248e+03 1.372219e+03 1.421804e+04 -3.581962e+03 1.376134e+03 1.423488e+04 -4.522865e+02 -3.914877e+00 -1.684217e+01
3.311831416932787 -4.023779e+03 1.358809e+03 1.419436e+04 -3.571743e+03 1.362637e+03 1.421109e+04 -4.520359e+02 -3.827977e+00 -1.672565e+01
3.329824578274915 -4.024289e+03 1.346707e+03 1.420560e+04 -3.572427e+03 1.350418e+03 1.422223e+04 -4.518627e+02 -3.710938e+00 -1.663147e+01
3.347436613896383 -4.022782e+03 1.352139e+03 1.419111e+04 -3.571039e+03 1.355736e+03 1.420767e+04 -4.517436e+02 -3.597241e+00 -1.656156e+01
3.364853799618658 -4.026013e+03 1.364628e+03 1.419344e+04 -3.574349e+03 1.368101e+03 1.420992e+04 -4.516638e+02 -3.473539e+00 -1.648634e+01
3.382578939812521 -4.017584e+03 1.343873e+03 1.417825e+04 -3.566020e+03 1.347239e+03 1.419467e+04 -4.515641e+02 -3.366127e+00 -1.641794e+01
3.399613446026518 -4.015131e+03 1.343807e+03 1.416553e+04 -3.563636e+03 1.347036e+03 1.418190e+04 -4.514948e+02 -3.228763e+00 -1.636907e+01
3.416995903875372 -4.021259e+03 1.336832e+03 1.418875e+04 -3.569839e+03 1.339922e+03 1.420509e+04 -4.514196e+02 -3.089895e+00 -1.633918e+01
3.434691407095467 -4.021461e+03 1.355550e+03 1.418387e+04 -3.570080e+03 1.358511e+03 1.420018e+04 -4.513815e+02 -2.961859e+00 -1.631148e+01
3.452146182905239 -4.027734e+03 1.360485e+03 1.419941e+04 -3.576349e+03 1.363361e+03 1.421568e+04 -4.513845e+02 -2.876229e+00 -1.626746e+01
3.469005019874587 -4.018461e+03 1.349912e+03 1.415580e+04 -3.567046e+03 1.352675e+03 1.417201e+04 -4.514145e+02 -2.763844e+00 -1.620431e+01
3.485451566302885 -4.019915e+03 1.339607e+03 1.415931e+04 -3.568440e+03 1.342237e+03 1.417546e+04 -4.514750e+02 -2.629820e+00 -1.614527e+01
3.501680340326344 -4.015253e+03 1.342640e+03 1.414793e+04 -3.563649e+03 1.345135e+03 1.416403e+04 -4.516040e+02 -2.494549e+00 -1.610243e+01
3.517783717159563 -4.029274e+03 1.345057e+03 1.418143e+04 -3.577506e+03 1.347441e+03 1.419753e+04 -4.517679e+02 -2.383957e+00 -1.609865e+01
3.533803649673997 -4.019298e+03 1.337735e+03 1.414676e+04 -3.567373e+03 1.339994e+03 1.416289e+04 -4.519245e+02 -2.259212e+00 -1.612326e+01
3.549730850319745 -4.018569e+03 1.325286e+03 1.414596e+04 -3.566506e+03 1.327418e+03 1.416210e+04 -4.520630e+02 -2.132476e+00 -1.614647e+01
3.565571881672477 -4.023356e+03 1.337467e+03 1.414656e+04 -3.571184e+03 1.339502e+03 1.416273e+04 -4.521722e+02 -2.034810e+00 -1.616790e+01
3.581296125573261 -4.022462e+03 1.326891e+03 1.416572e+04 -3.570174e+03 1.328859e+03 1.418188e+04 -4.522872e+02 -1.967482e+00 -1.616489e+01
3.596930081150129 -4.023265e+03 1.333519e+03 1.415137e+04 -3.570867e+03 1.335425e+03 1.416754e+04 -4.523979e+02 -1.906210e+00 -1.616967e+01
3.612459198797291 -4.020408e+03 1.323299e+03 1.415046e+04 -3.567907e+03 1.325171e+03 1.416661e+04 -4.525008e+02 -1.872400e+00 -1.615359e+01
3.627890127077505 -4.016658e+03 1.314883e+03 1.413538e+04 -3.564082e+03 1.316709e+03 1.415155e+04 -4.525758e+02 -1.825441e+00 -1.616835e+01
3.643237350448496 -4.017372e+03 1.297737e+03 1.413074e+04 -3.564740e+03 1.299532e+03 1.414694e+04 -4.526319e+02 -1.794898e+00 -1.620466e+01
3.658481465603977 -4.015686e+03 1.282754e+03 1.412518e+04 -3.563004e+03 1.284519e+03 1.414144e+04 -4.526826e+02 -1.765369e+00 -1.625489e+01
3.673611075772083 -4.011283e+03 1.262405e+03 1.411076e+04 -3.558522e+03 1.264128e+03 1.412706e+04 -4.527612e+02 -1.722757e+00 -1.630913e+01
3.688634490400987 -4.011706e+03 1.251286e+03 1.408793e+04 -3.558904e+03 1.252966e+03 1.410430e+04 -4.528023e+02 -1.679721e+00 -1.637172e+01
3.703544712492675 -4.012343e+03 1.243117e+03 1.409171e+04 -3.559460e+03 1.244753e+03 1.410814e+04 -4.528829e+02 -1.636245e+00 -1.642608e+01
3.718353139380364 -4.014000e+03 1.238507e+03 1.408892e+04 -3.560982e+03 1.240101e+03 1.410539e+04 -4.530174e+02 -1.593504e+00 -1.647359e+01
3.733037908724933 -4.008945e+03 1.241973e+03 1.407517e+04 -3.555798e+03 1.243538e+03 1.409169e+04 -4.531473e+02 -1.564915e+00 -1.651134e+01
3.747619583700394 -4.008408e+03 1.250386e+03 1.407883e+04 -3.555111e+03 1.251926e+03 1.409537e+04 -4.532972e+02 -1.540125e+00 -1.653888e+01
3.762103410756639 -4.009236e+03 1.267220e+03 1.408880e+04 -3.555748e+03 1.268735e+03 1.410537e+04 -4.534874e+02 -1.514660e+00 -1.657106e+01
3.776501411745233 -4.009013e+03 1.279375e+03 1.409588e+04 -3.555294e+03 1.280867e+03 1.411247e+04 -4.537194e+02 -1.492303e+00 -1.659346e+01
3.790816901756878 -4.004534e+03 1.289665e+03 1.408603e+04 -3.550571e+03 1.291120e+03 1.410266e+04 -4.539634e+02 -1.455141e+00 -1.662439e+01
3.805079803638009 -4.004668e+03 1.298925e+03 1.410223e+04 -3.550461e+03 1.300332e+03 1.411890e+04 -4.542073e+02 -1.407067e+00 -1.666518e+01
3.819295940525776 -4.003138e+03 1.299888e+03 1.411203e+04 -3.548668e+03 1.301240e+03 1.412873e+04 -4.544700e+02 -1.352527e+00 -1.670203e+01
3.833451030759775 -4.005242e+03 1.308258e+03 1.410735e+04 -3.550514e+03 1.309544e+03 1.412409e+04 -4.547281e+02 -1.285379e+00 -1.674145e+01
3.847536792874838 -4.002775e+03 1.302215e+03 1.410972e+04 -3.547821e+03 1.303430e+03 1.412650e+04 -4.549539e+02 -1.214874e+00 -1.678196e+01
3.861550887888532 -3.997583e+03 1.299746e+03 1.410133e+04 -3.542440e+03 1.300884e+03 1.411815e+04 -4.551430e+02 -1.138240e+00 -1.682327e+01
3.875482801167342 -3.999207e+03 1.291226e+03 1.410629e+04 -3.543897e+03 1.292293e+03 1.412315e+04 -4.553102e+02 -1.066042e+00 -1.685805e+01
3.889340330282215 -4.006154e+03 1.287114e+03 1.411842e+04 -3.550705e+03 1.288132e+03 1.413528e+04 -4.554490e+02 -1.018272e+00 -1.686354e+01
3.903115215925083 -4.004386e+03 1.274647e+03 1.410954e+04 -3.548812e+03 1.275633e+03 1.412639e+04 -4.555745e+02 -9.853354e-01 -1.685156e+01
3.916826975606484 -4.002139e+03 1.276217e+03 1.409549e+04 -3.546447e+03 1.277178e+03 1.411232e+04 -4.556925e+02 -9.610553e-01 -1.682735e+01
3.930491636667659 -4.000733e+03 1.264345e+03 1.409588e+04 -3.544946e+03 1.265299e+03 1.411267e+04 -4.557867e+02 -9.537941e-01 -1.678942e+01
3.944133562383902 -3.999636e+03 1.257962e+03 1.407911e+04 -3.543774e+03 1.258910e+03 1.409586e+04 -4.558624e+02 -9.476219e-01 -1.675098e+01
3.957841230866455 -4.000376e+03 1.249340e+03 1.408638e+04 -3.544454e+03 1.250310e+03 1.410307e+04 -4.559215e+02 -9.693908e-01 -1.669512e+01
3.971631697023145 -3.991335e+03 1.244749e+03 1.407222e+04 -3.535353e+03 1.245714e+03 1.408889e+04 -4.559823e+02 -9.652642e-01 -1.667085e+01
3.985624150600585 -3.991742e+03 1.232618e+03 1.407698e+04 -3.535710e+03 1.233581e+03 1.409365e+04 -4.560313e+02 -9.634751e-01 -1.666864e+01
3.999978820845432 -3.996304e+03 1.235295e+03 1.407396e+04 -3.540193e+03 1.236240e+03 1.409064e+04 -4.561114e+02 -9.453877e-01 -1.667591e+01
4.015016561818459 -3.998511e+03 1.238327e+03 1.409005e+04 -3.542333e+03 1.239269e+03 1.410675e+04 -4.561783e+02 -9.414615e-01 -1.669655e+01
4.031261583688718 -4.001163e+03 1.234923e+03 1.409947e+04 -3.544919e+03 1.235875e+03 1.411619e+04 -4.562441e+02 -9.523170e-01 -1.672047e+01
4.047651705459746 -3.999463e+03 1.238218e+03 1.408066e+04 -3.543174e+03 1.239189e+03 1.409738e+04 -4.562891e+02 -9.710717e-01 -1.671365e+01
4.064044482697992 -3.996898e+03 1.226619e+03 1.407445e+04 -3.540535e+03 1.227622e+03 1.409112e+04 -4.563628e+02 -1.002604e+00 -1.667328e+01
4.080500809880856 -3.997415e+03 1.229282e+03 1.407663e+04 -3.540977e+03 1.230325e+03 1.409325e+04 -4.564379e+02 -1.043010e+00 -1.662281e+01
4.097086480416386 -3.986909e+03 1.221373e+03 1.405964e+04 -3.530431e+03 1.222439e+03 1.407624e+04 -4.564786e+02 -1.066245e+00 -1.659568e+01
4.113683234018949 -3.995621e+03 1.230674e+03 1.408486e+04 -3.539106e+03 1.231773e+03 1.410145e+04 -4.565155e+02 -1.099068e+00 -1.658747e+01
4.130532310963421 -3.996875e+03 1.232662e+03 1.408160e+04 -3.540275e+03 1.233771e+03 1.409818e+04 -4.565998e+02 -1.108444e+00 -1.658428e+01
4.147466145203641 -3.989606e+03 1.250119e+03 1.406793e+04 -3.532940e+03 1.251265e+03 1.408450e+04 -4.566661e+02 -1.146383e+00 -1.656259e+01
4.164714925208154 -3.990053e+03 1.235542e+03 1.406297e+04 -3.533332e+03 1.236710e+03 1.407952e+04 -4.567212e+02 -1.167842e+00 -1.654347e+01
4.181121897128132 -3.978490e+03 1.236291e+03 1.404432e+04 -3.521683e+03 1.237462e+03 1.406083e+04 -4.568068e+02 -1.171749e+00 -1.651123e+01
4.197597383837326 -3.987736e+03 1.238308e+03 1.406165e+04 -3.530835e+03 1.239443e+03 1.407816e+04 -4.569013e+02 -1.134858e+00 -1.651578e+01
4.214527447397812 -3.988360e+03 1.253035e+03 1.407467e+04 -3.531384e+03 1.254140e+03 1.409117e+04 -4.569762e+02 -1.105155e+00 -1.649808e+01
4.231708582844512 -3.991278e+03 1.247560e+03 1.407402e+04 -3.534202e+03 1.248634e+03 1.409047e+04 -4.570763e+02 -1.073629e+00 -1.644916e+01
4.249177625831877 -3.983947e+03 1.257000e+03 1.407401e+04 -3.526769e+03 1.258048e+03 1.409041e+04 -4.571779e+02 -1.048280e+00 -1.640524e+01
4.266672872007518 -3.990299e+03 1.250682e+03 1.407812e+04 -3.533011e+03 1.251699e+03 1.409444e+04 -4.572887e+02 -1.016126e+00 -1.632092e+01
4.2842295725594 -3.985428e+03 1.259694e+03 1.407748e+04 -3.528009e+03 1.260695e+03 1.409369e+04 -4.574188e+02 -1.000316e+00 -1.620617e+01
4.301265904419869 -3.983438e+03 1.246841e+03 1.405667e+04 -3.525857e+03 1.247799e+03 1.407274e+04 -4.575812e+02 -9.581417e-01 -1.606723e+01
4.318088597521285 -3.978326e+03 1.256475e+03 1.403999e+04 -3.520609e+03 1.257374e+03 1.405595e+04 -4.577170e+02 -8.991618e-01 -1.595843e+01
4.334708032796923 -3.976412e+03 1.248318e+03 1.405187e+04 -3.518519e+03 1.249119e+03 1.406772e+04 -4.578924e+02 -8.006487e-01 -1.585268e+01
4.351574160887142 -3.977949e+03 1.256566e+03 1.404460e+04 -3.519901e+03 1.257277e+03 1.406039e+04 -4.580472e+02 -7.108325e-01 -1.578769e+01
4.36843445722355 -3.982616e+03 1.250361e+03 1.406521e+04 -3.524351e+03 1.250987e+03 1.408092e+04 -4.582642e+02 -6.265095e-01 -1.570924e+01
4.385126718665272 -3.974951e+03 1.270424e+03 1.402933e+04 -3.516478e+03 1.270980e+03 1.404496e+04 -4.584735e+02 -5.555333e-01 -1.562599e+01
4.401995647255486 -3.982011e+03 1.259024e+03 1.405402e+04 -3.523320e+03 1.259519e+03 1.406955e+04 -4.586910e+02 -4.947449e-01 -1.552729e+01
4.418789032653314 -3.976427e+03 1.275168e+03 1.403453e+04 -3.517468e+03 1.275602e+03 1.404994e+04 -4.589597e+02 -4.344491e-01 -1.540689e+01
4.435449278161792 -3.988484e+03 1.286245e+03 1.405214e+04 -3.529262e+03 1.286653e+03 1.406744e+04 -4.592224e+02 -4.080905e-01 -1.530047e+01
4.452252574383449 -3.977248e+03 1.274679e+03 1.403329e+04 -3.517741e+03 1.275055e+03 1.404850e+04 -4.595069e+02 -3.754057e-01 -1.520572e+01
4.469162215234828 -3.975400e+03 1.280468e+03 1.402209e+04 -3.515588e+03 1.280803e+03 1.403723e+04 -4.598125e+02 -3.350417e-01 -1.514063e+01
4.486049184887426 -3.979215e+03 1.282512e+03 1.401987e+04 -3.519073e+03 1.282784e+03 1.403500e+04 -4.601416e+02 -2.726585e-01 -1.512142e+01
4.50325154962087 -3.985043e+03 1.292074e+03 1.403483e+04 -3.524568e+03 1.292314e+03 1.404996e+04 -4.604757e+02 -2.396358e-01 -1.513170e+01
4.52050580968969 -3.981340e+03 1.285714e+03 1.402102e+04 -3.520501e+03 1.285924e+03 1.403615e+04 -4.608393e+02 -2.094043e-01 -1.512869e+01
4.537764159290266 -3.981774e+03 1.300024e+03 1.400642e+04 -3.520643e+03 1.300214e+03 1.402157e+04 -4.611306e+02 -1.892994e-01 -1.514492e+01
4.555380608728817 -3.983963e+03 1.291676e+03 1.400184e+04 -3.522581e+03 1.291907e+03 1.401700e+04 -4.613821e+02 -2.301232e-01 -1.515979e+01
4.572797657748999 -3.980760e+03 1.286103e+03 1.399888e+04 -3.519136e+03 1.286417e+03 1.401405e+04 -4.616245e+02 -3.137010e-01 -1.516808e+01
4.590091317803835 -3.979787e+03 1.275838e+03 1.399195e+04 -3.517932e+03 1.276210e+03 1.400717e+04 -4.618552e+02 -3.722891e-01 -1.522371e+01
4.607390895521036 -3.974391e+03 1.280499e+03 1.398137e+04 -3.512344e+03 1.280911e+03 1.399670e+04 -4.620474e+02 -4.115378e-01 -1.533290e+01
4.62478281146376 -3.975534e+03 1.279091e+03 1.398145e+04 -3.513351e+03 1.279566e+03 1.399690e+04 -4.621832e+02 -4.749307e-01 -1.544969e+01
4.641962420879215 -3.971888e+03 1.273070e+03 1.397452e+04 -3.509628e+03 1.273628e+03 1.399011e+04 -4.622607e+02 -5.581976e-01 -1.558602e+01
4.658878734872165 -3.981276e+03 1.270632e+03 1.398749e+04 -3.518974e+03 1.271291e+03 1.400322e+04 -4.623017e+02 -6.591891e-01 -1.573543e+01
4.675802869970221 -3.978616e+03 1.277532e+03 1.399248e+04 -3.516265e+03 1.278323e+03 1.400834e+04 -4.623508e+02 -7.913560e-01 -1.585383e+01
4.692233852918035 -3.978958e+03 1.277693e+03 1.398163e+04 -3.516550e+03 1.278583e+03 1.399758e+04 -4.624080e+02 -8.901837e-01 -1.594813e+01
4.708881084198334 -3.976716e+03 1.273073e+03 1.398778e+04 -3.514239e+03 1.274064e+03 1.400379e+04 -4.624772e+02 -9.903013e-01 -1.601025e+01
4.725601671630844 -3.980458e+03 1.276535e+03 1.398481e+04 -3.517902e+03 1.277632e+03 1.400086e+04 -4.625554e+02 -1.097397e+00 -1.605396e+01
4.742554465204448 -3.979025e+03 1.274273e+03 1.397626e+04 -3.516403e+03 1.275475e+03 1.399236e+04 -4.626214e+02 -1.201415e+00 -1.609188e+01
4.759725711260358 -3.979600e+03 1.272249e+03 1.397907e+04 -3.516889e+03 1.273553e+03 1.399519e+04 -4.627103e+02 -1.304245e+00 -1.611511e+01
4.777002115161096 -3.977176e+03 1.275975e+03 1.397063e+04 -3.514408e+03 1.277393e+03 1.398677e+04 -4.627681e+02 -1.418652e+00 -1.613943e+01
4.794300496776206 -3.974172e+03 1.267820e+03 1.397252e+04 -3.511384e+03 1.269328e+03 1.398870e+04 -4.627879e+02 -1.507907e+00 -1.617695e+01
4.811722712806747 -3.978761e+03 1.258474e+03 1.398042e+04 -3.515947e+03 1.260066e+03 1.399661e+04 -4.628140e+02 -1.591909e+00 -1.619199e+01
4.828916511841453 -3.971713e+03 1.266874e+03 1.396333e+04 -3.508850e+03 1.268545e+03 1.397953e+04 -4.628630e+02 -1.670336e+00 -1.620139e+01
4.845613560748395 -3.969970e+03 1.268760e+03 1.394907e+04 -3.507022e+03 1.270471e+03 1.396528e+04 -4.629483e+02 -1.711075e+00 -1.621244e+01
4.862464009659536 -3.970381e+03 1.279841e+03 1.395713e+04 -3.507299e+03 1.281588e+03 1.397333e+04 -4.630823e+02 -1.746331e+00 -1.620313e+01
4.879425388094902 -3.975072e+03 1.266159e+03 1.397141e+04 -3.511763e+03 1.267915e+03 1.398759e+04 -4.633095e+02 -1.756147e+00 -1.618451e+01
4.896595985764245 -3.975594e+03 1.267492e+03 1.397008e+04 -3.511986e+03 1.269233e+03 1.398624e+04 -4.636075e+02 -1.741192e+00 -1.616485e+01
4.913853387027757 -3.969070e+03 1.281117e+03 1.396452e+04 -3.505116e+03 1.282821e+03 1.398064e+04 -4.639543e+02 -1.704526e+00 -1.611953e+01
4.93098582149535 -3.979493e+03 1.270200e+03 1.397470e+04 -3.515192e+03 1.271877e+03 1.399076e+04 -4.643007e+02 -1.677064e+00 -1.606018e+01
4.948097362366188 -3.968535e+03 1.289370e+03 1.395265e+04 -3.503895e+03 1.291001e+03 1.396866e+04 -4.646407e+02 -1.630704e+00 -1.601786e+01
4.964610979546448 -3.974810e+03 1.260257e+03 1.397372e+04 -3.509869e+03 1.261838e+03 1.398967e+04 -4.649411e+02 -1.580981e+00 -1.595533e+01
4.981137887598845 -3.968076e+03 1.264646e+03 1.396030e+04 -3.502817e+03 1.266164e+03 1.397618e+04 -4.652596e+02 -1.518717e+00 -1.587780e+01
4.997658881100624 -3.966962e+03 1.274728e+03 1.395624e+04 -3.501396e+03 1.276160e+03 1.397204e+04 -4.655660e+02 -1.431857e+00 -1.579719e+01
5.014172902948851 -3.964992e+03 1.272917e+03 1.394547e+04 -3.499135e+03 1.274263e+03 1.396118e+04 -4.658571e+02 -1.345460e+00 -1.571307e+01
5.030730381233854 -3.969110e+03 1.261569e+03 1.396770e+04 -3.502986e+03 1.262851e+03 1.398332e+04 -4.661245e+02 -1.281862e+00 -1.562101e+01
5.047015657011279 -3.967207e+03 1.266187e+03 1.394629e+04 -3.500848e+03 1.267392e+03 1.396184e+04 -4.663597e+02 -1.205516e+00 -1.554918e+01
5.063061355450161 -3.969368e+03 1.273363e+03 1.395088e+04 -3.502799e+03 1.274509e+03 1.396635e+04 -4.665683e+02 -1.145551e+00 -1.546943e+01
5.079201756839332 -3.965310e+03 1.271921e+03 1.394301e+04 -3.498545e+03 1.272977e+03 1.395844e+04 -4.667646e+02 -1.056164e+00 -1.543481e+01
5.095114743992497 -3.972818e+03 1.266322e+03 1.396088e+04 -3.505869e+03 1.267328e+03 1.397629e+04 -4.669487e+02 -1.005485e+00 -1.541019e+01
5.111422750932578 -3.969899e+03 1.268276e+03 1.396050e+04 -3.502789e+03 1.269231e+03 1.397592e+04 -4.671093e+02 -9.548585e-01 -1.541812e+01
5.127795744688489 -3.973190e+03 1.269598e+03 1.396607e+04 -3.505931e+03 1.270531e+03 1.398148e+04 -4.672593e+02 -9.334108e-01 -1.540622e+01
5.144051901443884 -3.973652e+03 1.275173e+03 1.394990e+04 -3.506286e+03 1.276082e+03 1.396531e+04 -4.673657e+02 -9.094933e-01 -1.540815e+01
5.160217978299005 -3.969509e+03 1.261276e+03 1.395278e+04 -3.502075e+03 1.262147e+03 1.396821e+04 -4.674344e+02 -8.709455e-01 -1.542968e+01
5.176444763996452 -3.972446e+03 1.259266e+03 1.395946e+04 -3.505010e+03 1.260123e+03 1.397495e+04 -4.674359e+02 -8.561890e-01 -1.549248e+01
5.192698971300979 -3.970606e+03 1.262406e+03 1.396102e+04 -3.503257e+03 1.263303e+03 1.397656e+04 -4.673490e+02 -8.972111e-01 -1.553708e+01
5.208878329314426 -3.961535e+03 1.257905e+03 1.394149e+04 -3.494295e+03 1.258805e+03 1.395709e+04 -4.672400e+02 -9.007870e-01 -1.559969e+01
5.225095636820658 -3.967878e+03 1.262993e+03 1.395502e+04 -3.500761e+03 1.263905e+03 1.397070e+04 -4.671175e+02 -9.116237e-01 -1.568815e+01
5.241368200003823 -3.966802e+03 1.267338e+03 1.395924e+04 -3.499827e+03 1.268273e+03 1.397502e+04 -4.669746e+02 -9.351996e-01 -1.578429e+01
5.257404942873667 -3.973392e+03 1.263816e+03 1.396822e+04 -3.506557e+03 1.264767e+03 1.398411e+04 -4.668348e+02 -9.515251e-01 -1.588674e+01
5.273600521109684 -3.967643e+03 1.277249e+03 1.396037e+04 -3.500976e+03 1.278221e+03 1.397633e+04 -4.666667e+02 -9.720562e-01 -1.596822e+01
5.289826313506282 -3.967671e+03 1.271987e+03 1.396385e+04 -3.501222e+03 1.273003e+03 1.397988e+04 -4.664489e+02 -1.015772e+00 -1.603392e+01
5.306211387853561 -3.970781e+03 1.274116e+03 1.396902e+04 -3.504538e+03 1.275172e+03 1.398507e+04 -4.662422e+02 -1.056603e+00 -1.605597e+01
5.322663087494055 -3.968165e+03 1.284750e+03 1.395226e+04 -3.502069e+03 1.285831e+03 1.396833e+04 -4.660961e+02 -1.081326e+00 -1.606800e+01
5.339443489242703 -3.974194e+03 1.277684e+03 1.398054e+04 -3.508238e+03 1.278776e+03 1.399661e+04 -4.659564e+02 -1.092149e+00 -1.606696e+01
5.356604836688246 -3.966871e+03 1.285022e+03 1.396213e+04 -3.501016e+03 1.286118e+03 1.397816e+04 -4.658551e+02 -1.095867e+00 -1.602548e+01
5.373704015291083 -3.973454e+03 1.283504e+03 1.396817e+04 -3.507702e+03 1.284585e+03 1.398415e+04 -4.657512e+02 -1.080842e+00 -1.598106e+01
5.390925379462282 -3.965668e+03 1.288061e+03 1.394900e+04 -3.500033e+03 1.289105e+03 1.396494e+04 -4.656343e+02 -1.044988e+00 -1.594082e+01
5.407678829800491 -3.969813e+03 1.288754e+03 1.396640e+04 -3.504249e+03 1.289761e+03 1.398227e+04 -4.655641e+02 -1.007385e+00 -1.587017e+01
5.424416020521087 -3.965851e+03 1.288327e+03 1.394373e+04 -3.500274e+03 1.289263e+03 1.395953e+04 -4.655770e+02 -9.356114e-01 -1.580429e+01
5.441016734512878 -3.960966e+03 1.279801e+03 1.394436e+04 -3.495411e+03 1.280634e+03 1.396011e+04 -4.655550e+02 -8.323735e-01 -1.575515e+01
5.457169140578693 -3.965676e+03 1.276743e+03 1.395275e+04 -3.500151e+03 1.277497e+03 1.396847e+04 -4.655245e+02 -7.533221e-01 -1.571834e+01
5.473379412161669 -3.964286e+03 1.288435e+03 1.394613e+04 -3.498808e+03 1.289122e+03 1.396181e+04 -4.654784e+02 -6.867228e-01 -1.567489e+01
5.489259934778633 -3.966928e+03 1.283748e+03 1.395629e+04 -3.501503e+03 1.284383e+03 1.397193e+04 -4.654251e+02 -6.347391e-01 -1.563613e+01
5.504956585041096 -3.964637e+03 1.266917e+03 1.395813e+04 -3.499311e+03 1.267510e+03 1.397374e+04 -4.653252e+02 -5.934766e-01 -1.560327e+01
5.520849226729164 -3.964788e+03 1.283494e+03 1.394405e+04 -3.499566e+03 1.284069e+03 1.395962e+04 -4.652221e+02 -5.756874e-01 -1.556681e+01
5.536919707801263 -3.965145e+03 1.276168e+03 1.394844e+04 -3.500059e+03 1.276753e+03 1.396397e+04 -4.650867e+02 -5.849378e-01 -1.553439e+01
5.553044689857493 -3.966571e+03 1.275780e+03 1.395062e+04 -3.501630e+03 1.276396e+03 1.396611e+04 -4.649406e+02 -6.156785e-01 -1.549290e+01
5.569245398986889 -3.968913e+03 1.270288e+03 1.395094e+04 -3.504143e+03 1.270923e+03 1.396642e+04 -4.647700e+02 -6.345016e-01 -1.547992e+01
5.585550642441725 -3.965574e+03 1.274966e+03 1.395220e+04 -3.500978e+03 1.275626e+03 1.396767e+04 -4.645957e+02 -6.597549e-01 -1.546891e+01
5.601843793193758 -3.966222e+03 1.271325e+03 1.393768e+04 -3.501812e+03 1.272015e+03 1.395314e+04 -4.644105e+02 -6.904912e-01 -1.545957e+01
5.618129219239918 -3.959706e+03 1.262426e+03 1.393854e+04 -3.495522e+03 1.263144e+03 1.395398e+04 -4.641836e+02 -7.187850e-01 -1.544757e+01
5.634348608138095 -3.964131e+03 1.262138e+03 1.393422e+04 -3.500193e+03 1.262871e+03 1.394964e+04 -4.639381e+02 -7.330508e-01 -1.542044e+01
5.650257386703704 -3.964158e+03 1.269691e+03 1.394231e+04 -3.500430e+03 1.270435e+03 1.395769e+04 -4.637278e+02 -7.437740e-01 -1.537339e+01
5.666137713370965 -3.959930e+03 1.247823e+03 1.392959e+04 -3.496430e+03 1.248559e+03 1.394494e+04 -4.634993e+02 -7.359586e-01 -1.535056e+01
5.682140110989035 -3.963294e+03 1.257600e+03 1.393814e+04 -3.499917e+03 1.258307e+03 1.395350e+04 -4.633775e+02 -7.066758e-01 -1.535769e+01
5.698268518124737 -3.962590e+03 1.254862e+03 1.393521e+04 -3.499307e+03 1.255518e+03 1.395060e+04 -4.632831e+02 -6.560057e-01 -1.538925e+01
5.714188667851903 -3.959358e+03 1.250148e+03 1.392426e+04 -3.496128e+03 1.250741e+03 1.393968e+04 -4.632293e+02 -5.933814e-01 -1.541543e+01
5.730032715924119 -3.961916e+03 1.250403e+03 1.392656e+04 -3.498722e+03 1.250908e+03 1.394202e+04 -4.631938e+02 -5.051460e-01 -1.546247e+01
5.745972699877224 -3.963790e+03 1.257507e+03 1.392861e+04 -3.500614e+03 1.257933e+03 1.394411e+04 -4.631752e+02 -4.263067e-01 -1.549582e+01
5.761961235802287 -3.964967e+03 1.261659e+03 1.392730e+04 -3.501785e+03 1.262006e+03 1.394280e+04 -4.631811e+02 -3.468141e-01 -1.550032e+01
5.778096563699848 -3.964634e+03 1.246593e+03 1.393005e+04 -3.501456e+03 1.246881e+03 1.394554e+04 -4.631782e+02 -2.880866e-01 -1.548488e+01
5.794388378656516 -3.961129e+03 1.247027e+03 1.392873e+04 -3.497988e+03 1.247286e+03 1.394419e+04 -4.631416e+02 -2.591925e-01 -1.546030e+01
5.810540456825966 -3.955422e+03 1.246316e+03 1.390904e+04 -3.492259e+03 1.246521e+03 1.392448e+04 -4.631629e+02 -2.053409e-01 -1.544417e+01
5.826579835212856 -3.957879e+03 1.245619e+03 1.390986e+04 -3.494674e+03 1.245767e+03 1.392530e+04 -4.632044e+02 -1.482492e-01 -1.544392e+01
5.842665419436184 -3.956612e+03 1.243186e+03 1.393527e+04 -3.493353e+03 1.243285e+03 1.395071e+04 -4.632594e+02 -9.899479e-02 -1.543981e+01
5.858950224660538 -3.958394e+03 1.232932e+03 1.391516e+04 -3.495102e+03 1.233004e+03 1.393060e+04 -4.632922e+02 -7.178404e-02 -1.544317e+01
5.875563585354647 -3.946434e+03 1.241533e+03 1.388979e+04 -3.483143e+03 1.241566e+03 1.390527e+04 -4.632910e+02 -3.359247e-02 -1.547746e+01
5.892103267797868 -3.953982e+03 1.236417e+03 1.390208e+04 -3.490722e+03 1.236416e+03 1.391759e+04 -4.632600e+02 1.073955e-03 -1.551153e+01
5.90887409544346 -3.952445e+03 1.243305e+03 1.390397e+04 -3.489236e+03 1.243282e+03 1.391955e+04 -4.632087e+02 2.220049e-02 -1.557365e+01
5.925855430782876 -3.961805e+03 1.231903e+03 1.391992e+04 -3.498608e+03 1.231892e+03 1.393551e+04 -4.631972e+02 1.059701e-02 -1.559351e+01
5.942518368200481 -3.948724e+03 1.236522e+03 1.389348e+04 -3.485540e+03 1.236549e+03 1.390905e+04 -4.631840e+02 -2.701134e-02 -1.557285e+01
5.959104172668392 -3.961219e+03 1.232892e+03 1.390485e+04 -3.498053e+03 1.232983e+03 1.392036e+04 -4.631665e+02 -9.047342e-02 -1.550884e+01
5.975881503668965 -3.954804e+03 1.222501e+03 1.390347e+04 -3.491574e+03 1.222621e+03 1.391890e+04 -4.632299e+02 -1.205238e-01 -1.543196e+01
5.992889951924327 -3.953150e+03 1.208568e+03 1.389757e+04 -3.489853e+03 1.208722e+03 1.391296e+04 -4.632971e+02 -1.538358e-01 -1.538488e+01
6.009764422059503 -3.951673e+03 1.210125e+03 1.388107e+04 -3.488271e+03 1.210274e+03 1.389640e+04 -4.634026e+02 -1.485726e-01 -1.532672e+01
6.026764840013497 -3.947150e+03 1.207027e+03 1.387643e+04 -3.483610e+03 1.207154e+03 1.389169e+04 -4.635404e+02 -1.270794e-01 -1.526369e+01
6.043790141448698 -3.948936e+03 1.189210e+03 1.387808e+04 -3.485215e+03 1.189290e+03 1.389329e+04 -4.637215e+02 -8.008931e-02 -1.521478e+01
6.06064158480098 -3.950108e+03 1.181281e+03 1.386750e+04 -3.486189e+03 1.181317e+03 1.388266e+04 -4.639189e+02 -3.644986e-02 -1.516771e+01
6.077355390294593 -3.945192e+03 1.166324e+03 1.385057e+04 -3.481057e+03 1.166321e+03 1.386568e+04 -4.641352e+02 3.449481e-03 -1.510151e+01
6.093623969575833 -3.953242e+03 1.162318e+03 1.385493e+04 -3.488819e+03 1.162257e+03 1.386996e+04 -4.644226e+02 6.165830e-02 -1.502386e+01
6.109803697493149 -3.949333e+03 1.134549e+03 1.384744e+04 -3.484578e+03 1.134434e+03 1.386241e+04 -4.647545e+02 1.153177e-01 -1.497145e+01
6.126035530272167 -3.951170e+03 1.143485e+03 1.383958e+04 -3.486061e+03 1.143309e+03 1.385453e+04 -4.651090e+02 1.765956e-01 -1.495462e+01
6.14218213335209 -3.953898e+03 1.138425e+03 1.383330e+04 -3.488427e+03 1.138194e+03 1.384825e+04 -4.654709e+02 2.308803e-01 -1.494568e+01
6.158173740720231 -3.949268e+03 1.132722e+03 1.383862e+04 -3.483445e+03 1.132442e+03 1.385357e+04 -4.658232e+02 2.798965e-01 -1.495905e+01
6.173930578547103 -3.955264e+03 1.140069e+03 1.384785e+04 -3.489068e+03 1.139732e+03 1.386284e+04 -4.661967e+02 3.370939e-01 -1.499253e+01
6.189697866094064 -3.956564e+03 1.154809e+03 1.384947e+04 -3.490015e+03 1.154441e+03 1.386449e+04 -4.665497e+02 3.681241e-01 -1.502122e+01
6.205962458177102 -3.961848e+03 1.156480e+03 1.386935e+04 -3.494942e+03 1.156097e+03 1.388439e+04 -4.669066e+02 3.827996e-01 -1.503716e+01
6.22183496684951 -3.955048e+03 1.169172e+03 1.384566e+04 -3.487819e+03 1.168773e+03 1.386070e+04 -4.672289e+02 3.984675e-01 -1.504356e+01
6.237765918015571 -3.961121e+03 1.166983e+03 1.386477e+04 -3.493593e+03 1.166558e+03 1.387982e+04 -4.675284e+02 4.253489e-01 -1.504847e+01
6.253614469564046 -3.959679e+03 1.179233e+03 1.387514e+04 -3.491877e+03 1.178788e+03 1.389017e+04 -4.678022e+02 4.443911e-01 -1.502161e+01
6.269754876390875 -3.967616e+03 1.175712e+03 1.388542e+04 -3.499532e+03 1.175249e+03 1.390040e+04 -4.680841e+02 4.623560e-01 -1.497519e+01
6.28620140338399 -3.965000e+03 1.194294e+03 1.387057e+04 -3.496630e+03 1.193779e+03 1.388551e+04 -4.683700e+02 5.151381e-01 -1.494158e+01
6.302739056109712 -3.965071e+03 1.193551e+03 1.386965e+04 -3.496416e+03 1.192978e+03 1.388458e+04 -4.686557e+02 5.728559e-01 -1.492682e+01
6.319329574621235 -3.967284e+03 1.187646e+03 1.387197e+04 -3.498385e+03 1.187005e+03 1.388687e+04 -4.688995e+02 6.411681e-01 -1.490114e+01
6.335814048452231 -3.969474e+03 1.175219e+03 1.387043e+04 -3.500374e+03 1.174512e+03 1.388532e+04 -4.691000e+02 7.068833e-01 -1.488979e+01
6.351974257921408 -3.965032e+03 1.183368e+03 1.384270e+04 -3.495785e+03 1.182593e+03 1.385756e+04 -4.692474e+02 7.747913e-01 -1.486087e+01
6.3677703099262 -3.973577e+03 1.158163e+03 1.385927e+04 -3.504141e+03 1.157345e+03 1.387407e+04 -4.694365e+02 8.185534e-01 -1.480512e+01
6.383648795336291 -3.968415e+03 1.164529e+03 1.383661e+04 -3.498760e+03 1.163645e+03 1.385137e+04 -4.696547e+02 8.846535e-01 -1.476458e+01
6.399518166467002 -3.968807e+03 1.152619e+03 1.384801e+04 -3.498932e+03 1.151669e+03 1.386276e+04 -4.698755e+02 9.498405e-01 -1.474637e+01
6.415362254211731 -3.970047e+03 1.144579e+03 1.384658e+04 -3.499949e+03 1.143575e+03 1.386131e+04 -4.700987e+02 1.004294e+00 -1.472987e+01
6.431005692037262 -3.972887e+03 1.134455e+03 1.385092e+04 -3.502545e+03 1.133388e+03 1.386563e+04 -4.703422e+02 1.067082e+00 -1.470699e+01
6.446540449760809 -3.973516e+03 1.151571e+03 1.383308e+04 -3.502921e+03 1.150453e+03 1.384774e+04 -4.705946e+02 1.118325e+00 -1.465424e+01
6.462022689134354 -3.968297e+03 1.133763e+03 1.383250e+04 -3.497459e+03 1.132585e+03 1.384714e+04 -4.708381e+02 1.177563e+00 -1.463556e+01
6.477559271200026 -3.972331e+03 1.140489e+03 1.383923e+04 -3.501203e+03 1.139243e+03 1.385387e+04 -4.711277e+02 1.245927e+00 -1.463608e+01
6.492875921361747 -3.972611e+03 1.145095e+03 1.383174e+04 -3.501127e+03 1.143764e+03 1.384638e+04 -4.714842e+02 1.331305e+00 -1.463976e+01
6.508258980395024 -3.971845e+03 1.141678e+03 1.381693e+04 -3.499943e+03 1.140258e+03 1.383157e+04 -4.719020e+02 1.420500e+00 -1.463314e+01
6.523612564898603 -3.967515e+03 1.151069e+03 1.380822e+04 -3.495144e+03 1.149547e+03 1.382284e+04 -4.723717e+02 1.521616e+00 -1.462761e+01
6.538949698326388 -3.970454e+03 1.152111e+03 1.381375e+04 -3.497625e+03 1.150496e+03 1.382840e+04 -4.728297e+02 1.615213e+00 -1.465091e+01
6.554300592571227 -3.975302e+03 1.164797e+03 1.382682e+04 -3.502023e+03 1.163118e+03 1.384148e+04 -4.732791e+02 1.679873e+00 -1.465745e+01
6.56965491316972 -3.973532e+03 1.168872e+03 1.381736e+04 -3.499805e+03 1.167149e+03 1.383201e+04 -4.737274e+02 1.723362e+00 -1.465217e+01
6.585029896158281 -3.973259e+03 1.176969e+03 1.381677e+04 -3.499073e+03 1.175224e+03 1.383141e+04 -4.741854e+02 1.745100e+00 -1.463922e+01
6.600502177041381 -3.971826e+03 1.178184e+03 1.382491e+04 -3.497246e+03 1.176446e+03 1.383954e+04 -4.745803e+02 1.737570e+00 -1.462560e+01
6.616115056148114 -3.971120e+03 1.177326e+03 1.383264e+04 -3.496221e+03 1.175616e+03 1.384727e+04 -4.748993e+02 1.709542e+00 -1.462711e+01
6.63172736635153 -3.979178e+03 1.189458e+03 1.384546e+04 -3.504032e+03 1.187802e+03 1.386009e+04 -4.751458e+02 1.655893e+00 -1.462978e+01
6.647347325267453 -3.967397e+03 1.190044e+03 1.381660e+04 -3.492095e+03 1.188454e+03 1.383127e+04 -4.753030e+02 1.590534e+00 -1.467055e+01
6.663001519415468 -3.976172e+03 1.176127e+03 1.382850e+04 -3.500748e+03 1.174598e+03 1.384325e+04 -4.754246e+02 1.528970e+00 -1.474937e+01
6.678831880667762 -3.975376e+03 1.177194e+03 1.384527e+04 -3.499891e+03 1.175737e+03 1.386010e+04 -4.754845e+02 1.457058e+00 -1.483141e+01
6.694779423642661 -3.971522e+03 1.173329e+03 1.381822e+04 -3.495983e+03 1.171933e+03 1.383315e+04 -4.755399e+02 1.396057e+00 -1.493310e+01
6.710732653959948 -3.970750e+03 1.168321e+03 1.382031e+04 -3.495176e+03 1.166971e+03 1.383536e+04 -4.755740e+02 1.350097e+00 -1.505524e+01
6.726629151932823 -3.974667e+03 1.167362e+03 1.382467e+04 -3.499070e+03 1.166070e+03 1.383985e+04 -4.755963e+02 1.292335e+00 -1.517586e+01
6.742514620343417 -3.974632e+03 1.175073e+03 1.383549e+04 -3.498952e+03 1.173849e+03 1.385075e+04 -4.756805e+02 1.224874e+00 -1.526221e+01
6.758456431012551 -3.978099e+03 1.154985e+03 1.383489e+04 -3.502274e+03 1.153820e+03 1.385020e+04 -4.758246e+02 1.164720e+00 -1.530900e+01
6.774313254023625 -3.970471e+03 1.161078e+03 1.381458e+04 -3.494482e+03 1.159964e+03 1.382994e+04 -4.759890e+02 1.114071e+00 -1.536038e+01
6.790071076747338 -3.972720e+03 1.158359e+03 1.381353e+04 -3.496562e+03 1.157290e+03 1.382894e+04 -4.761575e+02 1.068568e+00 -1.540202e+01
6.805934958195082 -3.970189e+03 1.156901e+03 1.381882e+04 -3.493870e+03 1.155884e+03 1.383427e+04 -4.763197e+02 1.016856e+00 -1.544261e+01
6.821736334347514 -3.974848e+03 1.152951e+03 1.381663e+04 -3.498355e+03 1.151970e+03 1.383212e+04 -4.764935e+02 9.814396e-01 -1.548528e+01
6.837693577946927 -3.972226e+03 1.157723e+03 1.380581e+04 -3.495511e+03 1.156767e+03 1.382133e+04 -4.767150e+02 9.560719e-01 -1.551493e+01
6.853675780355139 -3.969449e+03 1.156436e+03 1.380384e+04 -3.492506e+03 1.155496e+03 1.381940e+04 -4.769435e+02 9.406559e-01 -1.555659e+01
6.869540342468175 -3.969590e+03 1.157022e+03 1.380274e+04 -3.492410e+03 1.156099e+03 1.381832e+04 -4.771796e+02 9.229341e-01 -1.558026e+01
6.885508334650295 -3.970091e+03 1.150327e+03 1.381051e+04 -3.492650e+03 1.149421e+03 1.382613e+04 -4.774416e+02 9.059939e-01 -1.562337e+01
6.901151124290587 -3.971662e+03 1.156128e+03 1.380497e+04 -3.493932e+03 1.155237e+03 1.382063e+04 -4.777309e+02 8.907072e-01 -1.566561e+01
6.916719227881454 -3.971155e+03 1.164341e+03 1.379740e+04 -3.493102e+03 1.163454e+03 1.381308e+04 -4.780529e+02 8.867433e-01 -1.568855e+01
6.93225091830936 -3.970459e+03 1.158861e+03 1.381279e+04 -3.492074e+03 1.157979e+03 1.382851e+04 -4.783853e+02 8.822566e-01 -1.571849e+01
6.947944230267898 -3.972915e+03 1.158341e+03 1.381755e+04 -3.494169e+03 1.157464e+03 1.383329e+04 -4.787460e+02 8.770300e-01 -1.573796e+01
6.963509715311662 -3.970076e+03 1.165631e+03 1.381412e+04 -3.490959e+03 1.164765e+03 1.382986e+04 -4.791172e+02 8.655926e-01 -1.573824e+01
6.979239372130595 -3.971637e+03 1.170699e+03 1.381094e+04 -3.492139e+03 1.169861e+03 1.382667e+04 -4.794976e+02 8.382687e-01 -1.572852e+01
6.995131060302615 -3.977728e+03 1.175904e+03 1.382548e+04 -3.497907e+03 1.175130e+03 1.384118e+04 -4.798215e+02 7.747307e-01 -1.569361e+01
7.010861215181873 -3.964758e+03 1.175317e+03 1.379021e+04 -3.484664e+03 1.174577e+03 1.380589e+04 -4.800938e+02 7.400397e-01 -1.567340e+01
7.026622668121497 -3.967997e+03 1.167909e+03 1.380080e+04 -3.487670e+03 1.167191e+03 1.381648e+04 -4.803273e+02 7.182007e-01 -1.567495e+01
7.042709727320131 -3.972881e+03 1.173572e+03 1.381845e+04 -3.492313e+03 1.172866e+03 1.383415e+04 -4.805682e+02 7.069235e-01 -1.569511e+01
7.058974408540708 -3.976277e+03 1.168619e+03 1.381998e+04 -3.495491e+03 1.167931e+03 1.383568e+04 -4.807861e+02 6.879707e-01 -1.569786e+01
7.074953841601502 -3.967463e+03 1.156287e+03 1.381060e+04 -3.486506e+03 1.155615e+03 1.382627e+04 -4.809570e+02 6.725801e-01 -1.566996e+01
7.091152476386757 -3.968403e+03 1.163686e+03 1.380690e+04 -3.487356e+03 1.163054e+03 1.382253e+04 -4.810471e+02 6.312560e-01 -1.563303e+01
7.107214750219842 -3.963894e+03 1.157463e+03 1.380232e+04 -3.482809e+03 1.156875e+03 1.381793e+04 -4.810857e+02 5.880851e-01 -1.560332e+01
7.123153398014582 -3.964163e+03 1.153151e+03 1.380310e+04 -3.483113e+03 1.152623e+03 1.381867e+04 -4.810496e+02 5.280830e-01 -1.557088e+01
7.139130113187189 -3.968473e+03 1.153948e+03 1.382315e+04 -3.487537e+03 1.153504e+03 1.383870e+04 -4.809364e+02 4.440932e-01 -1.554973e+01
7.154850393743266 -3.969177e+03 1.153474e+03 1.381306e+04 -3.488377e+03 1.153091e+03 1.382859e+04 -4.808003e+02 3.824596e-01 -1.553215e+01
7.170655796122844 -3.971125e+03 1.155486e+03 1.381789e+04 -3.490469e+03 1.155174e+03 1.383340e+04 -4.806556e+02 3.126184e-01 -1.551111e+01
7.186671015727957 -3.970592e+03 1.149988e+03 1.382465e+04 -3.490109e+03 1.149753e+03 1.384014e+04 -4.804837e+02 2.347266e-01 -1.548707e+01
7.202906514979748 -3.967115e+03 1.155258e+03 1.381498e+04 -3.486830e+03 1.155095e+03 1.383045e+04 -4.802851e+02 1.636485e-01 -1.546294e+01
7.219083023783133 -3.965424e+03 1.161210e+03 1.381694e+04 -3.485323e+03 1.161107e+03 1.383239e+04 -4.801013e+02 1.029436e-01 -1.545415e+01
7.235155383395123 -3.969361e+03 1.154914e+03 1.382295e+04 -3.489404e+03 1.154860e+03 1.383839e+04 -4.799571e+02 5.372566e-02 -1.543703e+01
7.251019718421717 -3.965881e+03 1.155271e+03 1.381242e+04 -3.486084e+03 1.155255e+03 1.382783e+04 -4.797970e+02 1.579239e-02 -1.540570e+01
7.266794277484184 -3.965764e+03 1.162626e+03 1.380880e+04 -3.486138e+03 1.162655e+03 1.382416e+04 -4.796261e+02 -2.913879e-02 -1.536091e+01
7.282617776098191 -3.966249e+03 1.162538e+03 1.380977e+04 -3.486732e+03 1.162609e+03 1.382508e+04 -4.795175e+02 -7.031190e-02 -1.531182e+01
7.298641903736142 -3.967337e+03 1.158062e+03 1.382641e+04 -3.487916e+03 1.158166e+03 1.384167e+04 -4.794204e+02 -1.039423e-01 -1.526827e+01
7.31480306632257 -3.972606e+03 1.164141e+03 1.383721e+04 -3.493239e+03 1.164289e+03 1.385243e+04 -4.793675e+02 -1.484136e-01 -1.522765e+01
7.330845570942518 -3.958365e+03 1.165158e+03 1.379038e+04 -3.479055e+03 1.165324e+03 1.380555e+04 -4.793099e+02 -1.662789e-01 -1.517383e+01
7.347145842485229 -3.958685e+03 1.161262e+03 1.380844e+04 -3.479432e+03 1.161423e+03 1.382361e+04 -4.792527e+02 -1.606479e-01 -1.516801e+01
7.36337685811655 -3.964655e+03 1.166286e+03 1.381699e+04 -3.485436e+03 1.166401e+03 1.383219e+04 -4.792185e+02 -1.146668e-01 -1.520108e+01
7.379602291046748 -3.962626e+03 1.174928e+03 1.382168e+04 -3.483381e+03 1.175014e+03 1.383690e+04 -4.792445e+02 -8.579959e-02 -1.522373e+01
7.395420394743452 -3.965234e+03 1.172695e+03 1.381668e+04 -3.485965e+03 1.172751e+03 1.383191e+04 -4.792683e+02 -5.580598e-02 -1.522978e+01
7.411411722283129 -3.959436e+03 1.160178e+03 1.381286e+04 -3.480114e+03 1.160217e+03 1.382808e+04 -4.793218e+02 -3.958046e-02 -1.521804e+01
7.427344970550519 -3.961058e+03 1.177564e+03 1.380594e+04 -3.481723e+03 1.177603e+03 1.382115e+04 -4.793359e+02 -3.939485e-02 -1.521189e+01
7.443125569681061 -3.958262e+03 1.175916e+03 1.380476e+04 -3.478883e+03 1.175952e+03 1.381994e+04 -4.793788e+02 -3.665047e-02 -1.517748e+01
7.459222025581936 -3.967624e+03 1.164003e+03 1.381943e+04 -3.488184e+03 1.164044e+03 1.383459e+04 -4.794394e+02 -4.144712e-02 -1.515079e+01
7.475539159824884 -3.961789e+03 1.168182e+03 1.380929e+04 -3.482297e+03 1.168242e+03 1.382441e+04 -4.794923e+02 -6.034260e-02 -1.512905e+01
7.491864825905771 -3.962792e+03 1.157502e+03 1.381771e+04 -3.483211e+03 1.157561e+03 1.383282e+04 -4.795819e+02 -5.897949e-02 -1.510621e+01
7.508035136302676 -3.954460e+03 1.159783e+03 1.379967e+04 -3.474816e+03 1.159833e+03 1.381477e+04 -4.796435e+02 -5.051399e-02 -1.510504e+01
7.524210682835106 -3.964330e+03 1.152452e+03 1.381180e+04 -3.484575e+03 1.152478e+03 1.382688e+04 -4.797555e+02 -2.541986e-02 -1.508417e+01
7.540353257259345 -3.958681e+03 1.151311e+03 1.381102e+04 -3.478822e+03 1.151298e+03 1.382606e+04 -4.798592e+02 1.343611e-02 -1.504691e+01
7.556279023104568 -3.956825e+03 1.153420e+03 1.379074e+04 -3.476860e+03 1.153357e+03 1.380576e+04 -4.799645e+02 6.267027e-02 -1.502227e+01
7.572205951006167 -3.958887e+03 1.155745e+03 1.379681e+04 -3.478815e+03 1.155631e+03 1.381178e+04 -4.800718e+02 1.137667e-01 -1.497288e+01
7.588398053819126 -3.963855e+03 1.152339e+03 1.380952e+04 -3.483654e+03 1.152162e+03 1.382444e+04 -4.802016e+02 1.775967e-01 -1.491575e+01
7.604370500230178 -3.956908e+03 1.154501e+03 1.379014e+04 -3.476587e+03 1.154263e+03 1.380501e+04 -4.803208e+02 2.381939e-01 -1.486351e+01
7.620289141725105 -3.961116e+03 1.159623e+03 1.379436e+04 -3.480673e+03 1.159322e+03 1.380918e+04 -4.804423e+02 3.010394e-01 -1.481868e+01
7.636052618206058 -3.958662e+03 1.158038e+03 1.378650e+04 -3.478079e+03 1.157668e+03 1.380126e+04 -4.805826e+02 3.695798e-01 -1.476326e+01
7.65174647103748 -3.960129e+03 1.155570e+03 1.378324e+04 -3.479409e+03 1.155145e+03 1.379796e+04 -4.807198e+02 4.251751e-01 -1.471864e+01
7.667295805463605 -3.955801e+03 1.160935e+03 1.376310e+04 -3.474896e+03 1.160441e+03 1.377778e+04 -4.809052e+02 4.939726e-01 -1.467705e+01
7.682874707165364 -3.956259e+03 1.150521e+03 1.378019e+04 -3.475177e+03 1.149941e+03 1.379486e+04 -4.810819e+02 5.805269e-01 -1.467026e+01
7.69837195721347 -3.955143e+03 1.158526e+03 1.377269e+04 -3.473874e+03 1.157865e+03 1.378734e+04 -4.812690e+02 6.613633e-01 -1.465444e+01
7.713798929847134 -3.954786e+03 1.162779e+03 1.376726e+04 -3.473321e+03 1.162036e+03 1.378191e+04 -4.814646e+02 7.428973e-01 -1.464819e+01
7.729097992991964 -3.957247e+03 1.155578e+03 1.378182e+04 -3.475563e+03 1.154755e+03 1.379646e+04 -4.816840e+02 8.232046e-01 -1.464054e+01
7.744482344268292 -3.955364e+03 1.159762e+03 1.378149e+04 -3.473480e+03 1.158856e+03 1.379613e+04 -4.818838e+02 9.063334e-01 -1.463906e+01
7.760043178891247 -3.957910e+03 1.164345e+03 1.377940e+04 -3.475868e+03 1.163386e+03 1.379406e+04 -4.820417e+02 9.590895e-01 -1.465577e+01
7.775952565404734 -3.958650e+03 1.160630e+03 1.378754e+04 -3.476434e+03 1.159597e+03 1.380221e+04 -4.822162e+02 1.033490e+00 -1.467329e+01
7.792079860630208 -3.955467e+03 1.167364e+03 1.377788e+04 -3.473141e+03 1.166284e+03 1.379260e+04 -4.823259e+02 1.079940e+00 -1.471398e+01
7.80821033826464 -3.955527e+03 1.158518e+03 1.378743e+04 -3.473111e+03 1.157400e+03 1.380219e+04 -4.824165e+02 1.117381e+00 -1.476404e+01
7.82422308845663 -3.953709e+03 1.164856e+03 1.378408e+04 -3.471242e+03 1.163703e+03 1.379890e+04 -4.824665e+02 1.152843e+00 -1.482658e+01
7.839978768663866 -3.955845e+03 1.172158e+03 1.378518e+04 -3.473381e+03 1.170986e+03 1.380008e+04 -4.824634e+02 1.171849e+00 -1.489146e+01
7.856118281914807 -3.959961e+03 1.169524e+03 1.379838e+04 -3.477527e+03 1.168350e+03 1.381336e+04 -4.824341e+02 1.174454e+00 -1.497449e+01
7.872280699849412 -3.958974e+03 1.155974e+03 1.380697e+04 -3.476544e+03 1.154809e+03 1.382199e+04 -4.824292e+02 1.165514e+00 -1.502274e+01
7.8882378421578 -3.957300e+03 1.178556e+03 1.379234e+04 -3.474897e+03 1.177408e+03 1.380741e+04 -4.824036e+02 1.148245e+00 -1.506432e+01
7.904063030052342 -3.951349e+03 1.165255e+03 1.377515e+04 -3.468928e+03 1.164103e+03 1.379026e+04 -4.824211e+02 1.151557e+00 -1.510723e+01
7.919655300819181 -3.957080e+03 1.149877e+03 1.379211e+04 -3.474637e+03 1.148703e+03 1.380727e+04 -4.824431e+02 1.174045e+00 -1.516609e+01
7.935210783484932 -3.949005e+03 1.168110e+03 1.377933e+04 -3.466553e+03 1.166893e+03 1.379454e+04 -4.824524e+02 1.216896e+00 -1.521217e+01
7.950965681564283 -3.953418e+03 1.168731e+03 1.378277e+04 -3.470900e+03 1.167464e+03 1.379804e+04 -4.825179e+02 1.266936e+00 -1.526995e+01
7.96692868650469 -3.960849e+03 1.161368e+03 1.379560e+04 -3.478249e+03 1.160051e+03 1.381093e+04 -4.826005e+02 1.317315e+00 -1.532675e+01
7.982800435822554 -3.950761e+03 1.169160e+03 1.378017e+04 -3.468088e+03 1.167784e+03 1.379555e+04 -4.826735e+02 1.375829e+00 -1.538291e+01
7.998568754611518 -3.956826e+03 1.159168e+03 1.379968e+04 -3.474018e+03 1.157718e+03 1.381511e+04 -4.828078e+02 1.450842e+00 -1.542776e+01
8.014395757844023 -3.954177e+03 1.176355e+03 1.378863e+04 -3.471227e+03 1.174857e+03 1.380408e+04 -4.829492e+02 1.498320e+00 -1.544371e+01
8.030317181415164 -3.959391e+03 1.180831e+03 1.379901e+04 -3.476362e+03 1.179317e+03 1.381444e+04 -4.830290e+02 1.514282e+00 -1.543310e+01
8.046510392211539 -3.961778e+03 1.165045e+03 1.380440e+04 -3.478710e+03 1.163555e+03 1.381979e+04 -4.830679e+02 1.490126e+00 -1.538312e+01
8.062744764033637 -3.949263e+03 1.184739e+03 1.376356e+04 -3.466188e+03 1.183250e+03 1.377888e+04 -4.830745e+02 1.488607e+00 -1.531353e+01
8.07905930761012 -3.949666e+03 1.174915e+03 1.377372e+04 -3.466562e+03 1.173407e+03 1.378897e+04 -4.831045e+02 1.507844e+00 -1.525894e+01
8.095219344570561 -3.952907e+03 1.168845e+03 1.379031e+04 -3.469775e+03 1.167339e+03 1.380553e+04 -4.831325e+02 1.505966e+00 -1.521876e+01
8.111173343912137 -3.946342e+03 1.188456e+03 1.376575e+04 -3.463219e+03 1.186958e+03 1.378091e+04 -4.831233e+02 1.497784e+00 -1.516197e+01
8.127291202157034 -3.960539e+03 1.187937e+03 1.381051e+04 -3.477409e+03 1.186471e+03 1.382561e+04 -4.831296e+02 1.465491e+00 -1.509184e+01
8.143222539747597 -3.945340e+03 1.180547e+03 1.377223e+04 -3.462199e+03 1.179089e+03 1.378722e+04 -4.831409e+02 1.457601e+00 -1.498823e+01
8.15892959421755 -3.947640e+03 1.179738e+03 1.378159e+04 -3.464483e+03 1.178224e+03 1.379654e+04 -4.831563e+02 1.513490e+00 -1.494980e+01
8.174667997816355 -3.949579e+03 1.186005e+03 1.378810e+04 -3.466410e+03 1.184427e+03 1.380300e+04 -4.831695e+02 1.577645e+00 -1.489941e+01
8.190075923136583 -3.952127e+03 1.185795e+03 1.379265e+04 -3.468906e+03 1.184158e+03 1.380749e+04 -4.832217e+02 1.636957e+00 -1.483961e+01
8.205395756206899 -3.954030e+03 1.184968e+03 1.379132e+04 -3.470773e+03 1.183271e+03 1.380612e+04 -4.832578e+02 1.697242e+00 -1.479379e+01
8.220933715479722 -3.951341e+03 1.185136e+03 1.379426e+04 -3.468062e+03 1.183382e+03 1.380897e+04 -4.832791e+02 1.753544e+00 -1.470953e+01
8.236645583887764 -3.951779e+03 1.178133e+03 1.379186e+04 -3.468496e+03 1.176335e+03 1.380649e+04 -4.832829e+02 1.797994e+00 -1.463365e+01
8.252282710974661 -3.950264e+03 1.174813e+03 1.379142e+04 -3.466946e+03 1.172973e+03 1.380599e+04 -4.833189e+02 1.840464e+00 -1.456532e+01
8.267957979259855 -3.949280e+03 1.165606e+03 1.379005e+04 -3.465949e+03 1.163728e+03 1.380456e+04 -4.833315e+02 1.878076e+00 -1.450634e+01
8.283618501838683 -3.946644e+03 1.170768e+03 1.377977e+04 -3.463316e+03 1.168852e+03 1.379423e+04 -4.833277e+02 1.916511e+00 -1.445954e+01
8.299439297250197 -3.947824e+03 1.170031e+03 1.378654e+04 -3.464531e+03 1.168085e+03 1.380101e+04 -4.832933e+02 1.945901e+00 -1.446586e+01
8.315492079944004 -3.946054e+03 1.172690e+03 1.378562e+04 -3.462827e+03 1.170720e+03 1.380013e+04 -4.832269e+02 1.970122e+00 -1.450666e+01
8.331555637908714 -3.949016e+03 1.163492e+03 1.379279e+04 -3.465865e+03 1.161516e+03 1.380734e+04 -4.831505e+02 1.976015e+00 -1.455753e+01
8.347583661420867 -3.946361e+03 1.171031e+03 1.379049e+04 -3.463307e+03 1.169069e+03 1.380510e+04 -4.830538e+02 1.962638e+00 -1.461349e+01
8.363257293308827 -3.945633e+03 1.171472e+03 1.378717e+04 -3.462709e+03 1.169522e+03 1.380186e+04 -4.829248e+02 1.950163e+00 -1.468743e+01
8.37907105654504 -3.949280e+03 1.169257e+03 1.380214e+04 -3.466498e+03 1.167338e+03 1.381690e+04 -4.827815e+02 1.919082e+00 -1.476276e+01
8.394903990051112 -3.949720e+03 1.171036e+03 1.380030e+04 -3.467148e+03 1.169186e+03 1.381513e+04 -4.825727e+02 1.850524e+00 -1.483361e+01
8.410794673931887 -3.946525e+03 1.162547e+03 1.380299e+04 -3.464206e+03 1.160775e+03 1.381791e+04 -4.823199e+02 1.771953e+00 -1.491594e+01
8.426620850476331 -3.943881e+03 1.178013e+03 1.377869e+04 -3.461779e+03 1.176298e+03 1.379370e+04 -4.821028e+02 1.714634e+00 -1.501282e+01
8.442232492836913 -3.945478e+03 1.164523e+03 1.379484e+04 -3.463581e+03 1.162884e+03 1.380992e+04 -4.818972e+02 1.639379e+00 -1.508686e+01
8.45800380605726 -3.947193e+03 1.172522e+03 1.379520e+04 -3.465516e+03 1.170945e+03 1.381037e+04 -4.816772e+02 1.577026e+00 -1.516392e+01
8.47379502042398 -3.945083e+03 1.177319e+03 1.378553e+04 -3.463672e+03 1.175817e+03 1.380076e+04 -4.814112e+02 1.501621e+00 -1.523159e+01
8.489806140267467 -3.946666e+03 1.170664e+03 1.378734e+04 -3.465513e+03 1.169243e+03 1.380263e+04 -4.811531e+02 1.420481e+00 -1.529069e+01
8.505581252819388 -3.946846e+03 1.171788e+03 1.379085e+04 -3.465883e+03 1.170440e+03 1.380616e+04 -4.809629e+02 1.348229e+00 -1.531202e+01
8.521205250506162 -3.940964e+03 1.167509e+03 1.378797e+04 -3.460143e+03 1.166204e+03 1.380333e+04 -4.808203e+02 1.304518e+00 -1.535880e+01
8.536649133128318 -3.946918e+03 1.170492e+03 1.378406e+04 -3.466208e+03 1.169221e+03 1.379948e+04 -4.807107e+02 1.271183e+00 -1.541710e+01
8.55213642986989 -3.946160e+03 1.168005e+03 1.378066e+04 -3.465608e+03 1.166783e+03 1.379615e+04 -4.805521e+02 1.222332e+00 -1.548776e+01
8.567665890464838 -3.945658e+03 1.166374e+03 1.378961e+04 -3.465223e+03 1.165196e+03 1.380515e+04 -4.804352e+02 1.178456e+00 -1.554033e+01
8.583334258289355 -3.947179e+03 1.168940e+03 1.377927e+04 -3.466797e+03 1.167772e+03 1.379487e+04 -4.803815e+02 1.167665e+00 -1.559742e+01
8.599025193462404 -3.947850e+03 1.163141e+03 1.379744e+04 -3.467492e+03 1.161990e+03 1.381308e+04 -4.803576e+02 1.150625e+00 -1.564349e+01
8.614940433972439 -3.950261e+03 1.173168e+03 1.378927e+04 -3.469855e+03 1.172030e+03 1.380495e+04 -4.804067e+02 1.138104e+00 -1.567809e+01
8.630833304737763 -3.945259e+03 1.167478e+03 1.377906e+04 -3.464827e+03 1.166363e+03 1.379476e+04 -4.804315e+02 1.114858e+00 -1.570116e+01
8.646736102572563 -3.944125e+03 1.168594e+03 1.377319e+04 -3.463670e+03 1.167533e+03 1.378889e+04 -4.804550e+02 1.060676e+00 -1.569490e+01
8.66274299567859 -3.941346e+03 1.169383e+03 1.378185e+04 -3.460861e+03 1.168375e+03 1.379754e+04 -4.804851e+02 1.007530e+00 -1.568968e+01
8.678766534120147 -3.943728e+03 1.167043e+03 1.378148e+04 -3.463225e+03 1.166079e+03 1.379716e+04 -4.805035e+02 9.635414e-01 -1.568506e+01
8.694930613070646 -3.942201e+03 1.181680e+03 1.376764e+04 -3.461678e+03 1.180749e+03 1.378332e+04 -4.805232e+02 9.305414e-01 -1.567731e+01
8.710995347886254 -3.940012e+03 1.174019e+03 1.377731e+04 -3.459443e+03 1.173131e+03 1.379294e+04 -4.805691e+02 8.876272e-01 -1.563072e+01
8.726819137862886 -3.941406e+03 1.177310e+03 1.376956e+04 -3.460799e+03 1.176463e+03 1.378514e+04 -4.806075e+02 8.471253e-01 -1.558650e+01
8.742585160665222 -3.940985e+03 1.175708e+03 1.377443e+04 -3.460319e+03 1.174877e+03 1.378997e+04 -4.806668e+02 8.310107e-01 -1.553504e+01
8.758329746973615 -3.934063e+03 1.182991e+03 1.376405e+04 -3.453296e+03 1.182164e+03 1.377955e+04 -4.807672e+02 8.271908e-01 -1.549694e+01
8.774038754450126 -3.943975e+03 1.179243e+03 1.377389e+04 -3.463067e+03 1.178408e+03 1.378933e+04 -4.809081e+02 8.347068e-01 -1.543940e+01
8.78981104828163 -3.943341e+03 1.185249e+03 1.377379e+04 -3.462300e+03 1.184416e+03 1.378917e+04 -4.810409e+02 8.337982e-01 -1.537702e+01
8.805698093359039 -3.939004e+03 1.184569e+03 1.376371e+04 -3.457796e+03 1.183731e+03 1.377903e+04 -4.812082e+02 8.373356e-01 -1.531780e+01
8.821693792492354 -3.944329e+03 1.191811e+03 1.377429e+04 -3.462929e+03 1.190951e+03 1.378956e+04 -4.814010e+02 8.599172e-01 -1.526714e+01
8.837598316159609 -3.938055e+03 1.175561e+03 1.375577e+04 -3.456457e+03 1.174698e+03 1.377098e+04 -4.815976e+02 8.633990e-01 -1.521161e+01
8.853344192810187 -3.934892e+03 1.173095e+03 1.375056e+04 -3.453087e+03 1.172204e+03 1.376573e+04 -4.818050e+02 8.915349e-01 -1.516759e+01
8.869047266628842 -3.936318e+03 1.174235e+03 1.374217e+04 -3.454345e+03 1.173325e+03 1.375729e+04 -4.819734e+02 9.097815e-01 -1.512221e+01
8.884922167152336 -3.935859e+03 1.167251e+03 1.374615e+04 -3.453750e+03 1.166295e+03 1.376128e+04 -4.821085e+02 9.566406e-01 -1.512787e+01
8.900843177801674 -3.938561e+03 1.162530e+03 1.376117e+04 -3.456296e+03 1.161520e+03 1.377631e+04 -4.822651e+02 1.010430e+00 -1.514308e+01
8.916816490462274 -3.941676e+03 1.170776e+03 1.376148e+04 -3.459246e+03 1.169715e+03 1.377662e+04 -4.824299e+02 1.061084e+00 -1.514064e+01
8.932680676208232 -3.937298e+03 1.166583e+03 1.375836e+04 -3.454725e+03 1.165471e+03 1.377349e+04 -4.825731e+02 1.112219e+00 -1.512727e+01
8.948329444824557 -3.943588e+03 1.154093e+03 1.377253e+04 -3.460890e+03 1.152970e+03 1.378761e+04 -4.826977e+02 1.122842e+00 -1.508149e+01
8.963876837149172 -3.941545e+03 1.167649e+03 1.375246e+04 -3.458764e+03 1.166524e+03 1.376750e+04 -4.827804e+02 1.125428e+00 -1.504064e+01
8.979481027081558 -3.943814e+03 1.160780e+03 1.375881e+04 -3.460970e+03 1.159661e+03 1.377382e+04 -4.828444e+02 1.118848e+00 -1.500932e+01
8.995289804833659 -3.945244e+03 1.166217e+03 1.376065e+04 -3.462343e+03 1.165126e+03 1.377563e+04 -4.829014e+02 1.090905e+00 -1.498257e+01
9.011327054723404 -3.945492e+03 1.154922e+03 1.376051e+04 -3.462524e+03 1.153858e+03 1.377549e+04 -4.829676e+02 1.064110e+00 -1.497940e+01
9.027433403966491 -3.946427e+03 1.149760e+03 1.376638e+04 -3.463430e+03 1.148730e+03 1.378136e+04 -4.829966e+02 1.029742e+00 -1.497676e+01
9.043373922108094 -3.948534e+03 1.156573e+03 1.376972e+04 -3.465523e+03 1.155604e+03 1.378467e+04 -4.830105e+02 9.692416e-01 -1.494427e+01
9.059143102558458 -3.946545e+03 1.148792e+03 1.376604e+04 -3.463565e+03 1.147873e+03 1.378098e+04 -4.829797e+02 9.191393e-01 -1.493956e+01
9.075023438062987 -3.942194e+03 1.149098e+03 1.376764e+04 -3.459254e+03 1.148229e+03 1.378259e+04 -4.829401e+02 8.691481e-01 -1.495022e+01
9.090829879144819 -3.947218e+03 1.150420e+03 1.376371e+04 -3.464366e+03 1.149595e+03 1.377866e+04 -4.828521e+02 8.250948e-01 -1.495573e+01
9.106660782864813 -3.943927e+03 1.154982e+03 1.377278e+04 -3.461148e+03 1.154172e+03 1.378777e+04 -4.827798e+02 8.099603e-01 -1.499280e+01
9.122623163467582 -3.947208e+03 1.153431e+03 1.376850e+04 -3.464443e+03 1.152621e+03 1.378353e+04 -4.827642e+02 8.103316e-01 -1.502901e+01
9.138811116797982 -3.943745e+03 1.160069e+03 1.376505e+04 -3.460990e+03 1.159221e+03 1.378013e+04 -4.827556e+02 8.479496e-01 -1.508476e+01
9.154901924589144 -3.951052e+03 1.161427e+03 1.377993e+04 -3.468271e+03 1.160548e+03 1.379505e+04 -4.827816e+02 8.784803e-01 -1.511659e+01
9.171058696941163 -3.952018e+03 1.167085e+03 1.378544e+04 -3.469216e+03 1.166220e+03 1.380055e+04 -4.828025e+02 8.646897e-01 -1.511688e+01
9.187162484932406 -3.954511e+03 1.170918e+03 1.377810e+04 -3.471671e+03 1.170063e+03 1.379319e+04 -4.828399e+02 8.548776e-01 -1.508998e+01
9.203455129719723 -3.944244e+03 1.173457e+03 1.376476e+04 -3.461369e+03 1.172612e+03 1.377980e+04 -4.828750e+02 8.447070e-01 -1.504678e+01
9.219696450480608 -3.945337e+03 1.156382e+03 1.376861e+04 -3.462435e+03 1.155545e+03 1.378364e+04 -4.829022e+02 8.368700e-01 -1.502367e+01
9.236097647800412 -3.949664e+03 1.162867e+03 1.376954e+04 -3.466753e+03 1.162061e+03 1.378456e+04 -4.829110e+02 8.065942e-01 -1.502137e+01
9.25259987131987 -3.944975e+03 1.168503e+03 1.376780e+04 -3.462002e+03 1.167704e+03 1.378282e+04 -4.829728e+02 7.985651e-01 -1.502234e+01
9.268986108972717 -3.940604e+03 1.164332e+03 1.376105e+04 -3.457634e+03 1.163545e+03 1.377606e+04 -4.829697e+02 7.864790e-01 -1.501716e+01
9.285240222039027 -3.946910e+03 1.155302e+03 1.376068e+04 -3.463956e+03 1.154502e+03 1.377571e+04 -4.829532e+02 7.998800e-01 -1.503268e+01
9.301348530344329 -3.942818e+03 1.155465e+03 1.376518e+04 -3.459851e+03 1.154659e+03 1.378021e+04 -4.829667e+02 8.054960e-01 -1.502935e+01
9.317576027519923 -3.947917e+03 1.161522e+03 1.375783e+04 -3.464914e+03 1.160692e+03 1.377285e+04 -4.830027e+02 8.305048e-01 -1.502101e+01
9.333929371339373 -3.948787e+03 1.155803e+03 1.376098e+04 -3.465680e+03 1.154947e+03 1.377597e+04 -4.831075e+02 8.556950e-01 -1.499549e+01
9.350340578463577 -3.951607e+03 1.164148e+03 1.376276e+04 -3.468381e+03 1.163256e+03 1.377774e+04 -4.832264e+02 8.917636e-01 -1.498050e+01
9.366660736209198 -3.948352e+03 1.153210e+03 1.376020e+04 -3.465025e+03 1.152301e+03 1.377515e+04 -4.833266e+02 9.090411e-01 -1.494404e+01
9.382866338790276 -3.944807e+03 1.151113e+03 1.374844e+04 -3.461358e+03 1.150167e+03 1.376335e+04 -4.834490e+02 9.458557e-01 -1.491387e+01
9.398943065981316 -3.943707e+03 1.151631e+03 1.374844e+04 -3.460122e+03 1.150637e+03 1.376333e+04 -4.835858e+02 9.937829e-01 -1.488878e+01
9.41482706732543 -3.946336e+03 1.144681e+03 1.375557e+04 -3.462611e+03 1.143645e+03 1.377044e+04 -4.837257e+02 1.036646e+00 -1.487457e+01
9.430722701051018 -3.946631e+03 1.141528e+03 1.375408e+04 -3.462821e+03 1.140455e+03 1.376894e+04 -4.838105e+02 1.073563e+00 -1.485178e+01
9.445869100038143 -3.942717e+03 1.144184e+03 1.374955e+04 -3.458873e+03 1.143072e+03 1.376437e+04 -4.838438e+02 1.111881e+00 -1.482243e+01
9.460953791418031 -3.944591e+03 1.142984e+03 1.375949e+04 -3.460737e+03 1.141837e+03 1.377430e+04 -4.838536e+02 1.147317e+00 -1.481447e+01
9.476113807585719 -3.946864e+03 1.143437e+03 1.375279e+04 -3.463016e+03 1.142260e+03 1.376760e+04 -4.838475e+02 1.176387e+00 -1.481434e+01
9.49124343518865 -3.944932e+03 1.145320e+03 1.375920e+04 -3.461162e+03 1.144140e+03 1.377402e+04 -4.837697e+02 1.180498e+00 -1.481973e+01
9.506385857614511 -3.946225e+03 1.142309e+03 1.375725e+04 -3.462517e+03 1.141128e+03 1.377206e+04 -4.837080e+02 1.180919e+00 -1.480874e+01
9.521751151022988 -3.948643e+03 1.147230e+03 1.376078e+04 -3.464993e+03 1.146048e+03 1.377558e+04 -4.836501e+02 1.182783e+00 -1.480244e+01
9.537287958993458 -3.950409e+03 1.151978e+03 1.376518e+04 -3.466777e+03 1.150791e+03 1.377998e+04 -4.836319e+02 1.187018e+00 -1.479330e+01
9.553071112070953 -3.951017e+03 1.147914e+03 1.376730e+04 -3.467380e+03 1.146719e+03 1.378207e+04 -4.836363e+02 1.195915e+00 -1.477123e+01
9.568987852596226 -3.955109e+03 1.138379e+03 1.378121e+04 -3.471480e+03 1.137144e+03 1.379597e+04 -4.836290e+02 1.234115e+00 -1.476728e+01
9.58473777824374 -3.947873e+03 1.139363e+03 1.377059e+04 -3.464234e+03 1.138095e+03 1.378532e+04 -4.836385e+02 1.268218e+00 -1.473001e+01
9.600456132028828 -3.950113e+03 1.139539e+03 1.376525e+04 -3.466486e+03 1.138238e+03 1.377995e+04 -4.836278e+02 1.301635e+00 -1.470587e+01
9.616117687374111 -3.949421e+03 1.145563e+03 1.377380e+04 -3.465748e+03 1.144209e+03 1.378849e+04 -4.836733e+02 1.353961e+00 -1.469399e+01
9.631793750772889 -3.953970e+03 1.144340e+03 1.378666e+04 -3.470212e+03 1.142935e+03 1.380136e+04 -4.837580e+02 1.404683e+00 -1.469490e+01
9.647481875964253 -3.949473e+03 1.144153e+03 1.377229e+04 -3.465626e+03 1.142703e+03 1.378697e+04 -4.838470e+02 1.449670e+00 -1.467558e+01
9.663166707100006 -3.955830e+03 1.144069e+03 1.377554e+04 -3.471864e+03 1.142569e+03 1.379022e+04 -4.839663e+02 1.500352e+00 -1.468215e+01
9.678698672992802 -3.947699e+03 1.154229e+03 1.375293e+04 -3.463642e+03 1.152676e+03 1.376763e+04 -4.840573e+02 1.552768e+00 -1.470159e+01
9.694317254478797 -3.954202e+03 1.145114e+03 1.376731e+04 -3.470058e+03 1.143489e+03 1.378205e+04 -4.841446e+02 1.624692e+00 -1.473907e+01
9.710058601267464 -3.948705e+03 1.144947e+03 1.376201e+04 -3.464467e+03 1.143244e+03 1.377682e+04 -4.842380e+02 1.703136e+00 -1.480394e+01
9.725846066309204 -3.959130e+03 1.153681e+03 1.377809e+04 -3.474772e+03 1.151926e+03 1.379296e+04 -4.843580e+02 1.755295e+00 -1.486363e+01
9.741670798562984 -3.956534e+03 1.151212e+03 1.376775e+04 -3.472067e+03 1.149439e+03 1.378264e+04 -4.844675e+02 1.772645e+00 -1.489183e+01
9.757447888227443 -3.950039e+03 1.150626e+03 1.374375e+04 -3.465489e+03 1.148844e+03 1.375865e+04 -4.845502e+02 1.782023e+00 -1.489388e+01
9.773175122416623 -3.954652e+03 1.139361e+03 1.376697e+04 -3.470069e+03 1.137586e+03 1.378185e+04 -4.845827e+02 1.775055e+00 -1.488812e+01
9.789035662087153 -3.951705e+03 1.144871e+03 1.376123e+04 -3.467130e+03 1.143117e+03 1.377612e+04 -4.845748e+02 1.753682e+00 -1.488945e+01
9.804982532753773 -3.953398e+03 1.148771e+03 1.376762e+04 -3.468850e+03 1.147051e+03 1.378251e+04 -4.845476e+02 1.720251e+00 -1.489239e+01
9.820921646993764 -3.950614e+03 1.145262e+03 1.376354e+04 -3.466153e+03 1.143591e+03 1.377842e+04 -4.844610e+02 1.670913e+00 -1.488188e+01
9.83683307832111 -3.952675e+03 1.147524e+03 1.376604e+04 -3.468345e+03 1.145900e+03 1.378091e+04 -4.843295e+02 1.623932e+00 -1.487432e+01
9.852838772210562 -3.947000e+03 1.153784e+03 1.375808e+04 -3.462841e+03 1.152199e+03 1.377297e+04 -4.841584e+02 1.585192e+00 -1.489474e+01
9.86889645417458 -3.948351e+03 1.147522e+03 1.376282e+04 -3.464443e+03 1.145996e+03 1.377774e+04 -4.839078e+02 1.525436e+00 -1.492668e+01
9.884998604951658 -3.954768e+03 1.154221e+03 1.377156e+04 -3.471139e+03 1.152756e+03 1.378652e+04 -4.836286e+02 1.465104e+00 -1.495409e+01
9.901368123394748 -3.951104e+03 1.149434e+03 1.376990e+04 -3.467722e+03 1.148042e+03 1.378486e+04 -4.833818e+02 1.391720e+00 -1.495388e+01
9.917551167082031 -3.956375e+03 1.163081e+03 1.377520e+04 -3.473204e+03 1.161778e+03 1.379013e+04 -4.831714e+02 1.303091e+00 -1.493199e+01
9.933622028413241 -3.948572e+03 1.144879e+03 1.375094e+04 -3.465626e+03 1.143637e+03 1.376584e+04 -4.829458e+02 1.241780e+00 -1.489925e+01
9.949593322507383 -3.950515e+03 1.140489e+03 1.376653e+04 -3.467758e+03 1.139277e+03 1.378142e+04 -4.827570e+02 1.212103e+00 -1.489428e+01
9.965530528334583 -3.952022e+03 1.144516e+03 1.377807e+04 -3.469421e+03 1.143329e+03 1.379292e+04 -4.826011e+02 1.187377e+00 -1.485652e+01
9.981539578481604 -3.952319e+03 1.150600e+03 1.375771e+04 -3.469773e+03 1.149398e+03 1.377251e+04 -4.825456e+02 1.202001e+00 -1.480365e+01
9.997556666382723 -3.952501e+03 1.137359e+03 1.376279e+04 -3.469995e+03 1.136135e+03 1.377753e+04 -4.825055e+02 1.223215e+00 -1.473306e+01
10.01364758150782 -3.953121e+03 1.142816e+03 1.375348e+04 -3.470627e+03 1.141559e+03 1.376813e+04 -4.824937e+02 1.256509e+00 -1.465467e+01
10.02985582745915 -3.951665e+03 1.147804e+03 1.375280e+04 -3.469190e+03 1.146507e+03 1.376741e+04 -4.824753e+02 1.296570e+00 -1.461366e+01
10.04594172721773 -3.952384e+03 1.147546e+03 1.374809e+04 -3.469895e+03 1.146240e+03 1.376264e+04 -4.824892e+02 1.305256e+00 -1.455340e+01
10.0619352390554 -3.955068e+03 1.138061e+03 1.376472e+04 -3.472553e+03 1.136751e+03 1.377922e+04 -4.825146e+02 1.309927e+00 -1.450730e+01
10.07766952783538 -3.953347e+03 1.142501e+03 1.375326e+04 -3.470814e+03 1.141191e+03 1.376772e+04 -4.825323e+02 1.310166e+00 -1.446628e+01
10.09346393645507 -3.949701e+03 1.146627e+03 1.374045e+04 -3.467173e+03 1.145313e+03 1.375490e+04 -4.825278e+02 1.313225e+00 -1.444638e+01
10.10927368304728 -3.948535e+03 1.140372e+03 1.374879e+04 -3.465996e+03 1.139053e+03 1.376322e+04 -4.825385e+02 1.319039e+00 -1.443036e+01
10.12503506966335 -3.953077e+03 1.142846e+03 1.376368e+04 -3.470554e+03 1.141534e+03 1.377810e+04 -4.825222e+02 1.312341e+00 -1.442195e+01
10.140701175962603 -3.951281e+03 1.132131e+03 1.376480e+04 -3.468768e+03 1.130812e+03 1.377924e+04 -4.825133e+02 1.319052e+00 -1.443292e+01
10.156303652829882 -3.950014e+03 1.145167e+03 1.376025e+04 -3.467521e+03 1.143833e+03 1.377470e+04 -4.824930e+02 1.333943e+00 -1.444879e+01
10.171929093108442 -3.951716e+03 1.135981e+03 1.375835e+04 -3.469263e+03 1.134638e+03 1.377282e+04 -4.824532e+02 1.342960e+00 -1.446551e+01
10.187769222233765 -3.953301e+03 1.136855e+03 1.376981e+04 -3.470887e+03 1.135502e+03 1.378429e+04 -4.824138e+02 1.353614e+00 -1.448512e+01
10.203608485810721 -3.953790e+03 1.144882e+03 1.375780e+04 -3.471380e+03 1.143518e+03 1.377231e+04 -4.824101e+02 1.363710e+00 -1.450941e+01
10.219351689551571 -3.948762e+03 1.149159e+03 1.376153e+04 -3.466380e+03 1.147797e+03 1.377607e+04 -4.823817e+02 1.362137e+00 -1.453096e+01
10.23509869388934 -3.956042e+03 1.143946e+03 1.376494e+04 -3.473660e+03 1.142574e+03 1.377949e+04 -4.823819e+02 1.371427e+00 -1.455170e+01
10.250791386229322 -3.953336e+03 1.145864e+03 1.376622e+04 -3.470962e+03 1.144462e+03 1.378079e+04 -4.823732e+02 1.402230e+00 -1.457350e+01
10.266464629174443 -3.954123e+03 1.148317e+03 1.376514e+04 -3.471744e+03 1.146899e+03 1.377974e+04 -4.823791e+02 1.417129e+00 -1.459957e+01
10.282247703946801 -3.956549e+03 1.147674e+03 1.376568e+04 -3.474157e+03 1.146234e+03 1.378030e+04 -4.823914e+02 1.439617e+00 -1.461918e+01
10.298000770045162 -3.952637e+03 1.138846e+03 1.375905e+04 -3.470224e+03 1.137374e+03 1.377368e+04 -4.824126e+02 1.472583e+00 -1.463043e+01
10.313703136968714 -3.954618e+03 1.143944e+03 1.375688e+04 -3.472175e+03 1.142432e+03 1.377152e+04 -4.824432e+02 1.511959e+00 -1.463694e+01
10.329443465401638 -3.950421e+03 1.140794e+03 1.376376e+04 -3.467908e+03 1.139236e+03 1.377840e+04 -4.825130e+02 1.558053e+00 -1.463701e+01
10.345246979618771 -3.959601e+03 1.155851e+03 1.377958e+04 -3.476992e+03 1.154261e+03 1.379419e+04 -4.826092e+02 1.590085e+00 -1.461253e+01
10.361048902049669 -3.949922e+03 1.146748e+03 1.375276e+04 -3.467206e+03 1.145107e+03 1.376734e+04 -4.827161e+02 1.640370e+00 -1.457559e+01
10.376813090549618 -3.949791e+03 1.135391e+03 1.376258e+04 -3.467000e+03 1.133713e+03 1.377714e+04 -4.827913e+02 1.678330e+00 -1.455718e+01
10.392436060216253 -3.955289e+03 1.148202e+03 1.377877e+04 -3.472411e+03 1.146460e+03 1.379334e+04 -4.828778e+02 1.741455e+00 -1.457093e+01
10.408067947854681 -3.957109e+03 1.148299e+03 1.378659e+04 -3.474190e+03 1.146521e+03 1.380117e+04 -4.829192e+02 1.778001e+00 -1.457748e+01
10.423671990965572 -3.954265e+03 1.152844e+03 1.376178e+04 -3.471333e+03 1.151051e+03 1.377636e+04 -4.829315e+02 1.792525e+00 -1.457774e+01
10.439455701623116 -3.951356e+03 1.151531e+03 1.377445e+04 -3.468476e+03 1.149758e+03 1.378902e+04 -4.828798e+02 1.773219e+00 -1.456876e+01
10.455193313192916 -3.954334e+03 1.159094e+03 1.377073e+04 -3.471497e+03 1.157350e+03 1.378531e+04 -4.828364e+02 1.744422e+00 -1.457980e+01
10.470752720139796 -3.956178e+03 1.152931e+03 1.378173e+04 -3.473399e+03 1.151231e+03 1.379631e+04 -4.827796e+02 1.700277e+00 -1.457671e+01
10.486594164719772 -3.950978e+03 1.165085e+03 1.375766e+04 -3.468258e+03 1.163427e+03 1.377226e+04 -4.827195e+02 1.658101e+00 -1.459747e+01
10.502380472029065 -3.949532e+03 1.158800e+03 1.375121e+04 -3.466900e+03 1.157194e+03 1.376585e+04 -4.826324e+02 1.605998e+00 -1.463771e+01
10.518470620019176 -3.945630e+03 1.154305e+03 1.375494e+04 -3.463087e+03 1.152721e+03 1.376964e+04 -4.825436e+02 1.584887e+00 -1.470936e+01
10.534524200849107 -3.949435e+03 1.158710e+03 1.376130e+04 -3.466938e+03 1.157117e+03 1.377608e+04 -4.824969e+02 1.592370e+00 -1.477657e+01
10.5506637545658 -3.949672e+03 1.159644e+03 1.376241e+04 -3.467192e+03 1.158055e+03 1.377724e+04 -4.824806e+02 1.589834e+00 -1.483079e+01
10.566654700296057 -3.955394e+03 1.154443e+03 1.376456e+04 -3.472914e+03 1.152853e+03 1.377941e+04 -4.824798e+02 1.589368e+00 -1.485631e+01
10.582645525424626 -3.952104e+03 1.157459e+03 1.376036e+04 -3.469628e+03 1.155875e+03 1.377523e+04 -4.824766e+02 1.584185e+00 -1.486170e+01
10.598650707936548 -3.954171e+03 1.159545e+03 1.377025e+04 -3.471687e+03 1.157984e+03 1.378507e+04 -4.824837e+02 1.560851e+00 -1.482101e+01
10.614699566569056 -3.954444e+03 1.164866e+03 1.374886e+04 -3.471938e+03 1.163340e+03 1.376363e+04 -4.825055e+02 1.525759e+00 -1.476270e+01
10.630733993199955 -3.949030e+03 1.162183e+03 1.374820e+04 -3.466479e+03 1.160673e+03 1.376295e+04 -4.825502e+02 1.510157e+00 -1.474439e+01
10.646929540990781 -3.951628e+03 1.155032e+03 1.375545e+04 -3.469021e+03 1.153524e+03 1.377020e+04 -4.826071e+02 1.507375e+00 -1.474980e+01
10.662777009301522 -3.951477e+03 1.153544e+03 1.376218e+04 -3.468795e+03 1.152024e+03 1.377695e+04 -4.826820e+02 1.519681e+00 -1.477209e+01
10.678504353535496 -3.954718e+03 1.153769e+03 1.377014e+04 -3.471971e+03 1.152230e+03 1.378496e+04 -4.827462e+02 1.539051e+00 -1.481480e+01
10.694202300615585 -3.949444e+03 1.166943e+03 1.376468e+04 -3.466612e+03 1.165398e+03 1.377953e+04 -4.828323e+02 1.544792e+00 -1.484694e+01
10.709755144952988 -3.953985e+03 1.157805e+03 1.376500e+04 -3.471093e+03 1.156240e+03 1.377986e+04 -4.828913e+02 1.564659e+00 -1.485513e+01
10.725472081765759 -3.956021e+03 1.146574e+03 1.378266e+04 -3.473147e+03 1.145018e+03 1.379751e+04 -4.828738e+02 1.556217e+00 -1.485432e+01
10.741324736036788 -3.954395e+03 1.157495e+03 1.377284e+04 -3.471611e+03 1.155959e+03 1.378768e+04 -4.827846e+02 1.535758e+00 -1.483741e+01
10.757053693601254 -3.946219e+03 1.163458e+03 1.375597e+04 -3.463536e+03 1.161939e+03 1.377077e+04 -4.826835e+02 1.518148e+00 -1.479953e+01
10.772921014118891 -3.949517e+03 1.159738e+03 1.376428e+04 -3.466951e+03 1.158240e+03 1.377904e+04 -4.825660e+02 1.497882e+00 -1.475984e+01
10.789024904654514 -3.958236e+03 1.159691e+03 1.378598e+04 -3.475814e+03 1.158226e+03 1.380067e+04 -4.824219e+02 1.464909e+00 -1.469702e+01
10.805371511612217 -3.950519e+03 1.151758e+03 1.376484e+04 -3.468227e+03 1.150290e+03 1.377947e+04 -4.822922e+02 1.468870e+00 -1.463283e+01
10.821598727431869 -3.948072e+03 1.149462e+03 1.377331e+04 -3.465889e+03 1.147954e+03 1.378789e+04 -4.821838e+02 1.508803e+00 -1.457926e+01
10.837332139625778 -3.953005e+03 1.157108e+03 1.377223e+04 -3.470908e+03 1.155537e+03 1.378677e+04 -4.820963e+02 1.570269e+00 -1.453711e+01
10.853454093980309 -3.954873e+03 1.164259e+03 1.378423e+04 -3.472879e+03 1.162617e+03 1.379874e+04 -4.819939e+02 1.641498e+00 -1.451306e+01
10.86967365782353 -3.954814e+03 1.152081e+03 1.379469e+04 -3.472900e+03 1.150379e+03 1.380914e+04 -4.819135e+02 1.702097e+00 -1.444780e+01
10.885760566023539 -3.950799e+03 1.157326e+03 1.378220e+04 -3.468981e+03 1.155577e+03 1.379657e+04 -4.818180e+02 1.749531e+00 -1.437228e+01
10.901926886185258 -3.962705e+03 1.154869e+03 1.380281e+04 -3.480972e+03 1.153091e+03 1.381709e+04 -4.817329e+02 1.777555e+00 -1.428057e+01
10.918158351192499 -3.947397e+03 1.158851e+03 1.377442e+04 -3.465745e+03 1.157036e+03 1.378863e+04 -4.816524e+02 1.814697e+00 -1.420436e+01
10.934338976264586 -3.956762e+03 1.150361e+03 1.377862e+04 -3.475162e+03 1.148491e+03 1.379279e+04 -4.816005e+02 1.869735e+00 -1.416743e+01
10.950267054449847 -3.949154e+03 1.149513e+03 1.377346e+04 -3.467568e+03 1.147591e+03 1.378760e+04 -4.815861e+02 1.921886e+00 -1.413998e+01
10.966179050093741 -3.952481e+03 1.146128e+03 1.378052e+04 -3.470907e+03 1.144144e+03 1.379467e+04 -4.815743e+02 1.983386e+00 -1.415440e+01
10.981977391384943 -3.948993e+03 1.151873e+03 1.376677e+04 -3.467423e+03 1.149817e+03 1.378097e+04 -4.815704e+02 2.055669e+00 -1.419475e+01
10.997838760890604 -3.952729e+03 1.155475e+03 1.378051e+04 -3.471162e+03 1.153356e+03 1.379476e+04 -4.815665e+02 2.119333e+00 -1.425660e+01
