# Force       
0.443709       -7.513387e+02 1.600647e+02 6.557456e+03 -6.972442e+02 1.596914e+02 6.557884e+03 -5.409450e+01 3.732487e-01 -4.272509e-01
0.725999       -8.848850e+02 1.766360e+02 7.009593e+03 -8.347167e+02 1.775501e+02 7.008457e+03 -5.016823e+01 -9.141025e-01 1.136148e+00
1.028394       -9.408390e+02 1.777433e+02 7.596990e+03 -8.869788e+02 1.787981e+02 7.595668e+03 -5.386025e+01 -1.054789e+00 1.321389e+00
1.30976365     -9.890983e+02 1.194270e+02 8.469076e+03 -9.344585e+02 1.187607e+02 8.468122e+03 -5.463977e+01 6.663326e-01 9.536966e-01
1.61180076833  -1.046722e+03 1.727085e+02 8.941371e+03 -9.917582e+02 1.722693e+02 8.939762e+03 -5.496426e+01 4.391702e-01 1.608647e+00
1.901344435835 -1.100272e+03 2.478680e+02 9.806541e+03 -1.046269e+03 2.474441e+02 9.803993e+03 -5.400388e+01 4.239060e-01 2.547599e+00
2.196355374228689 -1.115607e+03 2.954581e+02 1.032490e+04 -1.061160e+03 2.944756e+02 1.032144e+04 -5.444645e+01 9.825437e-01 3.457018e+00
2.518990678167229 -1.058324e+03 2.539149e+02 1.012041e+04 -1.004890e+03 2.522419e+02 1.011705e+04 -5.343354e+01 1.672926e+00 3.359376e+00
2.829727750205853 -9.796713e+02 2.037903e+02 9.321284e+03 -9.296944e+02 2.023941e+02 9.318128e+03 -4.997689e+01 1.396147e+00 3.156398e+00
3.142448299553986 -9.509765e+02 1.986328e+02 8.770954e+03 -9.033375e+02 1.977961e+02 8.767532e+03 -4.763901e+01 8.367442e-01 3.422691e+00
3.451065411392461 -9.410578e+02 2.166241e+02 8.449657e+03 -8.914115e+02 2.153202e+02 8.446397e+03 -4.964629e+01 1.303915e+00 3.259560e+00
3.743548373895782 -9.167451e+02 2.060641e+02 8.592912e+03 -8.671884e+02 2.046416e+02 8.590152e+03 -4.955666e+01 1.422562e+00 2.759869e+00
4.045637971424184 -8.955767e+02 1.576151e+02 8.629859e+03 -8.443922e+02 1.563398e+02 8.627012e+03 -5.118443e+01 1.275300e+00 2.847757e+00
4.351561836171107 -9.037823e+02 1.714433e+02 8.696267e+03 -8.504600e+02 1.700026e+02 8.693431e+03 -5.332232e+01 1.440740e+00 2.835327e+00
4.668212654077795 -9.266276e+02 1.517895e+02 8.829374e+03 -8.719848e+02 1.501035e+02 8.826701e+03 -5.464280e+01 1.686022e+00 2.673121e+00
4.986444038141599 -9.516400e+02 1.471229e+02 8.876084e+03 -8.948695e+02 1.449934e+02 8.873779e+03 -5.677052e+01 2.129504e+00 2.305625e+00
5.300993299787666 -9.738488e+02 1.486181e+02 8.866284e+03 -9.165861e+02 1.462462e+02 8.864446e+03 -5.726271e+01 2.371867e+00 1.837572e+00
5.613327061286556 -9.928996e+02 1.579675e+02 9.001964e+03 -9.342376e+02 1.559911e+02 9.000158e+03 -5.866204e+01 1.976436e+00 1.805592e+00
5.915740788347653 -1.008037e+03 1.700690e+02 9.065111e+03 -9.477759e+02 1.681522e+02 9.063352e+03 -6.026068e+01 1.916710e+00 1.758726e+00
6.228273999568553 -1.010553e+03 1.794958e+02 9.189626e+03 -9.495441e+02 1.776160e+02 9.187526e+03 -6.100937e+01 1.879806e+00 2.100256e+00
6.536929609874699 -1.011837e+03 1.985390e+02 9.246365e+03 -9.506501e+02 1.968420e+02 9.243993e+03 -6.118686e+01 1.697091e+00 2.371366e+00
6.842902307377051 -1.010218e+03 1.910189e+02 9.243539e+03 -9.491175e+02 1.893483e+02 9.241197e+03 -6.110096e+01 1.670691e+00 2.342067e+00
7.13461037038078 -1.003663e+03 1.574010e+02 9.217372e+03 -9.416166e+02 1.555653e+02 9.214918e+03 -6.204659e+01 1.835655e+00 2.454030e+00
7.414228697819853 -1.011963e+03 1.476643e+02 9.255054e+03 -9.464752e+02 1.459023e+02 9.252493e+03 -6.548804e+01 1.762021e+00 2.560926e+00
7.684144015325901 -1.019683e+03 1.343525e+02 9.263532e+03 -9.502770e+02 1.319770e+02 9.261268e+03 -6.940579e+01 2.375500e+00 2.263466e+00
7.951938739544008 -1.027890e+03 1.393078e+02 9.299916e+03 -9.546814e+02 1.366219e+02 9.297659e+03 -7.320816e+01 2.685831e+00 2.256559e+00
8.220965766351748 -1.044945e+03 1.311217e+02 9.361963e+03 -9.686771e+02 1.283561e+02 9.359666e+03 -7.626775e+01 2.765609e+00 2.297348e+00
8.492158522221601 -1.061331e+03 1.302331e+02 9.487869e+03 -9.840489e+02 1.276290e+02 9.485315e+03 -7.728240e+01 2.604110e+00 2.554180e+00
8.761930387434331 -1.079205e+03 1.274319e+02 9.649106e+03 -1.001113e+03 1.251188e+02 9.646408e+03 -7.809211e+01 2.313092e+00 2.698023e+00
9.032516792901394 -1.094537e+03 1.168097e+02 9.828687e+03 -1.015704e+03 1.150620e+02 9.825715e+03 -7.883359e+01 1.747703e+00 2.971662e+00
9.301481834009941 -1.106949e+03 1.221445e+02 1.003109e+04 -1.026820e+03 1.206259e+02 1.002820e+04 -8.012908e+01 1.518634e+00 2.886907e+00
9.569640148517548 -1.116253e+03 1.141607e+02 1.023935e+04 -1.034425e+03 1.131223e+02 1.023626e+04 -8.182800e+01 1.038383e+00 3.092930e+00
9.836676184032369 -1.132851e+03 1.174614e+02 1.044795e+04 -1.049193e+03 1.167929e+02 1.044478e+04 -8.365758e+01 6.684738e-01 3.172336e+00
10.10296303518632 -1.147508e+03 1.178341e+02 1.066062e+04 -1.061262e+03 1.177022e+02 1.065741e+04 -8.624680e+01 1.319073e-01 3.207021e+00
10.368419646453882 -1.164898e+03 1.133541e+02 1.087412e+04 -1.075568e+03 1.133180e+02 1.087115e+04 -8.932924e+01 3.604752e-02 2.967712e+00
10.633899902870818 -1.183840e+03 1.190747e+02 1.110126e+04 -1.093012e+03 1.189466e+02 1.109833e+04 -9.082853e+01 1.280819e-01 2.926433e+00
10.899518048437486 -1.202396e+03 1.187361e+02 1.126841e+04 -1.110700e+03 1.186540e+02 1.126564e+04 -9.169640e+01 8.209416e-02 2.770270e+00
11.164503947792472 -1.216678e+03 1.156425e+02 1.144092e+04 -1.125785e+03 1.154001e+02 1.143829e+04 -9.089286e+01 2.423918e-01 2.629600e+00
11.428320168407646 -1.228154e+03 1.049218e+02 1.157040e+04 -1.138508e+03 1.048365e+02 1.156769e+04 -8.964549e+01 8.536076e-02 2.706422e+00
11.680958245598944 -1.235782e+03 9.742954e+01 1.164804e+04 -1.146987e+03 9.760003e+01 1.164535e+04 -8.879550e+01 -1.704913e-01 2.691781e+00
11.942978995936258 -1.237058e+03 9.719419e+01 1.170065e+04 -1.149449e+03 9.740317e+01 1.169797e+04 -8.760874e+01 -2.089741e-01 2.676578e+00
12.20474059292915 -1.240891e+03 9.132193e+01 1.171575e+04 -1.153971e+03 9.133879e+01 1.171312e+04 -8.691971e+01 -1.686269e-02 2.630758e+00
12.466964568396561 -1.237972e+03 9.395708e+01 1.172631e+04 -1.151421e+03 9.379809e+01 1.172366e+04 -8.655049e+01 1.589919e-01 2.650439e+00
12.730075451575248 -1.234635e+03 9.540584e+01 1.167891e+04 -1.148844e+03 9.520327e+01 1.167633e+04 -8.579096e+01 2.025729e-01 2.582998e+00
12.993214396935221 -1.221878e+03 8.679667e+01 1.161848e+04 -1.137686e+03 8.652306e+01 1.161586e+04 -8.419192e+01 2.736096e-01 2.618973e+00
13.255921938401912 -1.213087e+03 9.034477e+01 1.154774e+04 -1.129896e+03 9.009207e+01 1.154504e+04 -8.319127e+01 2.526965e-01 2.705034e+00
13.518168646270308 -1.204058e+03 8.539559e+01 1.146559e+04 -1.120608e+03 8.512580e+01 1.146289e+04 -8.345065e+01 2.697889e-01 2.702897e+00
13.782100463712048 -1.195006e+03 7.932169e+01 1.139002e+04 -1.110394e+03 7.899782e+01 1.138735e+04 -8.461175e+01 3.238657e-01 2.667909e+00
14.045683458123548 -1.188804e+03 8.338163e+01 1.132498e+04 -1.103138e+03 8.291009e+01 1.132241e+04 -8.566600e+01 4.715370e-01 2.572075e+00
14.309638703524234 -1.184865e+03 8.074285e+01 1.127552e+04 -1.098694e+03 8.008413e+01 1.127308e+04 -8.617095e+01 6.587170e-01 2.436817e+00
14.575102269372687 -1.180713e+03 8.634726e+01 1.126736e+04 -1.094637e+03 8.552320e+01 1.126501e+04 -8.607647e+01 8.240575e-01 2.342640e+00
14.841659063970075 -1.175908e+03 9.536224e+01 1.127608e+04 -1.090487e+03 9.451908e+01 1.127376e+04 -8.542156e+01 8.431573e-01 2.324321e+00
15.108716922438351 -1.169703e+03 9.314231e+01 1.131359e+04 -1.084872e+03 9.233991e+01 1.131124e+04 -8.483087e+01 8.024018e-01 2.349306e+00
15.376335389098516 -1.167246e+03 9.221203e+01 1.138478e+04 -1.082846e+03 9.152175e+01 1.138230e+04 -8.439935e+01 6.902844e-01 2.487144e+00
15.64484183951666 -1.165213e+03 9.341504e+01 1.147921e+04 -1.080381e+03 9.279345e+01 1.147665e+04 -8.483216e+01 6.215906e-01 2.557281e+00
15.914100179931173 -1.165393e+03 9.786790e+01 1.160617e+04 -1.080166e+03 9.717041e+01 1.160364e+04 -8.522691e+01 6.974891e-01 2.533808e+00
16.184149061464634 -1.167713e+03 9.952425e+01 1.175553e+04 -1.082566e+03 9.869069e+01 1.175299e+04 -8.514679e+01 8.335614e-01 2.537081e+00
16.454883299539549 -1.170375e+03 9.799514e+01 1.191077e+04 -1.085302e+03 9.712734e+01 1.190822e+04 -8.507240e+01 8.678071e-01 2.545823e+00
16.726127060061952 -1.175037e+03 1.055633e+02 1.208753e+04 -1.090124e+03 1.047165e+02 1.208496e+04 -8.491299e+01 8.468620e-01 2.573505e+00
16.997751685107339 -1.182358e+03 1.034255e+02 1.226047e+04 -1.097609e+03 1.025214e+02 1.225788e+04 -8.474873e+01 9.040696e-01 2.584735e+00
17.2699273019661881 -1.184799e+03 1.072491e+02 1.243615e+04 -1.100184e+03 1.063089e+02 1.243355e+04 -8.461474e+01 9.402263e-01 2.603167e+00
17.5427136080622823 -1.185829e+03 1.097334e+02 1.259520e+04 -1.101516e+03 1.087930e+02 1.259258e+04 -8.431320e+01 9.404409e-01 2.625717e+00
17.8159484125471721 -1.185444e+03 1.061274e+02 1.273956e+04 -1.101309e+03 1.052579e+02 1.273695e+04 -8.413531e+01 8.694688e-01 2.615502e+00
18.0895116451804441 -1.188923e+03 1.057280e+02 1.287236e+04 -1.104603e+03 1.049342e+02 1.286977e+04 -8.431981e+01 7.938240e-01 2.587942e+00
18.3634248118921377 -1.192000e+03 1.035216e+02 1.298487e+04 -1.107793e+03 1.027639e+02 1.298228e+04 -8.420696e+01 7.577871e-01 2.588124e+00
18.6373138953489885 -1.193787e+03 1.017558e+02 1.307283e+04 -1.109618e+03 1.009408e+02 1.307032e+04 -8.416921e+01 8.149336e-01 2.517733e+00
18.9113437724077365 -1.195562e+03 1.029258e+02 1.314767e+04 -1.111479e+03 1.021264e+02 1.314528e+04 -8.408322e+01 7.994121e-01 2.388763e+00
19.1855489481009727 -1.197012e+03 9.382389e+01 1.319576e+04 -1.112939e+03 9.303488e+01 1.319338e+04 -8.407287e+01 7.890052e-01 2.385072e+00
19.459614022162885 -1.198466e+03 1.012540e+02 1.324231e+04 -1.113698e+03 1.004990e+02 1.324001e+04 -8.476765e+01 7.550514e-01 2.303015e+00
19.7336571425662903 -1.199672e+03 9.892588e+01 1.328329e+04 -1.115073e+03 9.823824e+01 1.328106e+04 -8.459945e+01 6.876318e-01 2.227063e+00
20.0079322302245579 -1.199816e+03 9.813422e+01 1.330933e+04 -1.114942e+03 9.751471e+01 1.330709e+04 -8.487470e+01 6.195094e-01 2.239595e+00
20.2819183423673834 -1.200004e+03 9.769541e+01 1.334831e+04 -1.114384e+03 9.717325e+01 1.334622e+04 -8.562057e+01 5.221615e-01 2.096406e+00
20.5555657373031302 -1.199397e+03 9.595713e+01 1.338423e+04 -1.113194e+03 9.562482e+01 1.338231e+04 -8.620320e+01 3.323147e-01 1.919042e+00
20.8290889583155163 -1.200717e+03 9.824384e+01 1.341546e+04 -1.113263e+03 9.799521e+01 1.341373e+04 -8.745411e+01 2.486283e-01 1.730250e+00
21.1027865613359644 -1.201288e+03 1.006513e+02 1.347805e+04 -1.111831e+03 1.004063e+02 1.347648e+04 -8.945713e+01 2.450392e-01 1.570203e+00
21.3770138703887582 -1.199793e+03 9.699774e+01 1.353931e+04 -1.109256e+03 9.684291e+01 1.353785e+04 -9.053727e+01 1.548308e-01 1.455846e+00
21.6516357171270855 -1.198170e+03 9.691399e+01 1.361074e+04 -1.107049e+03 9.695612e+01 1.360927e+04 -9.112018e+01 -4.212677e-02 1.467132e+00
21.9262712671500779 -1.196149e+03 9.748797e+01 1.367707e+04 -1.104885e+03 9.748204e+01 1.367566e+04 -9.126307e+01 5.935507e-03 1.402775e+00
22.2006179274098585 -1.197513e+03 9.490339e+01 1.376394e+04 -1.105410e+03 9.480410e+01 1.376257e+04 -9.210340e+01 9.929064e-02 1.368730e+00
22.4639172048856146 -1.199756e+03 9.402000e+01 1.383900e+04 -1.107313e+03 9.374928e+01 1.383776e+04 -9.244299e+01 2.707238e-01 1.235012e+00
22.7391893559704421 -1.201023e+03 9.575311e+01 1.392859e+04 -1.108189e+03 9.527472e+01 1.392746e+04 -9.283446e+01 4.783895e-01 1.134497e+00
23.0143060359798106 -1.201474e+03 9.313235e+01 1.400421e+04 -1.108373e+03 9.226100e+01 1.400322e+04 -9.310150e+01 8.713534e-01 9.909192e-01
23.2887377843566696 -1.203842e+03 1.011209e+02 1.408372e+04 -1.110782e+03 9.992211e+01 1.408282e+04 -9.305949e+01 1.198743e+00 8.971662e-01
23.5641625547880729 -1.202728e+03 9.902682e+01 1.414354e+04 -1.110037e+03 9.759776e+01 1.414283e+04 -9.269153e+01 1.429054e+00 7.113224e-01
23.8403084876241422 -1.202155e+03 1.016266e+02 1.419686e+04 -1.110208e+03 9.995838e+01 1.419619e+04 -9.194692e+01 1.668208e+00 6.725041e-01
24.1162290234667509 -1.199569e+03 1.027015e+02 1.421792e+04 -1.108334e+03 1.008346e+02 1.421728e+04 -9.123552e+01 1.866940e+00 6.415854e-01
24.3926708323707295 -1.199233e+03 1.051915e+02 1.423146e+04 -1.108870e+03 1.033153e+02 1.423091e+04 -9.036287e+01 1.876252e+00 5.550337e-01
24.6701488910718929 -1.198229e+03 9.821040e+01 1.420640e+04 -1.108569e+03 9.634047e+01 1.420588e+04 -8.965929e+01 1.869933e+00 5.210059e-01
24.9483834109120117 -1.198942e+03 9.204722e+01 1.419281e+04 -1.109688e+03 9.028646e+01 1.419219e+04 -8.925403e+01 1.760760e+00 6.169109e-01
25.2268981085100172 -1.195231e+03 8.645586e+01 1.414535e+04 -1.106323e+03 8.477923e+01 1.414470e+04 -8.890749e+01 1.676624e+00 6.531025e-01
25.5060197603200365 -1.193808e+03 9.148126e+01 1.412081e+04 -1.104947e+03 8.993689e+01 1.412022e+04 -8.886107e+01 1.544370e+00 5.964742e-01
25.7861139639596004 -1.193929e+03 8.825163e+01 1.405893e+04 -1.105100e+03 8.682718e+01 1.405844e+04 -8.882966e+01 1.424444e+00 4.847522e-01
26.0662873910388733 -1.191853e+03 9.221078e+01 1.404838e+04 -1.103067e+03 9.085854e+01 1.404795e+04 -8.878574e+01 1.352236e+00 4.347473e-01
26.346737243178648 -1.191877e+03 8.361595e+01 1.400925e+04 -1.102711e+03 8.238428e+01 1.400873e+04 -8.916611e+01 1.231664e+00 5.160032e-01
26.6278487021013888 -1.192368e+03 9.204285e+01 1.400995e+04 -1.102604e+03 9.076552e+01 1.400948e+04 -8.976384e+01 1.277329e+00 4.730690e-01
26.9098105754930437 -1.193028e+03 9.878216e+01 1.401792e+04 -1.102829e+03 9.750703e+01 1.401754e+04 -9.019890e+01 1.275126e+00 3.833285e-01
27.1917660744411336 -1.192265e+03 9.996561e+01 1.404622e+04 -1.102003e+03 9.873994e+01 1.404592e+04 -9.026211e+01 1.225674e+00 2.976708e-01
27.4732910502788421 -1.190025e+03 9.865408e+01 1.407832e+04 -1.100438e+03 9.764874e+01 1.407790e+04 -8.958687e+01 1.005344e+00 4.234792e-01
27.7557230251089599 -1.185079e+03 8.452225e+01 1.413941e+04 -1.096036e+03 8.386855e+01 1.413877e+04 -8.904310e+01 6.537022e-01 6.356628e-01
28.0392473031358804 -1.182687e+03 8.579240e+01 1.420932e+04 -1.094315e+03 8.532226e+01 1.420847e+04 -8.837162e+01 4.701353e-01 8.528648e-01
28.3233871278366927 -1.182127e+03 8.271053e+01 1.430503e+04 -1.093379e+03 8.236725e+01 1.430406e+04 -8.874873e+01 3.432784e-01 9.616733e-01
28.6070186474457273 -1.181487e+03 7.628911e+01 1.439910e+04 -1.092261e+03 7.588522e+01 1.439814e+04 -8.922516e+01 4.038851e-01 9.601704e-01
28.8901769409978044 -1.180800e+03 6.756049e+01 1.450597e+04 -1.091397e+03 6.713903e+01 1.450504e+04 -8.940258e+01 4.214603e-01 9.204765e-01
29.174191589828208 -1.182720e+03 7.537558e+01 1.461659e+04 -1.093008e+03 7.491413e+01 1.461570e+04 -8.971236e+01 4.614428e-01 8.964673e-01
29.4583709186146621 -1.182790e+03 8.184788e+01 1.473983e+04 -1.092730e+03 8.125238e+01 1.473895e+04 -9.005927e+01 5.955014e-01 8.829933e-01
29.7420110448049364 -1.183534e+03 8.309219e+01 1.484319e+04 -1.093274e+03 8.250007e+01 1.484229e+04 -9.026004e+01 5.921164e-01 8.975021e-01
30.026275637837383 -1.184911e+03 7.336075e+01 1.492924e+04 -1.094465e+03 7.289209e+01 1.492841e+04 -9.044565e+01 4.686621e-01 8.303550e-01
30.3111325667759992 -1.185994e+03 7.200436e+01 1.500296e+04 -1.095278e+03 7.157224e+01 1.500219e+04 -9.071563e+01 4.321241e-01 7.790189e-01
30.5958635500862499 -1.186132e+03 7.385631e+01 1.505643e+04 -1.095151e+03 7.345633e+01 1.505571e+04 -9.098064e+01 3.999769e-01 7.291470e-01
30.880697819148434 -1.187757e+03 7.935450e+01 1.508592e+04 -1.096737e+03 7.897350e+01 1.508527e+04 -9.101952e+01 3.809991e-01 6.481895e-01
31.1661792784425558 -1.189466e+03 7.558125e+01 1.510126e+04 -1.098298e+03 7.520331e+01 1.510060e+04 -9.116783e+01 3.779408e-01 6.639888e-01
31.452158119718824 -1.189134e+03 6.688646e+01 1.510258e+04 -1.097934e+03 6.650631e+01 1.510187e+04 -9.120006e+01 3.801487e-01 7.139901e-01
31.7381585487683537 -1.190742e+03 6.737859e+01 1.508302e+04 -1.099755e+03 6.694607e+01 1.508226e+04 -9.098697e+01 4.325217e-01 7.654057e-01
32.0240780412861028 -1.190683e+03 7.387365e+01 1.506637e+04 -1.099815e+03 7.326590e+01 1.506560e+04 -9.086839e+01 6.077574e-01 7.685504e-01
32.3103832955945052 -1.192665e+03 7.623403e+01 1.505223e+04 -1.101729e+03 7.558735e+01 1.505154e+04 -9.093624e+01 6.466799e-01 6.905112e-01
32.5958654436439303 -1.194559e+03 7.458854e+01 1.501852e+04 -1.103643e+03 7.395237e+01 1.501800e+04 -9.091610e+01 6.361702e-01 5.224771e-01
32.8812766305820361 -1.196255e+03 6.852342e+01 1.498530e+04 -1.105065e+03 6.798124e+01 1.498478e+04 -9.118971e+01 5.421759e-01 5.232648e-01
33.1668227693749316 -1.195616e+03 8.090576e+01 1.497093e+04 -1.104181e+03 8.038777e+01 1.497037e+04 -9.143557e+01 5.179894e-01 5.567771e-01
33.4526822520395868 -1.194554e+03 7.928416e+01 1.495339e+04 -1.103169e+03 7.872653e+01 1.495282e+04 -9.138467e+01 5.576290e-01 5.675383e-01
33.7271478357154066 -1.196142e+03 7.848528e+01 1.493738e+04 -1.104619e+03 7.784453e+01 1.493688e+04 -9.152333e+01 6.407471e-01 4.923935e-01
34.0133496846692651 -1.194224e+03 6.852140e+01 1.492100e+04 -1.102359e+03 6.792437e+01 1.492048e+04 -9.186539e+01 5.970336e-01 5.237982e-01
34.299232764437626 -1.194730e+03 6.794299e+01 1.492211e+04 -1.102447e+03 6.737879e+01 1.492165e+04 -9.228347e+01 5.642040e-01 4.578727e-01
34.585291510618454 -1.193268e+03 7.360730e+01 1.492476e+04 -1.100954e+03 7.305255e+01 1.492439e+04 -9.231404e+01 5.547487e-01 3.722283e-01
34.8722381283289664 -1.191962e+03 7.608982e+01 1.493407e+04 -1.099729e+03 7.544158e+01 1.493373e+04 -9.223275e+01 6.482468e-01 3.376027e-01
35.1597713024081742 -1.187408e+03 6.822779e+01 1.493953e+04 -1.095532e+03 6.755513e+01 1.493915e+04 -9.187626e+01 6.726584e-01 3.810793e-01
35.4476080154964208 -1.184956e+03 6.633823e+01 1.495553e+04 -1.093005e+03 6.565484e+01 1.495516e+04 -9.195011e+01 6.833902e-01 3.642290e-01
35.7354565809834028 -1.181741e+03 7.344328e+01 1.498094e+04 -1.089777e+03 7.268824e+01 1.498064e+04 -9.196376e+01 7.550449e-01 3.023218e-01
36.0233283523201706 -1.176220e+03 7.706204e+01 1.499394e+04 -1.084458e+03 7.632349e+01 1.499367e+04 -9.176234e+01 7.385554e-01 2.690141e-01
36.3112372037719879 -1.174295e+03 7.814405e+01 1.501256e+04 -1.082504e+03 7.744287e+01 1.501241e+04 -9.179113e+01 7.011742e-01 1.480063e-01
36.5995071873682818 -1.171363e+03 7.165055e+01 1.502762e+04 -1.079761e+03 7.102507e+01 1.502751e+04 -9.160221e+01 6.254750e-01 1.081903e-01
36.8880165777929037 -1.167632e+03 7.768806e+01 1.503998e+04 -1.075955e+03 7.713912e+01 1.503993e+04 -9.167683e+01 5.489343e-01 4.909353e-02
37.1765903602667507 -1.165324e+03 8.092067e+01 1.505314e+04 -1.073447e+03 8.046958e+01 1.505318e+04 -9.187682e+01 4.510848e-01 -3.954150e-02
37.4649934465039038 -1.162831e+03 8.335442e+01 1.506096e+04 -1.070307e+03 8.303418e+01 1.506106e+04 -9.252362e+01 3.202381e-01 -9.702530e-02
37.7536914293722461 -1.159846e+03 7.218041e+01 1.506210e+04 -1.066353e+03 7.194843e+01 1.506233e+04 -9.349293e+01 2.319795e-01 -2.249979e-01
38.0422611043911445 -1.159472e+03 7.308946e+01 1.506873e+04 -1.065169e+03 7.282996e+01 1.506909e+04 -9.430262e+01 2.594940e-01 -3.626142e-01
38.3306217251520138 -1.158693e+03 7.488978e+01 1.508221e+04 -1.064284e+03 7.464990e+01 1.508258e+04 -9.440927e+01 2.398813e-01 -3.661679e-01
38.6188551617346718 -1.157687e+03 7.720197e+01 1.509647e+04 -1.063246e+03 7.689875e+01 1.509687e+04 -9.444168e+01 3.032276e-01 -4.063817e-01
38.9068106286544122 -1.157254e+03 7.325072e+01 1.512089e+04 -1.062793e+03 7.287175e+01 1.512137e+04 -9.446072e+01 3.789665e-01 -4.750382e-01
39.1945237323805742 -1.157571e+03 6.738594e+01 1.514765e+04 -1.063146e+03 6.698543e+01 1.514815e+04 -9.442537e+01 4.005054e-01 -5.045712e-01
39.4819444302073492 -1.158154e+03 6.666998e+01 1.518253e+04 -1.063676e+03 6.630019e+01 1.518303e+04 -9.447809e+01 3.697938e-01 -5.000302e-01
39.7690401693056685 -1.161870e+03 7.368313e+01 1.522543e+04 -1.067284e+03 7.334901e+01 1.522591e+04 -9.458536e+01 3.341139e-01 -4.750652e-01
40.0559625337932275 -1.164482e+03 7.334587e+01 1.526779e+04 -1.069732e+03 7.296985e+01 1.526828e+04 -9.474973e+01 3.760197e-01 -4.863442e-01
40.3428230830057544 -1.167482e+03 6.991765e+01 1.531199e+04 -1.072650e+03 6.943060e+01 1.531253e+04 -9.483195e+01 4.870497e-01 -5.362692e-01
40.6298471889358552 -1.168216e+03 6.719627e+01 1.535743e+04 -1.073518e+03 6.657701e+01 1.535799e+04 -9.469831e+01 6.192606e-01 -5.602294e-01
40.9167426197406954 -1.171044e+03 7.506254e+01 1.539950e+04 -1.076566e+03 7.432953e+01 1.540008e+04 -9.447786e+01 7.330102e-01 -5.788508e-01
41.203578138170883 -1.171598e+03 7.484366e+01 1.544031e+04 -1.077359e+03 7.409596e+01 1.544089e+04 -9.423990e+01 7.476939e-01 -5.838401e-01
41.4903032400821701 -1.171968e+03 7.291617e+01 1.546657e+04 -1.078097e+03 7.220666e+01 1.546708e+04 -9.387101e+01 7.095063e-01 -5.177131e-01
41.7773011544119797 -1.172860e+03 6.737705e+01 1.548345e+04 -1.079214e+03 6.673925e+01 1.548389e+04 -9.364606e+01 6.377937e-01 -4.338688e-01
42.0644542101177663 -1.172341e+03 6.941938e+01 1.549377e+04 -1.078923e+03 6.883786e+01 1.549417e+04 -9.341867e+01 5.815179e-01 -4.014212e-01
42.3516247059916751 -1.172404e+03 7.644982e+01 1.549970e+04 -1.078914e+03 7.588568e+01 1.550013e+04 -9.348979e+01 5.641345e-01 -4.343476e-01
42.6389319221227936 -1.172052e+03 7.503406e+01 1.549277e+04 -1.078242e+03 7.454714e+01 1.549329e+04 -9.381093e+01 4.869264e-01 -5.228511e-01
42.9266401781056643 -1.171908e+03 7.073743e+01 1.547498e+04 -1.077684e+03 7.036192e+01 1.547551e+04 -9.422360e+01 3.755051e-01 -5.296203e-01
43.2147099067457106 -1.168618e+03 6.827834e+01 1.544490e+04 -1.074256e+03 6.799649e+01 1.544536e+04 -9.436159e+01 2.818568e-01 -4.543708e-01
43.5031137975492754 -1.165836e+03 7.127036e+01 1.541522e+04 -1.071553e+03 7.105047e+01 1.541563e+04 -9.428377e+01 2.198971e-01 -4.110314e-01
43.7910951490515856 -1.164157e+03 7.390945e+01 1.538102e+04 -1.069349e+03 7.380627e+01 1.538149e+04 -9.480806e+01 1.031741e-01 -4.717999e-01
44.0764597795154884 -1.160840e+03 7.089357e+01 1.534031e+04 -1.065623e+03 7.080158e+01 1.534091e+04 -9.521688e+01 9.198995e-02 -6.014577e-01
44.3654222797385245 -1.158423e+03 6.559890e+01 1.530245e+04 -1.062923e+03 6.549662e+01 1.530320e+04 -9.550020e+01 1.022748e-01 -7.518180e-01
44.6538335584385706 -1.154753e+03 7.122142e+01 1.526788e+04 -1.058883e+03 7.111312e+01 1.526877e+04 -9.587047e+01 1.083009e-01 -8.915487e-01
44.9436443604780678 -1.150726e+03 7.303903e+01 1.524355e+04 -1.054897e+03 7.292429e+01 1.524440e+04 -9.582903e+01 1.147462e-01 -8.482921e-01
45.2220357418597843 -1.148537e+03 7.669086e+01 1.522453e+04 -1.052586e+03 7.663454e+01 1.522541e+04 -9.595151e+01 5.631982e-02 -8.758271e-01
45.5121073248691772 -1.146063e+03 7.261418e+01 1.520195e+04 -1.049750e+03 7.256339e+01 1.520301e+04 -9.631259e+01 5.079267e-02 -1.058672e+00
45.8019645257315631 -1.143064e+03 7.507508e+01 1.518595e+04 -1.046604e+03 7.510081e+01 1.518708e+04 -9.646057e+01 -2.572812e-02 -1.134239e+00
46.0914819645254425 -1.139679e+03 8.017697e+01 1.517905e+04 -1.042681e+03 8.036169e+01 1.518019e+04 -9.699756e+01 -1.847176e-01 -1.141239e+00
46.3802641934409436 -1.138233e+03 8.360339e+01 1.518278e+04 -1.040648e+03 8.385669e+01 1.518401e+04 -9.758491e+01 -2.533069e-01 -1.237761e+00
46.6676108948531336 -1.136901e+03 8.215812e+01 1.518429e+04 -1.038690e+03 8.243055e+01 1.518565e+04 -9.821065e+01 -2.724290e-01 -1.360785e+00
46.950794699783863 -1.134551e+03 8.392746e+01 1.519451e+04 -1.035980e+03 8.418795e+01 1.519600e+04 -9.857068e+01 -2.604894e-01 -1.488956e+00
47.2260033638665959 -1.132958e+03 9.239873e+01 1.520611e+04 -1.034013e+03 9.273199e+01 1.520766e+04 -9.894423e+01 -3.332554e-01 -1.547752e+00
47.4951114685330325 -1.132532e+03 8.764035e+01 1.521763e+04 -1.033083e+03 8.810693e+01 1.521921e+04 -9.944860e+01 -4.665781e-01 -1.574133e+00
47.7666551886958572 -1.130813e+03 8.447406e+01 1.522668e+04 -1.030819e+03 8.505512e+01 1.522837e+04 -9.999414e+01 -5.810560e-01 -1.688118e+00
48.0390225810448612 -1.130357e+03 8.444858e+01 1.523788e+04 -1.030039e+03 8.509163e+01 1.523974e+04 -1.003179e+02 -6.430580e-01 -1.865261e+00
48.3119809468424251 -1.131808e+03 8.210077e+01 1.525168e+04 -1.031088e+03 8.272011e+01 1.525374e+04 -1.007200e+02 -6.193381e-01 -2.055341e+00
48.5854675955972226 -1.131264e+03 8.849681e+01 1.525680e+04 -1.030183e+03 8.910888e+01 1.525895e+04 -1.010805e+02 -6.120730e-01 -2.153020e+00
48.8596036093802653 -1.129979e+03 8.920265e+01 1.526590e+04 -1.028771e+03 8.986859e+01 1.526809e+04 -1.012077e+02 -6.659404e-01 -2.193046e+00
49.1341803415717706 -1.130720e+03 8.946134e+01 1.527729e+04 -1.029574e+03 9.023253e+01 1.527952e+04 -1.011458e+02 -7.711901e-01 -2.232041e+00
49.4087172228632241 -1.130225e+03 8.422539e+01 1.527812e+04 -1.029204e+03 8.507287e+01 1.528039e+04 -1.010207e+02 -8.474831e-01 -2.274847e+00
49.6833851557546851 -1.131788e+03 8.847734e+01 1.528059e+04 -1.030830e+03 8.941087e+01 1.528289e+04 -1.009588e+02 -9.335263e-01 -2.296150e+00
49.9583898481576441 -1.132945e+03 9.187208e+01 1.528451e+04 -1.031897e+03 9.287057e+01 1.528691e+04 -1.010477e+02 -9.984975e-01 -2.408290e+00
50.2331947329664459 -1.132909e+03 9.553152e+01 1.528199e+04 -1.031594e+03 9.654901e+01 1.528456e+04 -1.013159e+02 -1.017491e+00 -2.568349e+00
50.5076704967484318 -1.134765e+03 9.330273e+01 1.527415e+04 -1.033164e+03 9.434681e+01 1.527688e+04 -1.016019e+02 -1.044082e+00 -2.730056e+00
50.7820667377703643 -1.136566e+03 9.357854e+01 1.527121e+04 -1.034728e+03 9.473648e+01 1.527393e+04 -1.018383e+02 -1.157932e+00 -2.724086e+00
51.0566753899494685 -1.134415e+03 9.170983e+01 1.526757e+04 -1.032846e+03 9.306132e+01 1.526997e+04 -1.015695e+02 -1.351483e+00 -2.402190e+00
51.3310189344761554 -1.132428e+03 9.248818e+01 1.526060e+04 -1.031088e+03 9.415528e+01 1.526276e+04 -1.013404e+02 -1.667101e+00 -2.153198e+00
51.6052851511637769 -1.132404e+03 9.118999e+01 1.524950e+04 -1.031220e+03 9.305806e+01 1.525157e+04 -1.011841e+02 -1.868068e+00 -2.070043e+00
51.8791860738026713 -1.131760e+03 8.909615e+01 1.524598e+04 -1.030274e+03 9.112264e+01 1.524806e+04 -1.014865e+02 -2.026484e+00 -2.084108e+00
52.1529069707204087 -1.131550e+03 8.977403e+01 1.523808e+04 -1.029828e+03 9.192511e+01 1.524021e+04 -1.017218e+02 -2.151080e+00 -2.128981e+00
52.4267584718092294 -1.132086e+03 9.374460e+01 1.524615e+04 -1.030409e+03 9.600550e+01 1.524825e+04 -1.016766e+02 -2.260896e+00 -2.102374e+00
52.700738005134788 -1.130742e+03 9.645415e+01 1.523971e+04 -1.029394e+03 9.883128e+01 1.524179e+04 -1.013476e+02 -2.377130e+00 -2.079620e+00
52.9749274813924416 -1.130951e+03 9.409387e+01 1.524198e+04 -1.029887e+03 9.649849e+01 1.524403e+04 -1.010649e+02 -2.404617e+00 -2.048157e+00
53.2491362307986691 -1.129992e+03 9.185024e+01 1.523127e+04 -1.029215e+03 9.425631e+01 1.523324e+04 -1.007768e+02 -2.406071e+00 -1.973750e+00
53.5234824222351122 -1.127683e+03 9.304093e+01 1.522562e+04 -1.027169e+03 9.553995e+01 1.522754e+04 -1.005133e+02 -2.499025e+00 -1.913955e+00
53.797920401519157 -1.126286e+03 9.713592e+01 1.521398e+04 -1.025835e+03 9.979788e+01 1.521591e+04 -1.004516e+02 -2.661956e+00 -1.932754e+00
54.0723557652308457 -1.124701e+03 1.017385e+02 1.520455e+04 -1.023933e+03 1.044762e+02 1.520664e+04 -1.007677e+02 -2.737694e+00 -2.094893e+00
54.3468381951913528 -1.123383e+03 9.428962e+01 1.518728e+04 -1.022452e+03 9.696962e+01 1.518942e+04 -1.009308e+02 -2.680007e+00 -2.142706e+00
54.6214882309304386 -1.121259e+03 8.975161e+01 1.516862e+04 -1.020447e+03 9.245084e+01 1.517065e+04 -1.008119e+02 -2.699236e+00 -2.023994e+00
54.8961339726586814 -1.119239e+03 9.236510e+01 1.515259e+04 -1.018432e+03 9.510048e+01 1.515456e+04 -1.008069e+02 -2.735375e+00 -1.971328e+00
55.170858519893379 -1.119616e+03 9.793647e+01 1.514291e+04 -1.018697e+03 1.005940e+02 1.514504e+04 -1.009186e+02 -2.657541e+00 -2.125525e+00
55.4456686041811082 -1.117035e+03 9.538595e+01 1.512303e+04 -1.015866e+03 9.790688e+01 1.512533e+04 -1.011696e+02 -2.520925e+00 -2.295471e+00
55.7202359913431948 -1.114195e+03 9.155373e+01 1.510542e+04 -1.013062e+03 9.406187e+01 1.510764e+04 -1.011331e+02 -2.508143e+00 -2.219934e+00
55.9952789750191968 -1.112284e+03 9.252597e+01 1.509152e+04 -1.011003e+03 9.514009e+01 1.509365e+04 -1.012806e+02 -2.614122e+00 -2.131723e+00
